"STATION","DATE","LATITUDE","LONGITUDE","ELEVATION","NAME","CDSD","CDSD_ATTRIBUTES","CLDD","CLDD_ATTRIBUTES","DP01","DP01_ATTRIBUTES","DP10","DP10_ATTRIBUTES","DP1X","DP1X_ATTRIBUTES","DSND","DSND_ATTRIBUTES","DT00","DT00_ATTRIBUTES","DT32","DT32_ATTRIBUTES","DX32","DX32_ATTRIBUTES","DX70","DX70_ATTRIBUTES","DX90","DX90_ATTRIBUTES","DYNT","DYNT_ATTRIBUTES","DYSD","DYSD_ATTRIBUTES","DYXP","DYXP_ATTRIBUTES","DYXT","DYXT_ATTRIBUTES","EMNT","EMNT_ATTRIBUTES","EMSD","EMSD_ATTRIBUTES","EMXP","EMXP_ATTRIBUTES","EMXT","EMXT_ATTRIBUTES","HDSD","HDSD_ATTRIBUTES","HTDD","HTDD_ATTRIBUTES","PRCP","PRCP_ATTRIBUTES","TAVG","TAVG_ATTRIBUTES","TMAX","TMAX_ATTRIBUTES","TMIN","TMIN_ATTRIBUTES","WDFG","WDFG_ATTRIBUTES","WSFG","WSFG_ATTRIBUTES"
"CA006104142","2008-08","44.2167","-76.6","93.0","KINGSTON CLIMATE, ON CA","","","38.6",",C","11",",C","7",",C","0",",C","","","0",",C","0",",C","0",",C","27",",C","0",",C","20080826",",,C","","","20080805",",,C","20080818",",,C","8.1",",C,26,","","","21.1",",,C,05,","27.4",",C,18,","","","23.9",",C","67.6",",,,C","18.80",",C","23.71",",,,C","13.90",",,,C","","","",""
"CA006104142","2008-09","44.2167","-76.6","93.0","KINGSTON CLIMATE, ON CA","","","18.7",",C","10","1,C","6","1,C","0","1,C","","","0",",C","0",",C","0",",C","11",",C","0",",C","20080919",",,C","","","20080914",",1,C","20080914",",,C","2.8",",C,19,","","","20.4","1,,C,14,","27.8",",C,14,","","","101.5",",C","54.0","1,,,C","15.57",",C","20.52",",,,C","10.62",",,,C","","","",""
"CA006104142","2008-10","44.2167","-76.6","93.0","KINGSTON CLIMATE, ON CA","","","0.0","1,C","10","1,C","6","1,C","2","1,C","","","0","1,C","8","1,C","0","1,C","0","1,C","0","1,C","20081030",",1,C","","","20081025",",1,C","20081014",",1,C","-3.6","1,C,30,","","","50.0","1,,C,25,","20.2","1,C,14,","","","310.2","1,C","100.6","1,,,C","7.99","1,C","13.07","1,,,C","2.91","1,,,C","","","",""
"CA006104142","2008-11","44.2167","-76.6","93.0","KINGSTON CLIMATE, ON CA","","","0.0","1,C","9","1,C","7","1,C","0","1,C","","","0","1,C","17","1,C","4","1,C","0","1,C","0","1,C","20081123",",1,C","","","20081115",",1,C","20081106",",1,C","-11.9","1,C,23,","","","15.5","1,,C,15,","19.7","1,C,06,","","","444.2","1,C","66.6","1,,,C","3.02","1,C","6.59","1,,,C","-0.56","1,,,C","","","",""
"CA006104142","2008-12","44.2167","-76.6","93.0","KINGSTON CLIMATE, ON CA","","","0.0","3,C","11","3,C","8","3,C","0","3,C","","","4","3,C","24","3,C","14","3,C","0","3,C","0","3,C","20081213",",3,C","","","20081227",",3,C","20081228",",3,C","-20.0","3,C,13,","","","14.4","3,,C,27,","10.1","3,C,28,","","","626.3","3,C","61.7","3,,,C","-4.03","3,C","0.80","3,,,C","-8.86","3,,,C","","","",""
"CA006104142","2009-02","44.2167","-76.6","93.0","KINGSTON CLIMATE, ON CA","","","0.0","4,C","7","3,C","3","3,C","0","3,C","","","3","4,C","23","4,C","13","3,C","0","3,C","0","3,C","20090205",",4,C","","","20090211",",3,C","20090211",",3,C","-23.6","4,C,05,","","","18.7","3,,C,11,","7.0","3,C,11,","","","570.3","3,C","47.4","3,,,C","-5.41","4,C","-0.74","3,,,C","-10.08","4,,,C","","","",""
"CA006104142","2009-03","44.2167","-76.6","93.0","KINGSTON CLIMATE, ON CA","","","0.0","3,C","7","4,C","3","4,C","0","4,C","","","0","3,C","21","3,C","5","2,C","0","2,C","0","2,C","20090303",",3,C","","","20090329",",4,C","20090328",",2,C","-16.9","3,C,03,","","","15.0","4,,C,29,","13.6","2,C,28,","","","524.9","2,C","41.5","4,,,C","-0.43","3,C","4.49","2,,,C","-5.34","3,,,C","","","",""
"CA006104142","2009-04","44.2167","-76.6","93.0","KINGSTON CLIMATE, ON CA","","","0.0","1,C","12","1,C","8","1,C","1","1,C","","","0","1,C","9","1,C","0","1,C","2","1,C","0","1,C","20090413",",1,C","","","20090403",",1,C","20090427",",1,C","-4.6","1,C,13,","","","35.2","1,,C,03,","24.7","1,C,27,","","","337.3","1,C","102.3","1,,,C","6.70","1,C","12.03","1,,,C","1.37","1,,,C","","","",""
"CA006104142","2009-05","44.2167","-76.6","93.0","KINGSTON CLIMATE, ON CA","","","0.0","2,C","8","2,C","7","2,C","1","2,C","","","0","2,C","0","2,C","0","2,C","2","2,C","0","2,C","20090512",",2,C","","","20090527",",2,C","20090521",",2,C","1.2","2,C,12,","","","38.5","2,,C,27,","24.7","2,C,21,","","","201.9","2,C","85.4","2,,,C","11.37","2,C","16.40","2,,,C","6.34","2,,,C","","","",""
"CA006104142","2009-06","44.2167","-76.6","93.0","KINGSTON CLIMATE, ON CA","","","20.4",",C","9","1,C","4","1,C","0","1,C","","","0",",C","0",",C","0",",C","14",",C","0",",C","20090603",",,C","","","20090608",",1,C","20090623",",,C","3.5",",C,03,","","","9.2","1,,C,08,","28.2",",C,23,","","","80.9",",C","30.4","1,,,C","16.32",",C","21.00",",,,C","11.64",",,,C","","","",""
"CA006104142","2009-07","44.2167","-76.6","93.0","KINGSTON CLIMATE, ON CA","","","35.0",",C","13",",C","8",",C","0",",C","","","0",",C","0",",C","0",",C","27",",C","0",",C","20090715",",,C","","","20090721",",,C","20090716",",,C","9.2",",C,15,","","","14.2",",,C,21,","27.4",",C,16,","19.7","C","19.7",",C","83.1",",,,C","18.83",",C","22.95",",,,C","14.70",",,,C","","","",""
"CA006104142","2009-08","44.2167","-76.6","93.0","KINGSTON CLIMATE, ON CA","","","63.8",",C","9",",C","6",",C","1",",C","","","0",",C","0",",C","0",",C","28",",C","0",",C","20090827",",,C","","","20090829",",,C","20090817",",,C","6.8",",C,27,","","","27.3",",,C,29,","28.6",",C,17,","41.4","C","21.7",",C","81.4",",,,C","19.69",",C","24.50",",,,C","14.88",",,,C","","","",""
"CA006104142","2009-09","44.2167","-76.6","93.0","KINGSTON CLIMATE, ON CA","","","2.1","1,C","6","1,C","5","1,C","0","1,C","","","0","1,C","0","1,C","0","1,C","16","1,C","0","1,C","20090919",",1,C","","","20090928",",1,C","20090908",",1,C","1.9","1,C,19,","","","22.3","1,,C,28,","24.1","1,C,08,","140.8","C","99.4","1,C","45.4","1,,,C","14.98","1,C","20.61","1,,,C","9.35","1,,,C","","","",""
"CA006104142","2009-10","44.2167","-76.6","93.0","KINGSTON CLIMATE, ON CA","","","0.0","1,C","15","1,C","11","1,C","0","1,C","","","0","1,C","8","1,C","0","1,C","0","1,C","0","1,C","20091019",",1,C","","","20091023",",1,C","20091003",",1,C","-4.1","1,C,19,","","","21.3","1,,C,23,","17.9","1,C,03,","467.5","C","326.7","1,C","98.1","1,,,C","7.44","1,C","11.85","1,,,C","3.03","1,,,C","","","",""
"CA006104142","2009-11","44.2167","-76.6","93.0","KINGSTON CLIMATE, ON CA","","","0.0",",C","9","1,C","5","1,C","0","1,C","","","0",",C","14",",C","0",",C","0",",C","0",",C","20091106",",,C","","","20091119",",1,C","20091109",",,C","-4.7",",C,06,","","","11.6","1,,C,19,","16.4",",C,09,","868.5","C","401.0",",C","39.1","1,,,C","4.97",",C","9.57",",,,C","0.36",",,,C","","","",""
"CA006104142","2009-12","44.2167","-76.6","93.0","KINGSTON CLIMATE, ON CA","","","0.0",",C","14",",C","7",",C","1",",C","9","1,","1",",C","28",",C","14",",C","0",",C","0",",C","20091229",",,C","20091209",",1,C","20091226",",,C","20091202",",,C","-17.8",",C,29,","90","1,,C,09,","25.5",",,C,26,","9.8",",C,02,","1545.7","C","677.2",",C","100.8",",,,C","-3.51",",C","0.10",",,,C","-7.13",",,,C","","","",""
"CA006104142","2010-01","44.2167","-76.6","93.0","KINGSTON CLIMATE, ON CA","0.0","C","0.0",",C","9",",C","2",",C","1",",C","21",",","4",",C","29",",C","20",",C","0",",C","0",",C","20100110",",,C","20100110",",,C","20100125",",,C","20100125",",,C","-23.5",",C,10,","130",",,C,10,","32.2",",,C,25,","9.2",",C,25,","2302.3","C","756.6",",C","49.6",",,,C","-6.07",",C","-2.49",",,,C","-9.66",",,,C","","","",""
"CA006104142","2010-02","44.2167","-76.6","93.0","KINGSTON CLIMATE, ON CA","0.0","C","0.0",",C","8","1,C","4","1,C","0","1,C","10",",","0",",C","25",",C","13",",C","0",",C","0",",C","20100213","+,,C","20100226",",,C","20100225",",1,C","20100228",",,C","-15.6",",C,13,+","90",",,C,26,","11.3","1,,C,25,","5.0",",C,28,","2919.9","C","617.6",",C","26.8","1,,,C","-3.73",",C","-0.29",",,,C","-7.16",",,,C","","","",""
"CA006104142","2010-03","44.2167","-76.6","93.0","KINGSTON CLIMATE, ON CA","0.0","C","0.0",",C","7",",C","5",",C","0",",C","","","0",",C","20",",C","1",",C","0",",C","0",",C","20100326",",,C","","","20100314",",,C","20100318",",,C","-9.0",",C,26,","","","18.8",",,C,14,","13.4",",C,18,","3394.6","C","474.7",",C","59.0",",,,C","3.02",",C","7.57",",,,C","-1.53",",,,C","","","",""
"CA006104142","2010-05","44.2167","-76.6","93.0","KINGSTON CLIMATE, ON CA","","","14.0",",C","10",",C","5",",C","0",",C","","","0",",C","2",",C","0",",C","14",",C","0",",C","20100511",",,C","","","20100505",",,C","20100526",",,C","-1.9",",C,11,","","","12.3",",,C,05,","31.7",",C,26,","","","140.3",",C","44.1",",,,C","14.26",",C","20.15",",,,C","8.36",",,,C","","","",""
"CA006104142","2010-06","44.2167","-76.6","93.0","KINGSTON CLIMATE, ON CA","","","17.4","1,C","16","1,C","13","1,C","1","1,C","","","0","1,C","0","1,C","0","1,C","17","1,C","0","1,C","20100607",",1,C","","","20100622",",1,C","20100601",",1,C","8.1","1,C,07,","","","29.9","1,,C,22,","27.1","1,C,01,","","","43.3","1,C","146.1","1,,,C","17.44","1,C","21.77","1,,,C","13.11","1,,,C","","","",""
"CA006104142","2010-07","44.2167","-76.6","93.0","KINGSTON CLIMATE, ON CA","","","118.2",",C","9",",C","7",",C","0",",C","","","0",",C","0",",C","0",",C","31",",C","0",",C","20100702","+,,C","","","20100728",",,C","20100705",",,C","10.5",",C,02,+","","","20.4",",,C,28,","30.5",",C,05,","6.4","C","6.4",",C","72.0",",,,C","21.94",",C","26.55",",,,C","17.33",",,,C","","","",""
"CA006104142","2010-08","44.2167","-76.6","93.0","KINGSTON CLIMATE, ON CA","","","74.7",",C","8","1,C","5","1,C","0","1,C","","","0",",C","0",",C","0",",C","30",",C","0",",C","20100827",",,C","","","20100810",",1,C","20100830",",,C","7.6",",C,27,","","","14.3","1,,C,10,","29.9",",C,30,","19.8","C","13.4",",C","42.5","1,,,C","20.31",",C","24.90",",,,C","15.73",",,,C","","","",""
"CA006104142","2010-09","44.2167","-76.6","93.0","KINGSTON CLIMATE, ON CA","","","21.9",",C","13","1,C","9","1,C","1","1,C","","","0",",C","0",",C","0",",C","10",",C","0",",C","20100921",",,C","","","20100930",",1,C","20100902",",,C","4.1",",C,21,","","","27.5","1,,C,30,","29.0",",C,02,","116.0","C","96.2",",C","92.5","1,,,C","15.86",",C","20.44",",,,C","11.28",",,,C","","","",""
"CA006104142","2010-10","44.2167","-76.6","93.0","KINGSTON CLIMATE, ON CA","","","0.0","2,C","14","2,C","8","2,C","1","2,C","","","0","2,C","3","2,C","0","2,C","0","2,C","0","2,C","20101021",",2,C","","","20101014",",2,C","20101008",",2,C","-0.8","2,C,21,","","","33.1","2,,C,14,","19.9","2,C,08,","383.7","C","267.7","2,C","76.4","2,,,C","9.10","2,C","13.23","2,,,C","4.97","2,,,C","","","",""
"CA006104142","2010-11","44.2167","-76.6","93.0","KINGSTON CLIMATE, ON CA","","","0.0","3,C","8","4,C","7","4,C","1","4,C","","","0","3,C","19","3,C","0","2,C","0","2,C","0","2,C","20101125",",3,C","","","20101117",",4,C","20101123",",2,C","-5.9","3,C,25,","","","34.4","4,,C,17,","14.3","2,C,23,","788.6","C","404.9","2,C","98.0","4,,,C","3.31","3,C","8.09","2,,,C","-1.47","3,,,C","","","",""
"CA006104142","2010-12","44.2167","-76.6","93.0","KINGSTON CLIMATE, ON CA","","","0.0","1,C","3","3,C","2","3,C","1","3,C","","","0","1,C","28","1,C","20","1,C","0","1,C","0","1,C","20101209",",1,C","","","20101212",",3,C","20101201",",1,C","-15.9","1,C,09,","","","33.3","3,,C,12,","12.1","1,C,01,","1455.1","C","666.5","1,C","54.6","3,,,C","-3.89","1,C","-0.99","1,,,C","-6.78","1,,,C","","","",""
"CA006104142","2011-01","44.2167","-76.6","93.0","KINGSTON CLIMATE, ON CA","0.0","C","0.0","1,C","12","1,C","3","1,C","0","1,C","27","2,","8","1,C","29","1,C","27","1,C","0","1,C","0","1,C","20110124",",1,C","20110129",",2,C","20110104",",1,C","20110101",",1,C","-30.3","1,C,24,","140","2,,C,29,","4.2","1,,C,04,","8.5","1,C,01,","2277.7","C","822.6","1,C","20.0","1,,,C","-9.09","1,C","-4.59","1,,,C","-13.58","1,,,C","","","",""
"CA006104142","2011-02","44.2167","-76.6","93.0","KINGSTON CLIMATE, ON CA","0.0","C","0.0",",C","10","2,C","3","2,C","0","2,C","22","2,","2",",C","28",",C","17",",C","0",",C","0",",C","20110203",",,C","20110209","+,2,C","20110228",",2,C","20110218",",,C","-20.5",",C,03,","160","2,,C,09,+","20.8","2,,C,28,","6.8",",C,18,","2977.8","C","700.1",",C","36.2","2,,,C","-6.67",",C","-1.96",",,,C","-11.38",",,,C","","","",""
"CA006104142","2011-03","44.2167","-76.6","93.0","KINGSTON CLIMATE, ON CA","0.0","C","0.0","1,C","11","1,C","4","1,C","1","1,C","","","0","1,C","23","1,C","5","1,C","0","1,C","0","1,C","20110303",",1,C","","","20110305",",1,C","20110318",",1,C","-17.1","1,C,03,","","","41.2","1,,C,05,","12.6","1,C,18,","3561.8","C","584.0","1,C","91.2","1,,,C","-1.13","1,C","3.01","1,,,C","-5.28","1,,,C","","","",""
"CA006104142","2011-04","44.2167","-76.6","93.0","KINGSTON CLIMATE, ON CA","0.0","C","0.0",",C","17",",C","10",",C","2",",C","","","0",",C","11",",C","0",",C","1",",C","0",",C","20110408",",,C","","","20110416",",,C","20110427",",,C","-3.5",",C,08,","","","34.0",",,C,16,","23.2",",C,27,","3934.3","C","372.5",",C","141.5",",,,C","5.92",",C","10.53",",,,C","1.31",",,,C","","","",""
"CA006104142","2011-05","44.2167","-76.6","93.0","KINGSTON CLIMATE, ON CA","0.2","C","0.2",",C","13","1,C","10","1,C","1","1,C","","","0",",C","0",",C","0",",C","8",",C","0",",C","20110506",",,C","","","20110514",",1,C","20110529",",,C","2.1",",C,06,","","","33.9","1,,C,14,","24.4",",C,29,","4097.1","C","162.8",",C","138.7","1,,,C","13.09",",C","17.57",",,,C","8.61",",,,C","","","",""
"CA006104142","2011-06","44.2167","-76.6","93.0","KINGSTON CLIMATE, ON CA","20.1","C","19.9",",C","8",",C","5",",C","0",",C","","","0",",C","0",",C","0",",C","21",",C","0",",C","20110603",",,C","","","20110623",",,C","20110609",",,C","7.7",",C,03,","","","15.4",",,C,23,","28.2",",C,09,","4127.8","C","30.7",",C","57.7",",,,C","17.97",",C","22.59",",,,C","13.35",",,,C","","","",""
"CA006104142","2011-07","44.2167","-76.6","93.0","KINGSTON CLIMATE, ON CA","127.5","C","107.4",",C","8",",C","3",",C","1",",C","","","0",",C","0",",C","0",",C","31",",C","1",",C","20110715",",,C","","","20110729",",,C","20110721",",,C","11.4",",C,15,","","","71.4",",,C,29,","32.6",",C,21,","0.0","C","0.0",",C","115.3",",,,C","21.80",",C","27.05",",,,C","16.54",",,,C","","","",""
"CA006104142","2011-08","44.2167","-76.6","93.0","KINGSTON CLIMATE, ON CA","187.7","C","60.2",",C","11",",C","8",",C","1",",C","","","0",",C","0",",C","0",",C","29",",C","0",",C","20110829",",,C","","","20110821",",,C","20110801",",,C","10.5",",C,29,","","","40.4",",,C,21,","29.6",",C,01,","9.9","C","9.9",",C","78.0",",,,C","19.95",",C","24.74",",,,C","15.16",",,,C","","","",""
"CA006104142","2011-09","44.2167","-76.6","93.0","KINGSTON CLIMATE, ON CA","209.2","C","21.5",",C","","","","","","","","","0",",C","0",",C","0",",C","17",",C","0",",C","20110917",",,C","","","","","20110904","+,,C","1.4",",C,17,","","","","","26.1",",C,04,+","81.8","C","71.9",",C","","","16.65",",C","21.36",",,,C","11.94",",,,C","","","",""
"CA006104142","2011-10","44.2167","-76.6","93.0","KINGSTON CLIMATE, ON CA","209.2","C","0.0","1,C","12","4,C","7","4,C","0","4,C","","","0","1,C","5","1,C","0","1,C","2","1,C","0","1,C","20111028",",1,C","","","20111015",",4,C","20111011",",1,C","-4.6","1,C,28,","","","18.2","4,,C,15,","22.7","1,C,11,","339.9","C","258.1","1,C","63.0","4,,,C","9.73","1,C","13.63","1,,,C","5.83","1,,,C","","","",""
"CA006104142","2011-11","44.2167","-76.6","93.0","KINGSTON CLIMATE, ON CA","209.2","C","0.0",",C","9",",C","6",",C","0",",C","","","0",",C","11",",C","0",",C","0",",C","0",",C","20111122",",,C","","","20111129",",,C","20111107",",,C","-9.1",",C,22,","","","21.3",",,C,29,","15.2",",C,07,","707.8","C","367.9",",C","57.5",",,,C","6.07",",C","9.97",",,,C","2.17",",,,C","","","",""
"CA006104142","2011-12","44.2167","-76.6","93.0","KINGSTON CLIMATE, ON CA","209.2","C","0.0",",C","12",",C","7",",C","0",",C","","","0",",C","24",",C","7",",C","0",",C","0",",C","20111229",",,C","","","20111205",",,C","20111215",",,C","-17.3",",C,29,","","","19.3",",,C,05,","10.5",",C,15,","1293.3","C","585.5",",C","78.3",",,,C","-0.55",",C","3.29",",,,C","-4.39",",,,C","","","",""
"CA006104142","2012-01","44.2167","-76.6","93.0","KINGSTON CLIMATE, ON CA","0.0","C","0.0",",C","11",",C","7",",C","1",",C","","","3",",C","29",",C","11",",C","0",",C","0",",C","20120115",",,C","","","20120112",",,C","20120101",",,C","-21.4",",C,15,","","","28.7",",,C,12,","7.6",",C,01,","1974.0","C","680.7",",C","74.9",",,,C","-3.63",",C","0.69",",,,C","-7.94",",,,C","","","",""
"CA006104142","2012-02","44.2167","-76.6","93.0","KINGSTON CLIMATE, ON CA","0.0","C","0.0",",C","7",",C","2",",C","0",",C","7",",","0",",C","26",",C","6",",C","0",",C","0",",C","20120211",",,C","20120227","+,,C","20120224",",,C","20120201",",,C","-17.5",",C,11,","50",",,C,27,+","9.9",",,C,24,","7.3",",C,01,","2568.9","C","594.9",",C","17.3",",,,C","-2.18",",C","1.81",",,,C","-6.17",",,,C","","","",""
"CA006104142","2012-03","44.2167","-76.6","93.0","KINGSTON CLIMATE, ON CA","0.0","C","0.0",",C","10",",C","6",",C","0",",C","","","0",",C","14",",C","1",",C","1",",C","0",",C","20120305",",,C","","","20120315",",,C","20120320",",,C","-15.4",",C,05,","","","20.4",",,C,15,","21.2",",C,20,","3000.0","C","431.1",",C","57.8",",,,C","4.43",",C","9.27",",,,C","-0.42",",,,C","","","",""
"CA006104142","2012-04","44.2167","-76.6","93.0","KINGSTON CLIMATE, ON CA","0.0","C","0.0","1,C","7","2,C","5","2,C","0","2,C","","","0","1,C","14","1,C","0","1,C","1","1,C","0","1,C","20120428",",1,C","","","20120423",",2,C","20120420",",1,C","-4.7","1,C,28,","","","14.1","2,,C,23,","22.0","1,C,20,","3364.9","C","364.9","1,C","37.3","2,,,C","5.75","1,C","10.95","1,,,C","0.55","1,,,C","","","",""
"CA006104142","2012-05","44.2167","-76.6","93.0","KINGSTON CLIMATE, ON CA","11.1","C","11.1","1,C","8","1,C","5","1,C","0","1,C","","","0","1,C","0","1,C","0","1,C","13","1,C","0","1,C","20120502",",1,C","","","20120508",",1,C","20120520",",1,C","3.0","1,C,02,","","","16.6","1,,C,08,","27.1","1,C,20,","3483.4","C","118.5","1,C","44.7","1,,,C","14.75","1,C","20.13","1,,,C","9.38","1,,,C","","","",""
"CA006104142","2012-06","44.2167","-76.6","93.0","KINGSTON CLIMATE, ON CA","54.4","C","43.3",",C","7",",C","5",",C","2",",C","","","0",",C","0",",C","0",",C","21",",C","0",",C","20120605",",,C","","","20120612",",,C","20120620",",,C","7.2",",C,05,","","","31.0",",,C,12,","30.6",",C,20,","3525.5","C","42.1",",C","77.6",",,,C","18.37",",C","23.26",",,,C","13.48",",,,C","","","",""
"CA006104142","2012-07","44.2167","-76.6","93.0","KINGSTON CLIMATE, ON CA","162.4","C","108.0",",C","4","2,C","2","2,C","0","2,C","","","0",",C","0",",C","0",",C","31",",C","3",",C","20120721",",,C","","","20120726",",2,C","20120717",",,C","10.9",",C,21,","","","16.4","2,,C,26,","33.7",",C,17,","0.2","C","0.2",",C","22.4","2,,,C","21.81",",C","27.52",",,,C","16.10",",,,C","","","",""
"CA006104142","2012-08","44.2167","-76.6","93.0","KINGSTON CLIMATE, ON CA","249.8","C","87.4",",C","6",",C","4",",C","0",",C","","","0",",C","0",",C","0",",C","31",",C","0",",C","20120829",",,C","","","20120810",",,C","20120804",",,C","9.8",",C,29,","","","21.9",",,C,10,","31.9",",C,04,","7.0","C","6.8",",C","37.1",",,,C","20.93",",C","26.00",",,,C","15.87",",,,C","","","",""
"CA006104142","2012-09","44.2167","-76.6","93.0","KINGSTON CLIMATE, ON CA","267.1","C","17.3",",C","9",",C","6",",C","2",",C","","","0",",C","0",",C","0",",C","13",",C","0",",C","20120929",",,C","","","20120904",",,C","20120906",",,C","3.6",",C,29,","","","91.0",",,C,04,","29.4",",C,06,","104.9","C","97.9",",C","151.6",",,,C","15.65",",C","20.83",",,,C","10.46",",,,C","","","",""
"CA006104142","2012-10","44.2167","-76.6","93.0","KINGSTON CLIMATE, ON CA","267.1","C","0.0",",C","12","1,C","7","1,C","0","1,C","","","0",",C","3",",C","0",",C","0",",C","0",",C","20121013",",,C","","","20121006",",1,C","20121001",",,C","-4.4",",C,13,","","","16.0","1,,C,06,","20.8",",C,01,","344.4","C","239.5",",C","49.8","1,,,C","10.61",",C","14.80",",,,C","6.41",",,,C","","","",""
"CA006104142","2012-11","44.2167","-76.6","93.0","KINGSTON CLIMATE, ON CA","267.1","C","0.0",",C","3","2,C","1","2,C","0","2,C","","","0",",C","22",",C","1",",C","0",",C","0",",C","20121130",",,C","","","20121111",",2,C","20121111",",,C","-10.6",",C,30,","","","2.7","2,,C,11,","15.2",",C,11,","842.4","C","498.0",",C","6.0","2,,,C","1.73",",C","6.09",",,,C","-2.62",",,,C","","","",""
"CA006104142","2012-12","44.2167","-76.6","93.0","KINGSTON CLIMATE, ON CA","267.1","C","0.0","1,C","16","3,C","10","3,C","1","3,C","","","0","1,C","23","1,C","9","1,C","0","1,C","0","1,C","20121226",",1,C","","","20121221",",3,C","20121204",",1,C","-12.3","1,C,26,","","","30.4","3,,C,21,","13.2","1,C,04,","1420.9","C","578.5","1,C","104.4","3,,,C","-0.95","1,C","2.68","1,,,C","-4.58","1,,,C","","","",""
"CA006104142","2013-01","44.2167","-76.6","93.0","KINGSTON CLIMATE, ON CA","0.0","C","0.0",",C","11",",C","5",",C","0",",C","","","8",",C","27",",C","12",",C","0",",C","0",",C","20130123",",,C","","","20130113",",,C","20130130",",,C","-24.1",",C,23,","","","10.8",",,C,13,","10.6",",C,30,","2129.8","C","708.9",",C","38.9",",,,C","-4.54",",C","0.15",",,,C","-9.22",",,,C","","","",""
"CA006104142","2013-02","44.2167","-76.6","93.0","KINGSTON CLIMATE, ON CA","0.0","C","0.0",",C","13",",C","4",",C","0",",C","","","4",",C","27",",C","16",",C","0",",C","0",",C","20130210",",,C","","","20130227",",,C","20130211",",,C","-23.0",",C,10,","","","22.2",",,C,27,","5.2",",C,11,","2820.7","C","690.9",",C","48.7",",,,C","-6.34",",C","-2.19",",,,C","-10.50",",,,C","","","",""
"CA006104142","2013-03","44.2167","-76.6","93.0","KINGSTON CLIMATE, ON CA","0.0","C","0.0",",C","7",",C","3",",C","0",",C","","","0",",C","26",",C","8",",C","0",",C","0",",C","20130314",",,C","","","20130311",",,C","20130328",",,C","-9.9",",C,14,","","","6.6",",,C,11,","9.1",",C,28,","3408.7","C","588.0",",C","22.9",",,,C","-0.64",",C","2.85",",,,C","-4.12",",,,C","","","",""
"CA006104142","2013-04","44.2167","-76.6","93.0","KINGSTON CLIMATE, ON CA","0.0","C","0.0",",C","11",",C","6",",C","1",",C","","","0",",C","13",",C","0",",C","1",",C","0",",C","20130406",",,C","","","20130412",",,C","20130428",",,C","-7.0",",C,06,","","","26.8",",,C,12,","21.6",",C,28,","3812.0","C","403.3",",C","56.6",",,,C","4.89",",C","9.45",",,,C","0.33",",,,C","","","",""
"CA006104142","2013-05","44.2167","-76.6","93.0","KINGSTON CLIMATE, ON CA","1.1","C","1.1","1,C","12","1,C","5","1,C","0","1,C","","","0","1,C","1","1,C","0","1,C","16","1,C","0","1,C","20130514",",1,C","","","20130521",",1,C","20130531",",1,C","-0.4","1,C,14,","","","14.8","1,,C,21,","25.5","1,C,31,","3963.3","C","151.3","1,C","48.2","1,,,C","13.33","1,C","19.26","1,,,C","7.39","1,,,C","","","",""
"CA006104142","2013-06","44.2167","-76.6","93.0","KINGSTON CLIMATE, ON CA","24.6","C","23.5",",C","14",",C","10",",C","2",",C","","","0",",C","0",",C","0",",C","16",",C","0",",C","20130605",",,C","","","20130610",",,C","20130624",",,C","5.9",",C,05,","","","27.6",",,C,10,","28.4",",C,24,","4033.3","C","70.0",",C","139.1",",,,C","16.78",",C","21.32",",,,C","12.25",",,,C","","","",""
"CA006104142","2013-07","44.2167","-76.6","93.0","KINGSTON CLIMATE, ON CA","121.7","C","97.1","1,C","10","1,C","2","1,C","0","1,C","","","0","1,C","0","1,C","0","1,C","29","1,C","1","1,C","20130726",",1,C","","","20130719",",1,C","20130719",",1,C","8.3","1,C,26,","","","10.6","1,,C,19,","32.5","1,C,19,","5.7","C","5.7","1,C","22.4","1,,,C","21.38","1,C","26.19","1,,,C","16.56","1,,,C","","","",""
"CA006104142","2013-08","44.2167","-76.6","93.0","KINGSTON CLIMATE, ON CA","162.5","C","40.8","1,C","12","2,C","5","2,C","0","2,C","","","0","1,C","0","1,C","0","1,C","30","1,C","0","1,C","20130824",",1,C","","","20130802",",2,C","20130828",",1,C","7.9","1,C,24,","","","18.8","2,,C,02,","29.4","1,C,28,","22.5","C","16.8","1,C","61.3","2,,,C","19.13","1,C","24.34","1,,,C","13.92","1,,,C","","","",""
"CA006104142","2013-09","44.2167","-76.6","93.0","KINGSTON CLIMATE, ON CA","178.8","C","16.3",",C","5","1,C","5","1,C","1","1,C","","","0",",C","0",",C","0",",C","8",",C","0",",C","20130917",",,C","","","20130921",",1,C","20130911",",,C","1.5",",C,17,","","","38.6","1,,C,21,","29.7",",C,11,","156.7","C","134.2",",C","70.9","1,,,C","14.40",",C","19.84",",,,C","8.96",",,,C","","","",""
"CA006104142","2013-10","44.2167","-76.6","93.0","KINGSTON CLIMATE, ON CA","178.8","C","0.0","2,C","14","2,C","10","2,C","0","2,C","","","0","2,C","1","2,C","0","2,C","4","2,C","0","2,C","20131025",",2,C","","","20131031",",2,C","20131002",",2,C","-0.9","2,C,25,","","","22.1","2,,C,31,","25.1","2,C,02,","371.3","C","214.6","2,C","92.2","2,,,C","10.93","2,C","15.73","2,,,C","6.14","2,,,C","","","",""
"CA006104142","2013-11","44.2167","-76.6","93.0","KINGSTON CLIMATE, ON CA","178.8","C","0.0","1,C","12","1,C","8","1,C","0","1,C","","","0","1,C","18","1,C","3","1,C","0","1,C","0","1,C","20131129",",1,C","","","20131127",",1,C","20131101",",1,C","-17.1","1,C,29,","","","11.4","1,,C,27,","16.7","1,C,01,","851.9","C","480.6","1,C","50.6","1,,,C","1.76","1,C","6.30","1,,,C","-2.78","1,,,C","","","",""
"CA006104142","2013-12","44.2167","-76.6","93.0","KINGSTON CLIMATE, ON CA","178.8","C","0.0","3,C","16","1,C","7","1,C","0","1,C","","","5","3,C","25","3,C","18","2,C","0","2,C","0","2,C","20131225",",3,C","","","20131227",",1,C","20131202",",2,C","-24.2","3,C,25,","","","11.9","1,,C,27,","4.5","2,C,02,","1533.0","C","681.1","2,C","50.0","1,,,C","-6.01","3,C","-2.23","2,,,C","-9.79","3,,,C","","","",""
"CA006104142","2014-01","44.2167","-76.6","93.0","KINGSTON CLIMATE, ON CA","0.0","C","0.0",",C","11","1,C","6","1,C","0","1,C","26",",","13",",C","30",",C","20",",C","0",",C","0",",C","20140121",",,C","20140102",",,C","20140111",",1,C","20140106",",,C","-29.8",",C,21,","220",",,C,02,","20.1","1,,C,11,","7.1",",C,06,","2386.9","C","853.9",",C","60.4","1,,,C","-9.21",",C","-4.39",",,,C","-14.03",",,,C","","","",""
"CA006104142","2014-02","44.2167","-76.6","93.0","KINGSTON CLIMATE, ON CA","0.0","C","0.0",",C","15","1,C","6","1,C","1","1,C","27",",","8",",C","26",",C","21",",C","0",",C","0",",C","20140212",",,C","20140216","+,,C","20140221",",1,C","20140221",",,C","-27.0",",C,12,","210",",,C,16,+","28.3","1,,C,21,","4.8",",C,21,","3155.4","C","768.5",",C","60.9","1,,,C","-9.11",",C","-4.56",",,,C","-13.66",",,,C","","","",""
"CA006104142","2014-03","44.2167","-76.6","93.0","KINGSTON CLIMATE, ON CA","0.0","C","0.0",",C","17",",C","4",",C","0",",C","","","4",",C","31",",C","15",",C","0",",C","0",",C","20140306",",,C","","","20140319",",,C","20140314",",,C","-22.6",",C,06,","","","5.6",",,C,19,","7.4",",C,14,","3891.8","C","736.4",",C","34.8",",,,C","-5.42",",C","-0.68",",,,C","-10.16",",,,C","","","",""
"CA006104142","2014-04","44.2167","-76.6","93.0","KINGSTON CLIMATE, ON CA","0.0","C","0.0","1,C","12","2,C","9","2,C","0","2,C","","","0","1,C","17","1,C","1","1,C","0","1,C","0","1,C","20140416",",1,C","","","20140404",",2,C","20140413",",1,C","-7.0","1,C,16,","","","22.5","2,,C,04,","19.1","1,C,13,","4278.6","C","386.8","1,C","129.9","2,,,C","5.00","1,C","9.69","1,,,C","0.30","1,,,C","","","",""
"CA006104142","2014-05","44.2167","-76.6","93.0","KINGSTON CLIMATE, ON CA","1.4","C","1.4","1,C","10","1,C","9","1,C","0","1,C","","","0","1,C","0","1,C","0","1,C","10","1,C","0","1,C","20140518",",1,C","","","20140516",",1,C","20140527",",1,C","2.5","1,C,18,","","","18.9","1,,C,16,","25.4","1,C,27,","4449.5","C","170.9","1,C","85.4","1,,,C","12.69","1,C","18.04","1,,,C","7.33","1,,,C","","","",""
"CA006104142","2014-06","44.2167","-76.6","93.0","KINGSTON CLIMATE, ON CA","26.8","C","25.4",",C","10",",C","7",",C","1",",C","","","0",",C","0",",C","0",",C","20",",C","0",",C","20140601",",,C","","","20140611",",,C","20140629",",,C","7.3",",C,01,","","","32.7",",,C,11,","27.4",",C,29,","4495.6","C","46.1",",C","93.2",",,,C","17.64",",C","22.50",",,,C","12.79",",,,C","","","",""
"CA006104142","2014-07","44.2167","-76.6","93.0","KINGSTON CLIMATE, ON CA","66.1","C","39.3",",C","7","1,C","7","1,C","0","1,C","","","0",",C","0",",C","0",",C","27",",C","0",",C","20140711",",,C","","","20140708",",1,C","20140701",",,C","9.8",",C,11,","","","18.8","1,,C,08,","29.1",",C,01,","17.2","C","17.2",",C","68.9","1,,,C","19.05",",C","23.51",",,,C","14.59",",,,C","","","",""
"CA006104142","2014-08","44.2167","-76.6","93.0","KINGSTON CLIMATE, ON CA","101.1","C","35.0",",C","9","1,C","5","1,C","1","1,C","","","0",",C","0",",C","0",",C","26",",C","0",",C","20140819",",,C","","","20140812",",1,C","20140811",",,C","8.4",",C,19,","","","53.8","1,,C,12,","27.1",",C,11,","39.7","C","22.5",",C","78.6","1,,,C","18.73",",C","23.33",",,,C","14.14",",,,C","","","",""
"CA006104142","2014-09","44.2167","-76.6","93.0","KINGSTON CLIMATE, ON CA","118.6","C","17.5",",C","6",",C","5",",C","0",",C","","","0",",C","1",",C","0",",C","14",",C","0",",C","20140919",",,C","","","20140913",",,C","20140905",",,C","-0.3",",C,19,","","","10.0",",,C,13,","28.3",",C,05,","149.2","C","109.5",",C","32.1",",,,C","15.27",",C","20.16",",,,C","10.38",",,,C","","","",""
"CA006104142","2014-10","44.2167","-76.6","93.0","KINGSTON CLIMATE, ON CA","119.0","C","0.4",",C","15","2,C","9","2,C","0","2,C","","","0",",C","3",",C","0",",C","0",",C","0",",C","20141012",",,C","","","20141016",",2,C","20141014",",,C","-1.1",",C,12,","","","8.7","2,,C,16,","21.0",",C,14,","375.4","C","226.2",",C","55.0","2,,,C","11.05",",C","14.95",",,,C","7.15",",,,C","","","",""
"CA006104142","2014-11","44.2167","-76.6","93.0","KINGSTON CLIMATE, ON CA","119.0","C","0.0","1,C","13","1,C","3","1,C","0","1,C","","","0","1,C","15","1,C","4","1,C","0","1,C","0","1,C","20141121",",1,C","","","20141117",",1,C","20141124",",1,C","-10.5","1,C,21,","","","11.1","1,,C,17,","14.3","1,C,24,","825.4","C","450.0","1,C","34.4","1,,,C","2.82","1,C","6.15","1,,,C","-0.52","1,,,C","","","",""
"CA006104142","2014-12","44.2167","-76.6","93.0","KINGSTON CLIMATE, ON CA","119.0","C","0.0","1,C","11","3,C","3","3,C","0","3,C","6","1,","0","1,C","20","1,C","9","1,C","0","1,C","0","1,C","20141230",",1,C","20141212","+,1,C","20141216",",3,C","20141224",",1,C","-14.1","1,C,30,","80","1,,C,12,+","5.5","3,,C,16,","11.2","1,C,24,","1410.1","C","584.7","1,C","22.1","3,,,C","-1.16","1,C","2.46","1,,,C","-4.78","1,,,C","","","",""
"CA006104142","2015-01","44.2167","-76.6","93.0","KINGSTON CLIMATE, ON CA","0.0","C","0.0","3,C","7","5,C","1","5,C","0","5,C","26","3,","8","3,C","28","3,C","23","3,C","0","3,C","0","3,C","20150114",",3,C","20150131",",3,C","20150109",",5,C","20150103",",3,C","-24.8","3,C,14,","120","3,,C,31,","2.8","5,,C,09,","2.3","3,C,03,","2191.7","C","781.6","3,C","11.6","5,,,C","-9.58","3,C","-3.78","3,,,C","-15.38","3,,,C","","","",""
"CA006104142","2015-02","44.2167","-76.6","93.0","KINGSTON CLIMATE, ON CA","0.0","C","0.0",",C","10",",C","4",",C","0",",C","","","19",",C","28",",C","28",",C","0",",C","0",",C","20150216",",,C","","","20150204",",,C","20150204",",,C","-28.4",",C,16,","","","5.0",",,C,04,","-0.4",",C,04,","3101.5","C","909.8",",C","24.1",",,,C","-14.16",",C","-8.07",",,,C","-20.25",",,,C","","","",""
"CA006104142","2015-03","44.2167","-76.6","93.0","KINGSTON CLIMATE, ON CA","0.0","C","0.0",",C","11",",C","5",",C","0",",C","","","2",",C","29",",C","11",",C","0",",C","0",",C","20150306",",,C","","","20150325",",,C","20150330",",,C","-23.7",",C,06,","","","5.8",",,C,25,","6.4",",C,30,","3800.8","C","699.3",",C","30.0",",,,C","-4.23",",C","0.47",",,,C","-8.93",",,,C","","","",""
"CA006104142","2015-04","44.2167","-76.6","93.0","KINGSTON CLIMATE, ON CA","0.0","C","0.0",",C","10",",C","7",",C","1",",C","","","0",",C","15",",C","0",",C","0",",C","0",",C","20150401",",,C","","","20150420",",,C","20150430","+,,C","-6.9",",C,01,","","","28.2",",,C,20,","19.0",",C,30,+","4186.3","C","385.5",",C","64.8",",,,C","5.48",",C","10.53",",,,C","0.43",",,,C","24",",C","67.0",",C"
"CA006104142","2015-05","44.2167","-76.6","93.0","KINGSTON CLIMATE, ON CA","0.6","C","0.6","3,C","6","3,C","3","3,C","0","3,C","","","0","2,C","1","2,C","0","3,C","14","3,C","0","3,C","20150523",",2,C","","","20150531",",3,C","20150530",",3,C","-2.2","2,C,23,","","","13.8","3,,C,31,","24.7","3,C,30,","4324.1","C","137.8","3,C","23.8","3,,,C","13.57","3,C","19.75","3,,,C","7.40","2,,,C","26","2,C","56.0","2,C"
"CA006104142","2015-06","44.2167","-76.6","93.0","KINGSTON CLIMATE, ON CA","8.1","C","7.5","2,C","15","3,C","13","3,C","2","3,C","","","0","2,C","0","2,C","0","2,C","15","2,C","0","2,C","20150607",",2,C","","","20150623",",3,C","20150616",",2,C","3.3","2,C,07,","","","50.2","3,,C,23,","26.0","2,C,16,","4382.5","C","58.4","2,C","173.1","3,,,C","16.52","2,C","21.36","2,,,C","11.68","2,,,C","27","2,C","56.0","2,C"
"CA006104142","2015-07","44.2167","-76.6","93.0","KINGSTON CLIMATE, ON CA","63.2","C","55.1",",C","8","1,C","4","1,C","0","1,C","","","0",",C","0",",C","0",",C","27",",C","0",",C","20150703",",,C","","","20150717",",1,C","20150730","+,,C","7.5",",C,03,","","","12.8","1,,C,17,","28.5",",C,30,+","21.3","C","21.3",",C","40.5","1,,,C","19.42",",C","24.14",",,,C","14.71",",,,C","36",",C","54.0",",C"
"CA006104142","2015-08","44.2167","-76.6","93.0","KINGSTON CLIMATE, ON CA","119.7","C","56.5",",C","6","2,C","3","2,C","1","2,C","","","0",",C","0",",C","0",",C","30",",C","0",",C","20150828",",,C","","","20150820",",2,C","20150818",",,C","10.1",",C,28,","","","33.8","2,,C,20,","28.1",",C,18,","28.5","C","7.2",",C","49.6","2,,,C","19.92",",C","24.52",",,,C","15.32",",,,C","16",",C","56.0",",C"
"CA006104142","2015-09","44.2167","-76.6","93.0","KINGSTON CLIMATE, ON CA","157.4","C","37.7","1,C","7","2,C","6","2,C","1","2,C","","","0",",C","0",",C","0","1,C","18","1,C","0","1,C","20150921",",,C","","","20150912",",2,C","20150907",",1,C","6.6",",C,21,","","","27.3","2,,C,12,","30.0","1,C,07,","76.3","C","47.8","1,C","78.8","2,,,C","17.97","1,C","22.65","1,,,C","13.29",",,,C","3",",C","50.0",",C"
"CA006104142","2015-10","44.2167","-76.6","93.0","KINGSTON CLIMATE, ON CA","157.4","C","0.0","2,C","12","3,C","7","3,C","1","3,C","","","0",",C","9",",C","0","2,C","0","2,C","0","2,C","20151019",",,C","","","20151028",",3,C","20151012",",2,C","-5.7",",C,19,","","","43.2","3,,C,28,","18.5","2,C,12,","370.7","C","294.4","2,C","96.1","3,,,C","8.28","2,C","12.87","2,,,C","3.69",",,,C","25",",C","78.0",",C"
"CA006104142","2015-11","44.2167","-76.6","93.0","KINGSTON CLIMATE, ON CA","157.4","C","0.0",",C","9","1,C","3","1,C","0","1,C","","","0",",C","13",",C","1",",C","0",",C","0",",C","20151129",",,C","","","20151112",",1,C","20151104",",,C","-8.2",",C,29,","","","13.2","1,,C,12,","18.5",",C,04,","736.3","C","365.6",",C","34.4","1,,,C","6.15",",C","10.13",",,,C","2.16",",,,C","21","1,C","87.0","1,C"
"CA006104142","2015-12","44.2167","-76.6","93.0","KINGSTON CLIMATE, ON CA","157.4","C","0.0","2,C","12","2,C","9","2,C","0","2,C","3","4,","0","1,C","12","1,C","2","2,C","0","2,C","0","2,C","20151228",",1,C","20151231","+,4,C","20151229","+,2,C","20151224",",2,C","-9.2","1,C,28,","60","4,,C,31,+","11.1","2,,C,29,+","14.2","2,C,24,","1160.9","C","424.6","2,C","58.0","2,,,C","3.61","2,C","6.55","2,,,C","0.66","1,,,C","24",",C","61.0",",C"
"CA006104142","2016-01","44.2167","-76.6","93.0","KINGSTON CLIMATE, ON CA","0.0","C","0.0",",C","11","1,C","2","1,C","1","1,C","22","1,","2",",C","28",",C","14",",C","0",",C","0",",C","20160119",",,C","20160115","+,1,C","20160110",",1,C","20160110",",,C","-19.1",",C,19,","60","1,,C,15,+","35.8","1,,C,10,","7.6",",C,10,","1874.8","C","713.9",",C","52.1","1,,,C","-4.70",",C","-0.57",",,,C","-8.82",",,,C","27",",C","78.0",",C"
"CA006104142","2016-02","44.2167","-76.6","93.0","KINGSTON CLIMATE, ON CA","0.0","C","0.0",",C","13",",C","5",",C","2",",C","17","1,","5",",C","27",",C","14",",C","0",",C","0",",C","20160214",",,C","20160217",",1,C","20160224",",,C","20160203",",,C","-30.8",",C,14,","300","1,,C,17,","39.8",",,C,24,","9.6",",C,03,","2564.7","C","689.9",",C","115.2",",,,C","-5.46",",C","-0.84",",,,C","-10.07",",,,C","18",",C","82.0",",C"
"CA006104142","2016-03","44.2167","-76.6","93.0","KINGSTON CLIMATE, ON CA","0.0","C","0.0","1,C","13","1,C","6","1,C","1","1,C","2","4,","0","1,C","21","1,C","6",",C","0",",C","0",",C","20160303",",1,C","20160304","+,4,C","20160331",",1,C","20160327",",,C","-16.3","1,C,03,","30","4,,C,04,+","27.0","1,,C,31,","14.3",",C,27,","3092.9","C","528.2",",C","71.3","1,,,C","0.74","1,C","5.04",",,,C","-3.55","1,,,C","23",",C","61.0",",C"
"CA006104142","2016-04","44.2167","-76.6","93.0","KINGSTON CLIMATE, ON CA","0.0","C","0.0","4,C","5","4,C","3","4,C","0","4,C","","","0","2,C","14","2,C","2","3,C","0","3,C","0","3,C","20160405",",2,C","","","20160411",",4,C","20160422",",3,C","-9.5","2,C,05,","","","10.3","4,,C,11,","19.1","3,C,22,","3458.6","C","365.7","3,C","19.6","4,,,C","4.36","4,C","9.76","3,,,C","-1.04","2,,,C","15","1,C","59.0","1,C"
"CA006104142","2016-05","44.2167","-76.6","93.0","KINGSTON CLIMATE, ON CA","13.2","C","13.2",",C","6",",C","2",",C","0",",C","","","0",",C","2",",C","0",",C","12",",C","0",",C","20160509",",,C","","","20160501",",,C","20160531","+,,C","-0.5",",C,09,","","","7.9",",,C,01,","26.8",",C,31,+","3642.5","C","183.9",",C","17.5",",,,C","12.82",",C","18.83",",,,C","6.82",",,,C","25",",C","59.0",",C"
"CA006104142","2016-06","44.2167","-76.6","93.0","KINGSTON CLIMATE, ON CA","28.8","C","15.6","2,C","9","2,C","7","2,C","1","2,C","","","0","1,C","0","1,C","0","2,C","20","2,C","0","2,C","20160614",",1,C","","","20160620",",2,C","20160616",",2,C","4.5","1,C,14,","","","27.3","2,,C,20,","28.4","2,C,16,","3689.9","C","47.4","2,C","81.6","2,,,C","17.29","2,C","22.91","2,,,C","11.66","1,,,C","27",",C","69.0",",C"
"CA006104142","2016-07","44.2167","-76.6","93.0","KINGSTON CLIMATE, ON CA","137.8","C","109.0",",C","5",",C","2",",C","0",",C","","","0",",C","0",",C","0",",C","31",",C","3",",C","20160720",",,C","","","20160728",",,C","20160723",",,C","10.2",",C,20,","","","12.6",",,C,28,","33.2",",C,23,","2.3","C","2.3",",C","20.2",",,,C","21.78",",C","27.27",",,,C","16.28",",,,C","24",",C","56.0",",C"
"CA006104142","2016-08","44.2167","-76.6","93.0","KINGSTON CLIMATE, ON CA","240.7","C","102.9","3,C","4","3,C","4","3,C","1","3,C","","","0","2,C","0","2,C","0","2,C","29","2,C","0","2,C","20160822",",2,C","","","20160831",",3,C","20160806",",2,C","10.7","2,C,22,","","","29.7","3,,C,31,","31.0","2,C,06,","4.4","C","2.1","2,C","92.6","3,,,C","22.03","3,C","27.06","2,,,C","17.00","2,,,C","18",",C","63.0",",C"
"CA006104142","2016-09","44.2167","-76.6","93.0","KINGSTON CLIMATE, ON CA","264.1","C","23.4","1,C","7","1,C","5","1,C","0","1,C","","","0","1,C","0","1,C","0",",C","22",",C","0",",C","20160925",",1,C","","","20160907",",1,C","20160908",",,C","1.5","1,C,25,","","","15.1","1,,C,07,","28.1",",C,08,","70.6","C","66.2",",C","49.1","1,,,C","16.92","1,C","22.46",",,,C","11.38","1,,,C","24",",C","74.0",",C"
"CA006104142","2016-10","44.2167","-76.6","93.0","KINGSTON CLIMATE, ON CA","264.4","C","0.3",",C","14",",C","7",",C","2",",C","","","0",",C","7",",C","0",",C","2",",C","0",",C","20161026",",,C","","","20161021",",,C","20161018",",,C","-2.1",",C,26,","","","32.5",",,C,21,","22.7",",C,18,","333.6","C","263.0",",C","134.3",",,,C","9.86",",C","14.17",",,,C","5.54",",,,C","32",",C","78.0",",C"
"CA006104142","2016-11","44.2167","-76.6","93.0","KINGSTON CLIMATE, ON CA","264.4","C","0.0","1,C","9","1,C","3","1,C","0","1,C","","","0",",C","15",",C","2","1,C","0","1,C","0","1,C","20161123",",,C","","","20161103",",1,C","20161119",",1,C","-7.4",",C,23,","","","9.9","1,,C,03,","15.6","1,C,19,","727.2","C","393.6","1,C","32.3","1,,,C","4.72","1,C","9.34","1,,,C","0.09",",,,C","28",",C","65.0",",C"
"CA006104142","2016-12","44.2167","-76.6","93.0","KINGSTON CLIMATE, ON CA","264.4","C","0.0",",C","15",",C","9",",C","0",",C","5","2,","3",",C","25",",C","8",",C","0",",C","0",",C","20161216",",,C","20161205",",2,C","20161226",",,C","20161201",",,C","-21.7",",C,16,","80","2,,C,05,","14.6",",,C,26,","10.3",",C,01,","1346.2","C","619.0",",C","52.5",",,,C","-1.63",",C","2.18",",,,C","-5.45",",,,C","24",",C","72.0",",C"
"CA006104142","2017-01","44.2167","-76.6","93.0","KINGSTON CLIMATE, ON CA","0.0","C","0.0",",C","14",",C","6",",C","0",",C","8",",","1",",C","24",",C","12",",C","0",",C","0",",C","20170109",",,C","20170125",",,C","20170103",",,C","20170112",",,C","-20.2",",C,09,","70",",,C,25,","18.6",",,C,03,","7.2",",C,12,","2008.3","C","662.1",",C","71.9",",,,C","-3.03",",C","0.42",",,,C","-6.47",",,,C","20",",C","82.0",",C"
"CA006104142","2017-02","44.2167","-76.6","93.0","KINGSTON CLIMATE, ON CA","0.0","C","0.0","2,C","8","2,C","4","2,C","0","2,C","14","2,","0","2,C","22","2,C","11","2,C","0","2,C","0","2,C","20170209",",2,C","20170214","+,2,C","20170207",",2,C","20170223",",2,C","-14.4","2,C,09,","130","2,,C,14,+","18.4","2,,C,07,","12.8","2,C,23,","2553.0","C","544.7","2,C","48.0","2,,,C","-2.62","2,C","1.75","2,,,C","-6.98","2,,,C","16","2,C","65.0","2,C"
"CA006104142","2017-03","44.2167","-76.6","93.0","KINGSTON CLIMATE, ON CA","0.0","C","0.0","4,C","15","4,C","5","4,C","0","4,C","8","4,","2","3,C","25","3,C","9","4,C","0","4,C","0","4,C","20170311",",3,C","20170315",",4,C","20170331",",4,C","20170308",",4,C","-18.4","3,C,11,","100","4,,C,15,","12.9","4,,C,31,","8.8","4,C,08,","3137.3","C","584.3","4,C","48.7","4,,,C","-3.24","4,C","0.84","4,,,C","-7.33","3,,,C","24","3,C","70.0","3,C"
"CA006104142","2017-04","44.2167","-76.6","93.0","KINGSTON CLIMATE, ON CA","0.0","C","0.0",",C","21",",C","11",",C","2",",C","","","0",",C","11",",C","0",",C","2",",C","0",",C","20170418",",,C","","","20170406",",,C","20170427",",,C","-2.3",",C,18,","","","40.4",",,C,06,","24.0",",C,27,","3468.9","C","331.6",",C","137.7",",,,C","7.28",",C","12.01",",,,C","2.55",",,,C","25",",C","61.0",",C"
"CA006104142","2017-05","44.2167","-76.6","93.0","KINGSTON CLIMATE, ON CA","1.3","C","1.3",",C","16",",C","9",",C","2",",C","","","0",",C","1",",C","0",",C","4",",C","0",",C","20170510",",,C","","","20170505",",,C","20170518",",,C","-0.4",",C,10,","","","46.2",",,C,05,","26.4",",C,18,","3680.5","C","211.6",",C","157.3",",,,C","11.55",",C","16.01",",,,C","7.09",",,,C","21",",C","59.0",",C"
"CA006104142","2017-06","44.2167","-76.6","93.0","KINGSTON CLIMATE, ON CA","19.9","C","18.6","1,C","9","1,C","5","1,C","1","1,C","","","0",",C","0",",C","0","1,C","16","1,C","0","1,C","20170607",",,C","","","20170623",",1,C","20170612",",1,C","4.7",",C,07,","","","46.3","1,,C,23,","27.7","1,C,12,","3732.9","C","52.4","1,C","93.5","1,,,C","17.14","1,C","21.64","1,,,C","12.64",",,,C","22",",C","57.0",",C"
"CA006104142","2017-07","44.2167","-76.6","93.0","KINGSTON CLIMATE, ON CA","72.0","C","52.1",",C","13",",C","8",",C","1",",C","","","0",",C","0",",C","0",",C","30",",C","0",",C","20170729",",,C","","","20170724",",,C","20170721",",,C","11.2",",C,29,","","","91.6",",,C,24,","27.4",",C,21,","5.8","C","5.8",",C","144.9",",,,C","19.83",",C","24.20",",,,C","15.45",",,,C","31",",C","59.0",",C"
"CA006104142","2017-08","44.2167","-76.6","93.0","KINGSTON CLIMATE, ON CA","112.8","C","40.8",",C","11",",C","8",",C","0",",C","","","0",",C","0",",C","0",",C","26",",C","0",",C","20170831",",,C","","","20170815",",,C","20170818",",,C","6.7",",C,31,","","","16.0",",,C,15,","26.8",",C,18,","36.3","C","30.5",",C","72.9",",,,C","18.67",",C","23.42",",,,C","13.92",",,,C","25",",C","72.0",",C"
"CA006104142","2017-09","44.2167","-76.6","93.0","KINGSTON CLIMATE, ON CA","","","","","3","5,C","3","5,C","0","5,C","","","0","4,C","0","4,C","","","","","","","20170930",",4,C","","","20170904",",5,C","","","2.4","4,C,30,","","","11.6","5,,C,04,","","","","","","","28.6","5,,,C","","","","","11.13","4,,,C","15",",C","57.0",",C"
"CA006104142","2017-10","44.2167","-76.6","93.0","KINGSTON CLIMATE, ON CA","","","0.0",",C","17",",C","8",",C","4",",C","","","0",",C","2",",C","0",",C","5",",C","0",",C","20171017",",,C","","","20171009",",,C","20171010","+,,C","-1.1",",C,17,","","","53.6",",,C,09,","22.5",",C,10,+","","","183.2",",C","187.5",",,,C","12.42",",C","16.94",",,,C","7.91",",,,C","24",",C","72.0",",C"
"CA006104142","2018-01","44.2167","-76.6","93.0","KINGSTON CLIMATE, ON CA","0.0","C","0.0",",C","17",",C","7",",C","0",",C","30",",","11",",C","29",",C","17",",C","0",",C","0",",C","20180101",",,C","20180101",",,C","20180112",",,C","20180112",",,C","-32.8",",C,01,","210",",,C,01,","18.8",",,C,12,","9.4",",C,12,","","","823.3",",C","73.0",",,,C","-8.23",",C","-3.30",",,,C","-13.15",",,,C","25",",C","59.0",",C"
"CA006104142","2018-02","44.2167","-76.6","93.0","KINGSTON CLIMATE, ON CA","0.0","C","0.0",",C","18",",C","9",",C","0",",C","20",",","2",",C","26",",C","12",",C","0",",C","0",",C","20180208",",,C","20180211","+,,C","20180220",",,C","20180221",",,C","-20.1",",C,08,","220",",,C,11,+","22.0",",,C,20,","11.4",",C,21,","","","608.3",",C","74.2",",,,C","-3.39",",C","1.19",",,,C","-7.97",",,,C","18",",C","80.0",",C"
"CA006104142","2018-03","44.2167","-76.6","93.0","KINGSTON CLIMATE, ON CA","0.0","C","0.0",",C","17",",C","7",",C","0",",C","11",",","0",",C","28",",C","7",",C","0",",C","0",",C","20180319",",,C","20180315","+,,C","20180329",",,C","20180331",",,C","-13.1",",C,19,","80",",,C,15,+","16.4",",,C,29,","8.9",",C,31,","","","589.3",",C","52.3",",,,C","-0.68",",C","2.68",",,,C","-4.04",",,,C","18",",C","67.0",",C"
"CA006104142","2018-04","44.2167","-76.6","93.0","KINGSTON CLIMATE, ON CA","","","","","14","5,C","9","5,C","1","5,C","","","","","","","","","","","","","","","","","20180416",",5,C","","","","","","","29.7","5,,C,16,","","","","","","","126.1","5,,,C","","","","","","","22","3,C","87.0","3,C"
"CA006104142","2018-05","44.2167","-76.6","93.0","KINGSTON CLIMATE, ON CA","","","6.6",",C","8",",C","3",",C","1",",C","","","0",",C","0",",C","0",",C","11",",C","0",",C","20180512",",,C","","","20180515",",,C","20180530",",,C","0.5",",C,12,","","","30.1",",,C,15,","30.0",",C,30,","","","150.3",",C","53.0",",,,C","13.70",",C","19.68",",,,C","7.72",",,,C","23",",C","93.0",",C"
"CA006104142","2018-06","44.2167","-76.6","93.0","KINGSTON CLIMATE, ON CA","","","19.4","2,C","10","3,C","4","3,C","1","3,C","","","0","2,C","0","2,C","0","2,C","16","2,C","0","2,C","20180612",",2,C","","","20180603",",3,C","20180630",",2,C","6.3","2,C,12,","","","34.2","3,,C,03,","30.2","2,C,30,","","","63.1","2,C","77.5","3,,,C","16.77","2,C","21.90","2,,,C","11.65","2,,,C","31","3,C","54.0","3,C"
"CA006104142","2018-07","44.2167","-76.6","93.0","KINGSTON CLIMATE, ON CA","","","110.2",",C","6",",C","4",",C","1",",C","","","0",",C","0",",C","0",",C","31",",C","0",",C","20180707",",,C","","","20180725",",,C","20180704",",,C","9.6",",C,07,","","","33.4",",,C,25,","31.1",",C,04,","3.1","C","3.1",",C","57.4",",,,C","21.79",",C","26.91",",,,C","16.66",",,,C","3","3,C","48.0","3,C"
"CA006104142","2018-08","44.2167","-76.6","93.0","KINGSTON CLIMATE, ON CA","","","107.3",",C","15",",C","7",",C","2",",C","","","0",",C","0",",C","0",",C","31",",C","0",",C","20180830","+,,C","","","20180808",",,C","20180806",",,C","11.2",",C,30,+","","","32.4",",,C,08,","31.4",",C,06,","6.2","C","3.1",",C","102.0",",,,C","21.70",",C","26.05",",,,C","17.34",",,,C","","","",""
"CA006104142","2018-09","44.2167","-76.6","93.0","KINGSTON CLIMATE, ON CA","","","48.0",",C","10",",C","4",",C","1",",C","","","0",",C","0",",C","0",",C","17",",C","0",",C","20180923",",,C","","","20180925",",,C","20180903",",,C","4.1",",C,23,","","","29.4",",,C,25,","30.8",",C,03,","84.3","C","78.1",",C","68.1",",,,C","17.33",",C","21.93",",,,C","12.72",",,,C","","","",""
"CA006104142","2018-10","44.2167","-76.6","93.0","KINGSTON CLIMATE, ON CA","","","1.5",",C","16",",C","9",",C","0",",C","","","0",",C","7",",C","0",",C","4",",C","0",",C","20181018",",,C","","","20181002",",,C","20181004",",,C","-2.6",",C,18,","","","23.3",",,C,02,","24.1",",C,04,","398.8","C","314.5",",C","83.3",",,,C","8.24",",C","12.12",",,,C","4.36",",,,C","","","",""
"CA006104142","2018-11","44.2167","-76.6","93.0","KINGSTON CLIMATE, ON CA","","","0.0","1,C","19","1,C","9","1,C","1","1,C","","","0","1,C","19","1,C","2","1,C","0","1,C","0","1,C","20181122",",1,C","","","20181126",",1,C","20181106",",1,C","-16.7","1,C,22,","","","26.1","1,,C,26,","12.9","1,C,06,","897.1","C","498.3","1,C","115.8","1,,,C","1.15","1,C","4.65","1,,,C","-2.35","1,,,C","","","",""
"CA006104142","2018-12","44.2167","-76.6","93.0","KINGSTON CLIMATE, ON CA","","","0.0",",C","16",",C","7",",C","1",",C","","","0",",C","27",",C","10",",C","0",",C","0",",C","20181227",",,C","","","20181221",",,C","20181221",",,C","-13.8",",C,27,","","","49.5",",,C,21,","11.5",",C,21,","1530.9","C","633.8",",C","106.2",",,,C","-2.11",",C","1.90",",,,C","-6.12",",,,C","","","",""
"CA006104142","2019-01","44.2167","-76.6","93.0","KINGSTON CLIMATE, ON CA","0.0","C","0.0",",C","23",",C","11",",C","0",",C","","","6",",C","31",",C","19",",C","0",",C","0",",C","20190122",",,C","","","20190123",",,C","20190101",",,C","-27.3",",C,22,","","","11.5",",,C,23,","8.9",",C,01,","2362.0","C","831.1",",C","72.5",",,,C","-8.48",",C","-3.53",",,,C","-13.43",",,,C","21","5,C","79.0","5,C"
"CA006104142","2019-02","44.2167","-76.6","93.0","KINGSTON CLIMATE, ON CA","0.0","C","0.0",",C","17",",C","10",",C","0",",C","17","5,","2",",C","27",",C","17",",C","0",",C","0",",C","20190201",",,C","20190213",",5,C","20190212",",,C","20190204",",,C","-20.1",",C,01,","170","5,,C,13,","14.2",",,C,12,","6.9",",C,04,","3039.7","C","677.7",",C","72.1",",,,C","-5.87",",C","-1.64",",,,C","-10.10",",,,C","","","",""
"CA006104142","2019-03","44.2167","-76.6","93.0","KINGSTON CLIMATE, ON CA","0.0","C","0.0",",C","17",",C","7",",C","0",",C","11","2,","1",",C","27",",C","9",",C","0",",C","0",",C","20190306",",,C","20190303",",2,C","20190330",",,C","20190314",",,C","-18.2",",C,06,","100","2,,C,03,","24.7",",,C,30,","10.6",",C,14,","3685.8","C","646.1",",C","65.5",",,,C","-2.51",",C","1.73",",,,C","-6.75",",,,C","","","",""
"CA006104142","2019-04","44.2167","-76.6","93.0","KINGSTON CLIMATE, ON CA","0.0","C","0.0",",C","12",",C","7",",C","0",",C","","","0",",C","12",",C","0",",C","0",",C","0",",C","20190401",",,C","","","20190419",",,C","20190423",",,C","-4.9",",C,01,","","","23.1",",,C,19,","17.9",",C,23,","4075.9","C","390.1",",C","81.2",",,,C","5.33",",C","9.67",",,,C","0.99",",,,C","","","",""
"CA006104142","2019-05","44.2167","-76.6","93.0","KINGSTON CLIMATE, ON CA","0.0","C","0.0","1,C","14","1,C","12","1,C","0","1,C","","","0","1,C","0","1,C","0","1,C","2","1,C","0","1,C","20190505",",1,C","","","20190510",",1,C","20190526",",1,C","1.8","1,C,05,","","","21.1","1,,C,10,","24.3","1,C,26,","4301.3","C","225.4","1,C","124.7","1,,,C","10.82","1,C","15.25","1,,,C","6.38","1,,,C","","","",""
"CA006104142","2019-06","44.2167","-76.6","93.0","KINGSTON CLIMATE, ON CA","12.4","C","12.4",",C","11",",C","8",",C","0",",C","","","0",",C","0",",C","0",",C","19",",C","0",",C","20190604",",,C","","","20190620",",,C","20190629",",,C","5.6",",C,04,","","","17.9",",,C,20,","27.0",",C,29,","4361.7","C","60.4",",C","77.1",",,,C","16.73",",C","22.09",",,,C","11.38",",,,C","","","",""
"CA006104142","2019-07","44.2167","-76.6","93.0","KINGSTON CLIMATE, ON CA","110.0","C","97.6",",C","8",",C","3",",C","0",",C","","","0",",C","0",",C","0",",C","31",",C","0",",C","20190708",",,C","","","20190725",",,C","20190721",",,C","9.8",",C,08,","","","13.3",",,C,25,","31.7",",C,21,","1.7","C","1.7",",C","27.5",",,,C","21.43",",C","26.48",",,,C","16.37",",,,C","","","",""
"CA006104142","2019-08","44.2167","-76.6","93.0","KINGSTON CLIMATE, ON CA","164.6","C","54.6",",C","12",",C","7",",C","0",",C","","","0",",C","0",",C","0",",C","31",",C","0",",C","20190825",",,C","","","20190828",",,C","20190819",",,C","10.0",",C,25,","","","11.2",",,C,28,","27.9",",C,19,","8.2","C","6.5",",C","57.7",",,,C","19.88",",C","24.88",",,,C","14.89",",,,C","","","",""
"CA006104142","2019-09","44.2167","-76.6","93.0","KINGSTON CLIMATE, ON CA","174.1","C","9.5",",C","15",",C","8",",C","0",",C","","","0",",C","0",",C","0",",C","11",",C","0",",C","20190910",",,C","","","20190902",",,C","20190911",",,C","5.4",",C,10,","","","21.2",",,C,02,","26.6",",C,11,","106.7","C","98.5",",C","79.2",",,,C","15.37",",C","20.79",",,,C","9.94",",,,C","","","",""
"CA006104142","2019-10","44.2167","-76.6","93.0","KINGSTON CLIMATE, ON CA","177.0","C","2.9",",C","14",",C","10",",C","2",",C","","","0",",C","4",",C","0",",C","1",",C","0",",C","20191019",",,C","","","20191031",",,C","20191001",",,C","-2.2",",C,19,","","","52.4",",,C,31,","26.1",",C,01,","372.6","C","265.9",",C","177.0",",,,C","9.85",",C","14.81",",,,C","4.89",",,,C","","","",""
"CA006104142","2019-11","44.2167","-76.6","93.0","KINGSTON CLIMATE, ON CA","177.0","C","0.0",",C","15",",C","3",",C","0",",C","","","0",",C","24",",C","7",",C","0",",C","0",",C","20191113",",,C","","","20191127",",,C","20191104",",,C","-16.2",",C,13,","","","8.5",",,C,27,","11.2",",C,04,","923.1","C","550.5",",C","29.4",",,,C","-0.02",",C","4.32",",,,C","-4.35",",,,C","22","5,C","100.0","5,C"
"CA006104142","2019-12","44.2167","-76.6","93.0","KINGSTON CLIMATE, ON CA","177.0","C","0.0",",C","16",",C","8",",C","1",",C","","","3",",C","25",",C","9",",C","0",",C","0",",C","20191219",",,C","","","20191214",",,C","20191227","+,,C","-20.6",",C,19,","","","30.7",",,C,14,","8.8",",C,27,+","1577.0","C","653.9",",C","85.5",",,,C","-2.76",",C","1.27",",,,C","-6.79",",,,C","","","",""
"CA006104142","2020-01","44.2167","-76.6","93.0","KINGSTON CLIMATE, ON CA","0.0","C","0.0","1,C","11","1,C","7","1,C","1","1,C","","","3","1,C","25","1,C","11","1,C","0","1,C","0","1,C","20200120",",1,C","","","20200111",",1,C","20200111",",1,C","-20.6","1,C,20,","","","38.1","1,,C,11,","10.4","1,C,11,","2231.7","C","654.7","1,C","93.6","1,,,C","-3.49","1,C","0.25","1,,,C","-7.24","1,,,C","","","",""
"CA006104142","2020-02","44.2167","-76.6","93.0","KINGSTON CLIMATE, ON CA","0.0","C","0.0",",C","12",",C","5",",C","0",",C","29",",","3",",C","29",",C","11",",C","0",",C","0",",C","20200214",",,C","20200215","+,,C","20200227",",,C","20200224",",,C","-24.2",",C,14,","210",",,C,15,+","10.5",",,C,27,","5.6",",C,24,","2891.1","C","659.4",",C","41.2",",,,C","-4.40",",C","-0.36",",,,C","-8.45",",,,C","","","",""
"CA006104142","2020-03","44.2167","-76.6","93.0","KINGSTON CLIMATE, ON CA","0.0","C","0.0",",C","13",",C","10",",C","0",",C","","","0",",C","24",",C","2",",C","0",",C","0",",C","20200301",",,C","","","20200329",",,C","20200320",",,C","-14.1",",C,01,","","","10.2",",,C,29,","15.6",",C,20,","3408.7","C","517.6",",C","61.2",",,,C","1.64",",C","5.84",",,,C","-2.56",",,,C","","","",""
"CA006104142","2020-04","44.2167","-76.6","93.0","KINGSTON CLIMATE, ON CA","0.0","C","0.0",",C","10",",C","5",",C","2",",C","","","0",",C","19",",C","0",",C","0",",C","0",",C","20200423",",,C","","","20200430",",,C","20200429",",,C","-5.7",",C,23,","","","47.2",",,C,30,","16.4",",C,29,","3820.8","C","412.1",",C","100.5",",,,C","4.60",",C","9.37",",,,C","-0.18",",,,C","","","",""
"CA006104142","2020-05","44.2167","-76.6","93.0","KINGSTON CLIMATE, ON CA","7.1","C","7.1",",C","13",",C","3",",C","0",",C","","","0",",C","6",",C","0",",C","9",",C","0",",C","20200509",",,C","","","20200525",",,C","20200527",",,C","-4.0",",C,09,","","","16.7",",,C,25,","29.1",",C,27,","4052.5","C","231.7",",C","33.2",",,,C","11.09",",C","16.75",",,,C","5.43",",,,C","","","",""
"CA006104142","2020-06","44.2167","-76.6","93.0","KINGSTON CLIMATE, ON CA","41.7","C","34.6",",C","8",",C","4",",C","1",",C","","","0",",C","0",",C","0",",C","19",",C","0",",C","20200601",",,C","","","20200627",",,C","20200622","+,,C","2.6",",C,01,","","","36.8",",,C,27,","28.6",",C,22,+","4110.9","C","58.4",",C","62.2",",,,C","17.54",",C","23.01",",,,C","12.07",",,,C","","","",""
"CA006104142","2020-07","44.2167","-76.6","93.0","KINGSTON CLIMATE, ON CA","184.7","C","143.0","1,C","11","1,C","5","1,C","2","1,C","","","0","1,C","0","1,C","0","1,C","30","1,C","0","1,C","20200705",",1,C","","","20200711",",1,C","20200710",",1,C","13.8","1,C,05,","","","41.0","1,,C,11,","32.0","1,C,10,","0.0","C","0.0","1,C","102.3","1,,,C","23.10","1,C","27.80","1,,,C","18.40","1,,,C","","","",""
"CA006104142","2020-08","44.2167","-76.6","93.0","KINGSTON CLIMATE, ON CA","257.8","C","73.1",",C","14",",C","8",",C","1",",C","","","0",",C","0",",C","0",",C","29",",C","0",",C","20200826",",,C","","","20200827",",,C","20200824","+,,C","8.3",",C,26,","","","41.7",",,C,27,","29.2",",C,24,+","14.7","C","14.7",",C","126.2",",,,C","20.22",",C","25.29",",,,C","15.15",",,,C","","","",""
"CA006104142","2020-09","44.2167","-76.6","93.0","KINGSTON CLIMATE, ON CA","270.8","C","13.0","1,C","9","1,C","4","1,C","0","1,C","","","0","1,C","0","1,C","0","1,C","14","1,C","0","1,C","20200919",",1,C","","","20200930",",1,C","20200902",",1,C","0.3","1,C,19,","","","18.3","1,,C,30,","25.2","1,C,02,","117.6","C","102.9","1,C","51.3","1,,,C","15.23","1,C","20.27","1,,,C","10.19","1,,,C","","","",""
"CA006104142","2020-10","44.2167","-76.6","93.0","KINGSTON CLIMATE, ON CA","270.8","C","0.0",",C","17",",C","11",",C","0",",C","","","0",",C","4",",C","0",",C","1",",C","0",",C","20201031",",,C","","","20201026",",,C","20201010",",,C","-7.5",",C,31,","","","12.9",",,C,26,","21.5",",C,10,","409.8","C","292.2",",C","80.6",",,,C","8.91",",C","13.72",",,,C","4.09",",,,C","25","5,C","69.0","5,C"
"CA006104142","2020-11","44.2167","-76.6","93.0","KINGSTON CLIMATE, ON CA","270.8","C","0.0",",C","9",",C","8",",C","1",",C","","","0",",C","11",",C","0",",C","0",",C","0",",C","20201118",",,C","","","20201122",",,C","20201110",",,C","-9.3",",C,18,","","","28.0",",,C,22,","17.8",",C,10,","791.5","C","381.7",",C","77.0",",,,C","5.61",",C","9.64",",,,C","1.58",",,,C","","","",""
"CA006104142","2020-12","44.2167","-76.6","93.0","KINGSTON CLIMATE, ON CA","270.8","C","0.0",",C","13",",C","7",",C","1",",C","","","0",",C","21",",C","7",",C","0",",C","0",",C","20201216",",,C","","","20201224",",,C","20201213",",,C","-13.9",",C,16,","","","31.2",",,C,24,","9.5",",C,13,","1385.4","C","593.9",",C","83.8",",,,C","-0.83",",C","2.60",",,,C","-4.25",",,,C","17","5,C","67.0","5,C"
"CA006104142","2021-01","44.2167","-76.6","93.0","KINGSTON CLIMATE, ON CA","0.0","C","0.0",",C","9",",C","5",",C","0",",C","30","1,","3",",C","31",",C","17",",C","0",",C","0",",C","20210131",",,C","20210127",",1,C","20210116",",,C","20210115",",,C","-20.0",",C,31,","140","1,,C,27,","13.6",",,C,16,","3.7",",C,15,","2100.6","C","715.2",",C","38.3",",,,C","-4.74",",C","-1.47",",,,C","-8.01",",,,C","","","",""
"CA006104142","2021-02","44.2167","-76.6","93.0","KINGSTON CLIMATE, ON CA","0.0","C","0.0",",C","14",",C","3",",C","0",",C","28",",","4",",C","28",",C","17",",C","0",",C","0",",C","20210213",",,C","20210216",",,C","20210227",",,C","20210224",",,C","-20.3",",C,13,","240",",,C,16,","8.3",",,C,27,","6.5",",C,24,","2792.9","C","692.3",",C","32.3",",,,C","-6.39",",C","-2.20",",,,C","-10.59",",,,C","","","",""
"CA006104142","2021-03","44.2167","-76.6","93.0","KINGSTON CLIMATE, ON CA","0.0","C","0.0",",C","11",",C","5",",C","0",",C","","","0",",C","23",",C","6",",C","0",",C","0",",C","20210302",",,C","","","20210326",",,C","20210323",",,C","-16.7",",C,02,","","","24.7",",,C,26,","16.5",",C,23,","3345.4","C","552.5",",C","48.5",",,,C","0.51",",C","5.91",",,,C","-4.89",",,,C","","","",""
"CA006104142","2021-04","44.2167","-76.6","93.0","KINGSTON CLIMATE, ON CA","0.0","C","0.0",",C","13",",C","9",",C","0",",C","","","0",",C","10",",C","0",",C","2",",C","0",",C","20210402",",,C","","","20210428",",,C","20210408",",,C","-6.6",",C,02,","","","15.9",",,C,28,","22.8",",C,08,","3684.4","C","339.0",",C","68.5",",,,C","7.03",",C","11.86",",,,C","2.20",",,,C","","","",""
"CA006104142","2021-05","44.2167","-76.6","93.0","KINGSTON CLIMATE, ON CA","5.3","C","5.3",",C","9",",C","3",",C","0",",C","","","0",",C","1",",C","0",",C","8",",C","0",",C","20210501",",,C","","","20210508",",,C","20210522",",,C","-0.9",",C,01,","","","9.3",",,C,08,","27.2",",C,22,","3893.5","C","209.1",",C","22.9",",,,C","11.76",",C","17.28",",,,C","6.24",",,,C","","","",""
"CA006104142","2021-06","44.2167","-76.6","93.0","KINGSTON CLIMATE, ON CA","55.8","C","50.5",",C","10",",C","4",",C","0",",C","","","0",",C","0",",C","0",",C","25",",C","0",",C","20210623",",,C","","","20210618",",,C","20210628",",,C","7.5",",C,23,","","","17.0",",,C,18,","30.1",",C,28,","3924.8","C","31.3",",C","45.1",",,,C","18.97",",C","24.03",",,,C","13.92",",,,C","","","",""
"CA006104142","2021-07","44.2167","-76.6","93.0","KINGSTON CLIMATE, ON CA","109.9","C","54.1","2,C","15","2,C","7","2,C","1","2,C","","","0","2,C","0","2,C","0","2,C","26","2,C","0","2,C","20210731",",2,C","","","20210705",",2,C","20210706",",2,C","10.0","2,C,31,","","","45.1","2,,C,05,","30.5","2,C,06,","10.1","C","10.1","2,C","122.1","2,,,C","19.85","2,C","24.40","2,,,C","15.30","2,,,C","","","",""
"CA006104142","2021-08","44.2167","-76.6","93.0","KINGSTON CLIMATE, ON CA","232.0","C","122.1",",C","5",",C","5",",C","1",",C","","","0",",C","0",",C","0",",C","30",",C","0",",C","20210816",",,C","","","20210810",",,C","20210830","+,,C","10.4",",C,16,","","","27.1",",,C,10,","29.1",",C,30,+","16.3","C","6.2",",C","44.8",",,,C","22.07",",C","26.27",",,,C","17.87",",,,C","","","",""
"CA006104142","2021-09","44.2167","-76.6","93.0","KINGSTON CLIMATE, ON CA","241.5","C","9.5",",C","10","1,C","6","1,C","0","1,C","","","0",",C","0",",C","0",",C","22",",C","0",",C","20210929",",,C","","","20210923",",1,C","20210905",",,C","4.8",",C,29,","","","18.9","1,,C,23,","25.4",",C,05,","78.2","C","61.9",",C","65.8","1,,,C","16.59",",C","21.75",",,,C","11.42",",,,C","","","",""
"CA006104142","2021-10","44.2167","-76.6","93.0","KINGSTON CLIMATE, ON CA","244.5","C","3.0",",C","13",",C","7",",C","1",",C","","","0",",C","2",",C","0",",C","4",",C","0",",C","20211024",",,C","","","20211026",",,C","20211015","+,,C","-1.8",",C,24,","","","33.4",",,C,26,","21.9",",C,15,+","251.0","C","172.8",",C","107.0",",,,C","12.86",",C","16.56",",,,C","9.15",",,,C","","","",""
"CA006104142","2021-11","44.2167","-76.6","93.0","KINGSTON CLIMATE, ON CA","244.5","C","0.0",",C","14",",C","7",",C","0",",C","","","0",",C","20",",C","2",",C","0",",C","0",",C","20211124",",,C","","","20211112",",,C","20211109",",,C","-9.1",",C,24,","","","14.8",",,C,12,","13.6",",C,09,","708.7","C","457.7",",C","54.2",",,,C","3.08",",C","7.73",",,,C","-1.58",",,,C","","","",""
"CA006104142","2021-12","44.2167","-76.6","93.0","KINGSTON CLIMATE, ON CA","244.5","C","0.0",",C","13",",C","8",",C","0",",C","","","0",",C","26",",C","7",",C","0",",C","0",",C","20211220",",,C","","","20211206",",,C","20211216",",,C","-14.2",",C,20,","","","17.2",",,C,06,","13.6",",C,16,","1291.5","C","582.8",",C","69.7",",,,C","-0.47",",C","3.32",",,,C","-4.25",",,,C","","","",""
"CA006104142","2022-01","44.2167","-76.6","93.0","KINGSTON CLIMATE, ON CA","0.0","C","0.0",",C","12",",C","3",",C","0",",C","","","18",",C","31",",C","24",",C","0",",C","0",",C","20220122",",,C","","","20220117",",,C","20220105",",,C","-27.7",",C,22,","","","21.1",",,C,17,","4.5",",C,05,","2190.8","C","899.3",",C","37.1",",,,C","-10.68",",C","-4.32",",,,C","-17.04",",,,C","","","",""
"CA006104142","2022-02","44.2167","-76.6","93.0","KINGSTON CLIMATE, ON CA","0.0","C","0.0",",C","13",",C","6",",C","1",",C","19",",","8",",C","28",",C","12",",C","0",",C","0",",C","20220214",",,C","20220206","+,,C","20220217",",,C","20220223",",,C","-20.9",",C,14,","140",",,C,06,+","28.0",",,C,17,","8.2",",C,23,","2886.5","C","695.7",",C","74.3",",,,C","-6.51",",C","-0.94",",,,C","-12.09",",,,C","26","2,C","65.0","2,C"
"CA006104142","2022-03","44.2167","-76.6","93.0","KINGSTON CLIMATE, ON CA","0.0","C","0.0",",C","18",",C","8",",C","0",",C","","","1",",C","24",",C","6",",C","0",",C","0",",C","20220304",",,C","","","20220323",",,C","20220306",",,C","-21.4",",C,04,","","","16.0",",,C,23,","14.3",",C,06,","3464.8","C","578.3",",C","65.2",",,,C","-0.32",",C","4.13",",,,C","-4.78",",,,C","","","",""
"CA006104142","2022-04","44.2167","-76.6","93.0","KINGSTON CLIMATE, ON CA","0.0","C","0.0",",C","15",",C","8",",C","0",",C","","","0",",C","13",",C","0",",C","0",",C","0",",C","20220411",",,C","","","20220407",",,C","20220424",",,C","-4.1",",C,11,","","","25.2",",,C,07,","20.0",",C,24,","3836.8","C","372.0",",C","103.6",",,,C","5.93",",C","10.94",",,,C","0.92",",,,C","21","3,C","82.0","3,C"
"CA006104142","2022-05","44.2167","-76.6","93.0","KINGSTON CLIMATE, ON CA","7.2","C","7.2","1,C","13","1,C","7","1,C","0","1,C","","","0","1,C","1","1,C","0","1,C","12","1,C","0","1,C","20220501",",1,C","","","20220516",",1,C","20220531",",1,C","-0.7","1,C,01,","","","19.9","1,,C,16,","28.7","1,C,31,","3975.0","C","138.2","1,C","72.0","1,,,C","13.97","1,C","19.54","1,,,C","8.39","1,,,C","","","",""
"CA006104142","2022-06","44.2167","-76.6","93.0","KINGSTON CLIMATE, ON CA","19.2","C","12.0",",C","11",",C","5",",C","2",",C","","","0",",C","0",",C","0",",C","16",",C","0",",C","20220619",",,C","","","20220601",",,C","20220615",",,C","8.4",",C,19,","","","57.9",",,C,01,","26.2",",C,15,","4028.4","C","53.4",",C","136.6",",,,C","16.96",",C","21.44",",,,C","12.47",",,,C","","","",""
"CA006104142","2022-07","44.2167","-76.6","93.0","KINGSTON CLIMATE, ON CA","94.1","C","74.9",",C","8",",C","6",",C","1",",C","","","0",",C","0",",C","0",",C","30",",C","0",",C","20220710",",,C","","","20220718",",,C","20220723",",,C","10.1",",C,10,","","","28.0",",,C,18,","30.2",",C,23,","4.3","C","4.3",",C","67.4",",,,C","20.61",",C","25.62",",,,C","15.60",",,,C","","","",""
"CA006104142","2022-08","44.2167","-76.6","93.0","KINGSTON CLIMATE, ON CA","191.8","C","97.7",",C","11",",C","9",",C","0",",C","","","0",",C","0",",C","0",",C","31",",C","0",",C","20220813",",,C","","","20220822",",,C","20220808",",,C","9.0",",C,13,","","","24.0",",,C,22,","30.8",",C,08,","7.4","C","3.1",",C","93.0",",,,C","21.38",",C","26.63",",,,C","16.14",",,,C","","","",""
"CA006104142","2022-09","44.2167","-76.6","93.0","KINGSTON CLIMATE, ON CA","206.4","C","14.6",",C","8",",C","6",",C","1",",C","","","0",",C","0",",C","0",",C","13",",C","0",",C","20220930",",,C","","","20220926",",,C","20220910","+,,C","2.0",",C,30,","","","38.7",",,C,26,","25.0",",C,10,+","99.1","C","91.7",",C","65.8",",,,C","15.76",",C","20.15",",,,C","11.37",",,,C","","","",""
"CA006104142","2022-10","44.2167","-76.6","93.0","KINGSTON CLIMATE, ON CA","206.4","C","0.0",",C","7",",C","5",",C","0",",C","","","0",",C","5",",C","0",",C","0",",C","0",",C","20221030",",,C","","","20221017",",,C","20221024",",,C","-2.0",",C,30,","","","12.6",",,C,17,","19.9",",C,24,","369.8","C","270.7",",C","43.1",",,,C","9.60",",C","14.80",",,,C","4.40",",,,C","","","",""
"CA006104142","2022-11","44.2167","-76.6","93.0","KINGSTON CLIMATE, ON CA","206.4","C","0.0",",C","12",",C","8",",C","1",",C","","","0",",C","17",",C","1",",C","0",",C","0",",C","20221121",",,C","","","20221111",",,C","20221106",",,C","-9.0",",C,21,","","","37.2",",,C,11,","19.2",",C,06,","783.2","C","413.4",",C","87.0",",,,C","4.55",",C","8.67",",,,C","0.43",",,,C","","","",""
"CA006104142","2022-12","44.2167","-76.6","93.0","KINGSTON CLIMATE, ON CA","206.4","C","0.0","1,C","12",",C","7",",C","1",",C","","","0","1,C","22","1,C","9","1,C","0","1,C","0","1,C","20221213",",1,C","","","20221223",",,C","20221203",",1,C","-14.6","1,C,13,","","","29.3",",,C,23,","9.6","1,C,03,","1354.8","C","571.6","1,C","90.0",",,,C","-0.72","1,C","2.18","1,,,C","-3.63","1,,,C","","","",""
"CA006104142","2023-01","44.2167","-76.6","93.0","KINGSTON CLIMATE, ON CA","0.0","C","0.0",",C","14",",C","7",",C","0",",C","","","0",",C","27",",C","13",",C","0",",C","0",",C","20230115",",,C","","","20230104",",,C","20230102",",,C","-17.0",",C,15,","","","19.2",",,C,04,","5.5",",C,02,","2015.9","C","661.1",",C","66.0",",,,C","-2.99",",C","0.46",",,,C","-6.45",",,,C","","","",""
"CA006104142","2023-02","44.2167","-76.6","93.0","KINGSTON CLIMATE, ON CA","0.0","C","0.0",",C","11","1,C","4","1,C","0","1,C","","","3",",C","27",",C","9",",C","0",",C","0",",C","20230204",",,C","","","20230209",",1,C","20230215",",,C","-32.1",",C,04,","","","24.7","1,,C,09,","12.2",",C,15,","2636.1","C","620.2",",C","47.1","1,,,C","-3.82",",C","1.39",",,,C","-9.02",",,,C","","","",""
"CA006104142","2023-03","44.2167","-76.6","93.0","KINGSTON CLIMATE, ON CA","0.0","C","0.0",",C","8",",C","6",",C","0",",C","","","0",",C","30",",C","1",",C","0",",C","0",",C","20230312",",,C","","","20230331",",,C","20230326",",,C","-11.6",",C,12,","","","16.1",",,C,31,","9.0",",C,26,","3212.9","C","576.8",",C","68.8",",,,C","-0.27",",C","3.49",",,,C","-4.04",",,,C","","","",""
"CA006104142","2023-04","44.2167","-76.6","93.0","KINGSTON CLIMATE, ON CA","0.3","C","0.3",",C","8",",C","6",",C","1",",C","","","0",",C","9",",C","0",",C","4",",C","0",",C","20230402",",,C","","","20230430",",,C","20230415",",,C","-6.8",",C,02,","","","31.1",",,C,30,","26.9",",C,15,","3539.0","C","326.1",",C","103.5",",,,C","7.47",",C","12.61",",,,C","2.33",",,,C","","","",""
"CA006104142","2023-05","44.2167","-76.6","93.0","KINGSTON CLIMATE, ON CA","0.3","C","0.0",",C","4",",C","4",",C","0",",C","","","0",",C","1",",C","0",",C","3",",C","0",",C","20230518",",,C","","","20230520",",,C","20230529",",,C","-1.4",",C,18,","","","15.8",",,C,20,","25.5",",C,29,","3762.9","C","223.9",",C","33.9",",,,C","11.11",",C","16.92",",,,C","5.30",",,,C","","","",""
"CA006104142","2023-06","44.2167","-76.6","93.0","KINGSTON CLIMATE, ON CA","36.1","C","35.8","1,C","10","1,C","5","1,C","1","1,C","","","0","1,C","0","1,C","0","1,C","22","1,C","0","1,C","20230604",",1,C","","","20230624",",1,C","20230602",",1,C","4.3","1,C,04,","","","31.4","1,,C,24,","30.5","1,C,02,","3813.5","C","50.6","1,C","74.9","1,,,C","17.82","1,C","22.97","1,,,C","12.68","1,,,C","","","",""
"CA006104142","2023-07","44.2167","-76.6","93.0","KINGSTON CLIMATE, ON CA","126.2","C","90.1",",C","10",",C","6",",C","2",",C","","","0",",C","0",",C","0",",C","31",",C","0",",C","20230730",",,C","","","20230727",",,C","20230706",",,C","10.8",",C,30,","","","43.0",",,C,27,","30.1",",C,06,","3.9","C","3.9",",C","102.7",",,,C","21.11",",C","25.76",",,,C","16.46",",,,C","","","",""
"CA006104142","2023-08","44.2167","-76.6","93.0","KINGSTON CLIMATE, ON CA","168.5","C","42.3",",C","13",",C","6",",C","1",",C","","","0",",C","0",",C","0",",C","29",",C","0",",C","20230831",",,C","","","20230807",",,C","20230807",",,C","7.9",",C,31,","","","25.9",",,C,07,","27.7",",C,07,","18.2","C","14.3",",C","75.4",",,,C","19.24",",C","23.72",",,,C","14.76",",,,C","","","",""
"CA006104142","2023-09","44.2167","-76.6","93.0","KINGSTON CLIMATE, ON CA","198.8","C","30.3",",C","2",",C","1",",C","0",",C","","","0",",C","0",",C","0",",C","22",",C","0",",C","20230921",",,C","","","20230918",",,C","20230905",",,C","4.6",",C,21,","","","3.9",",,C,18,","30.0",",C,05,","78.9","C","60.7",",C","6.1",",,,C","17.32",",C","22.85",",,,C","11.79",",,,C","","","",""
"CA006104142","2023-10","44.2167","-76.6","93.0","KINGSTON CLIMATE, ON CA","205.0","C","6.2",",C","13",",C","9",",C","0",",C","","","0",",C","2",",C","0",",C","6",",C","0",",C","20231031",",,C","","","20231006",",,C","20231003",",,C","-4.6",",C,31,","","","19.8",",,C,06,","25.9",",C,03,","296.6","C","217.7",",C","56.8",",,,C","11.51",",C","15.49",",,,C","7.53",",,,C","","","",""
"CA006104142","2023-11","44.2167","-76.6","93.0","KINGSTON CLIMATE, ON CA","205.0","C","0.0","1,C","12","1,C","4","1,C","0","1,C","","","0","1,C","20","1,C","0","1,C","0","1,C","0","1,C","20231120",",1,C","","","20231121",",1,C","20231103",",1,C","-9.0","1,C,20,","","","22.5","1,,C,21,","14.3","1,C,03,","744.3","C","447.7","1,C","49.9","1,,,C","2.90","1,C","7.42","1,,,C","-1.63","1,,,C","","","",""
"CA006104142","2023-12","44.2167","-76.6","93.0","KINGSTON CLIMATE, ON CA","205.0","C","0.0",",C","16",",C","12",",C","1",",C","","","0",",C","19",",C","5",",C","0",",C","0",",C","20231206",",,C","","","20231218",",,C","20231210",",,C","-10.6",",C,06,","","","30.5",",,C,18,","9.7",",C,10,","1288.6","C","544.3",",C","119.0",",,,C","0.78",",C","3.76",",,,C","-2.21",",,,C","","","",""
"CA006104142","2024-01","44.2167","-76.6","93.0","KINGSTON CLIMATE, ON CA","0.0","","0.0",",C","14",",C","11",",C","0",",C","","","1",",C","26",",C","12",",C","0",",C","0",",C","20240120",",,C","","","20240109",",,C","20240109",",,C","-17.9",",C,20,","","","22.8",",,C,09,","8.7",",C,09,","1957.9","","669.3",",C","96.8",",,,C","-3.26",",C","-0.35",",,,C","-6.16",",,,C","","","",""
"CA006104142","2024-02","44.2167","-76.6","93.0","KINGSTON CLIMATE, ON CA","0.0","","0.0",",C","6",",C","3",",C","0",",C","","","0",",C","24",",C","10",",C","0",",C","0",",C","20240224",",,C","","","20240215",",,C","20240210",",,C","-14.7",",C,24,","","","4.1",",,C,15,","12.5",",C,10,","2544.0","","586.1",",C","14.9",",,,C","-1.88",",C","2.59",",,,C","-6.34",",,,C","","","",""
"CA006104142","2024-03","44.2167","-76.6","93.0","KINGSTON CLIMATE, ON CA","0.0","","0.0",",C","13",",C","5",",C","0",",C","","","0",",C","18",",C","4",",C","0",",C","0",",C","20240322",",,C","","","20240314",",,C","20240304",",,C","-11.4",",C,22,","","","11.6",",,C,14,","15.2",",C,04,","3029.3","","485.3",",C","52.4",",,,C","2.68",",C","7.08",",,,C","-1.72",",,,C","","","",""
"CA006104142","2024-04","44.2167","-76.6","93.0","KINGSTON CLIMATE, ON CA","0.0","","0.0","2,C","16","2,C","5","2,C","2","2,C","","","0","2,C","8","2,C","0","2,C","1","2,C","0","2,C","20240426",",2,C","","","20240403",",2,C","20240428",",2,C","-3.7","2,C,26,","","","33.5","2,,C,03,","21.1","2,C,28,","3355.5","","326.2","2,C","87.0","2,,,C","6.68","2,C","11.43","2,,,C","1.93","2,,,C","","","",""
