"STATION","DATE","LATITUDE","LONGITUDE","ELEVATION","NAME","CDSD","CDSD_ATTRIBUTES","CLDD","CLDD_ATTRIBUTES","DP01","DP01_ATTRIBUTES","DP10","DP10_ATTRIBUTES","DP1X","DP1X_ATTRIBUTES","DSND","DSND_ATTRIBUTES","DSNW","DSNW_ATTRIBUTES","DT00","DT00_ATTRIBUTES","DT32","DT32_ATTRIBUTES","DX32","DX32_ATTRIBUTES","DX70","DX70_ATTRIBUTES","DX90","DX90_ATTRIBUTES","DYNT","DYNT_ATTRIBUTES","DYSD","DYSD_ATTRIBUTES","DYSN","DYSN_ATTRIBUTES","DYXP","DYXP_ATTRIBUTES","DYXT","DYXT_ATTRIBUTES","EMNT","EMNT_ATTRIBUTES","EMSD","EMSD_ATTRIBUTES","EMSN","EMSN_ATTRIBUTES","EMXP","EMXP_ATTRIBUTES","EMXT","EMXT_ATTRIBUTES","HDSD","HDSD_ATTRIBUTES","HTDD","HTDD_ATTRIBUTES","PRCP","PRCP_ATTRIBUTES","SNOW","SNOW_ATTRIBUTES","TAVG","TAVG_ATTRIBUTES","TMAX","TMAX_ATTRIBUTES","TMIN","TMIN_ATTRIBUTES"
"CA001142574","1963-03","50.2333","-116.9667","549.0","DUNCAN LAKE DAM, BC CA","","","0.0","2,C","6",",C","3",",C","0",",C","","","","","0",",C","19",",C","0","2,C","0","2,C","0","2,C","19630315","+,,C","","","","","19630330",",,C","19630321",",2,C","-6.7",",C,15,+","","","","","5.8",",,C,30,","13.3","2,C,21,","","","436.1","2,C","16.4",",,,C","","","3.22","2,C","7.58","2,,,C","-1.13",",,,C"
"CA001142574","1963-04","50.2333","-116.9667","549.0","DUNCAN LAKE DAM, BC CA","","","0.0","1,C","8",",C","4",",C","0",",C","","","0",",C","0",",C","8",",C","0","1,C","3","1,C","0","1,C","19630402",",,C","","","19630430","+,,C","19630405",",,C","19630427",",1,C","-5.6",",C,02,","","","0",",,C,30,+","5.8",",,C,05,","22.8","1,C,27,","","","316.1","1,C","18.8",",,,C","0",",,,C","7.45","1,C","13.79","1,,,C","1.11",",,,C"
"CA001142574","1963-05","50.2333","-116.9667","549.0","DUNCAN LAKE DAM, BC CA","","","","","8",",C","5",",C","0",",C","","","0",",C","","","","","","","","","","","","","","","19630531","+,,C","19630505",",,C","","","","","","","0",",,C,31,+","10.4",",,C,05,","","","","","","","37.3",",,,C","0",",,,C","","","","","",""
"CA001142574","1963-06","50.2333","-116.9667","549.0","DUNCAN LAKE DAM, BC CA","","","6.4","1,C","15",",C","10",",C","1",",C","","","0",",C","0","1,C","0","1,C","0",",C","16",",C","0",",C","19630627","+,1,C","","","19630630","+,,C","19630629",",,C","19630615",",,C","3.3","1,C,27,+","","","0",",,C,30,+","29.7",",,C,29,","31.1",",C,15,","","","96.7",",C","97.1",",,,C","0",",,,C","15.14","1,C","21.80",",,,C","8.49","1,,,C"
"CA001142574","1963-07","50.2333","-116.9667","549.0","DUNCAN LAKE DAM, BC CA","","","7.2",",C","15",",C","10",",C","0",",C","","","0",",C","0",",C","0",",C","0",",C","26",",C","0",",C","19630701",",,C","","","19630731","+,,C","19630714",",,C","19630704",",,C","3.3",",C,01,","","","0",",,C,31,+","12.7",",,C,14,","28.9",",C,04,","56.0","C","56.0",",C","77.4",",,,C","0",",,,C","16.76",",C","23.77",",,,C","9.74",",,,C"
"CA001142574","1963-08","50.2333","-116.9667","549.0","DUNCAN LAKE DAM, BC CA","","","30.6",",C","10",",C","4",",C","0",",C","","","0",",C","0",",C","0",",C","0",",C","26",",C","0",",C","19630823",",,C","","","19630831","+,,C","19630812",",,C","19630809",",,C","7.2",",C,23,","","","0",",,C,31,+","6.6",",,C,12,","31.7",",C,09,","84.6","C","28.6",",C","25.9",",,,C","0",",,,C","18.40",",C","26.15",",,,C","10.65",",,,C"
"CA001142574","1963-09","50.2333","-116.9667","549.0","DUNCAN LAKE DAM, BC CA","","","7.0",",C","7",",C","5",",C","0",",C","","","0",",C","0",",C","0",",C","0",",C","21",",C","0",",C","19630915",",,C","","","19630930","+,,C","19630913",",,C","19630910","+,,C","4.4",",C,15,","","","0",",,C,30,+","24.1",",,C,13,","28.9",",C,10,+","165.5","C","80.9",",C","57.4",",,,C","0",",,,C","15.87",",C","22.70",",,,C","9.04",",,,C"
"CA001142574","1963-10","50.2333","-116.9667","549.0","DUNCAN LAKE DAM, BC CA","","","0.0","4,C","14",",C","8",",C","0",",C","","","0",",C","0",",C","7",",C","0","4,C","1","4,C","0","4,C","19631030",",,C","","","19631031","+,,C","19631022",",,C","19631001",",4,C","-2.8",",C,30,","","","0",",,C,31,+","18.5",",,C,22,","21.7","4,C,01,","443.8","C","278.3","4,C","81.0",",,,C","0",",,,C","7.97","4,C","12.64","4,,,C","3.31",",,,C"
"CA001142574","1963-11","50.2333","-116.9667","549.0","DUNCAN LAKE DAM, BC CA","","","0.0",",C","20","2,C","11","2,C","0","2,C","","","2",",C","0",",C","15",",C","3",",C","0",",C","0",",C","19631121",",,C","","","19631122",",,C","19631126",",2,C","19631126","+,,C","-9.4",",C,21,","","","102",",,C,22,","16.0","2,,C,26,","8.9",",C,26,+","928.8","C","485.0",",C","91.3",",a,,C","127",",,,C","2.17",",C","4.81",",,,C","-0.48",",,,C"
"CA001142574","1963-12","50.2333","-116.9667","549.0","DUNCAN LAKE DAM, BC CA","","","0.0",",C","","","","","","","","","","","0",",C","29",",C","16",",C","0",",C","0",",C","19631211","+,,C","","","","","","","19631223",",,C","-16.7",",C,11,+","","","","","","","7.2",",C,23,","1576.4","C","647.6",",C","","","","","-2.56",",C","0.18",",,,C","-5.29",",,,C"
"CA001142574","1964-01","50.2333","-116.9667","549.0","DUNCAN LAKE DAM, BC CA","0.0","","0.0",",C","","","","","","","","","","","0",",C","30",",C","13",",C","0",",C","0",",C","19640107",",,C","","","","","","","19640104",",,C","-8.3",",C,07,","","","","","","","8.9",",C,04,","2175.3","","598.9",",C","","","","","-0.99",",C","1.45",",,,C","-3.42",",,,C"
"CA001142574","1964-02","50.2333","-116.9667","549.0","DUNCAN LAKE DAM, BC CA","0.0","","0.0",",C","","","","","","","","","","","0",",C","29",",C","1",",C","0",",C","0",",C","19640227","+,,C","","","","","","","19640227","+,,C","-10.6",",C,27,+","","","","","","","5.6",",C,27,+","2742.2","","566.9",",C","","","","","-1.21",",C","3.08",",,,C","-5.51",",,,C"
"CA001142574","1964-03","50.2333","-116.9667","549.0","DUNCAN LAKE DAM, BC CA","0.0","","0.0",",C","8",",C","7",",C","0",",C","","","3",",C","0",",C","29",",C","2",",C","0",",C","0",",C","19640324",",,C","","","19640325",",,C","19640314",",,C","19640331",",,C","-13.9",",C,24,","","","76",",,C,25,","10.7",",,C,14,","16.7",",C,31,","3281.6","","539.4",",C","42.1",",,,C","152",",,,C","0.93",",C","5.22",",,,C","-3.35",",,,C"
"CA001142574","1964-04","50.2333","-116.9667","549.0","DUNCAN LAKE DAM, BC CA","0.0","","0.0",",C","9",",C","5",",C","0",",C","","","0",",C","0",",C","22",",C","0",",C","0",",C","0",",C","19640418",",,C","","","19640430","+,,C","19640421",",,C","19640424",",,C","-5.0",",C,18,","","","0",",,C,30,+","15.2",",,C,21,","20.0",",C,24,","3661.5","","379.9",",C","33.6",",,,C","0",",,,C","5.67",",C","12.13",",,,C","-0.79",",,,C"
"CA001142574","1964-05","50.2333","-116.9667","549.0","DUNCAN LAKE DAM, BC CA","0.0","","0.0",",C","15",",C","8",",C","0",",C","","","0",",C","0",",C","3",",C","0",",C","12",",C","0",",C","19640515",",,C","","","19640531","+,,C","19640505",",,C","19640531","+,,C","-2.2",",C,15,","","","0",",,C,31,+","5.3",",,C,05,","24.4",",C,31,+","3901.0","","239.5",",C","41.4",",,,C","0",",,,C","10.61",",C","17.48",",,,C","3.74",",,,C"
"CA001142574","1964-06","50.2333","-116.9667","549.0","DUNCAN LAKE DAM, BC CA","0.0","","0.0","2,C","10",",C","6",",C","0",",C","","","0",",C","0",",C","0",",C","0","2,C","13","2,C","0","2,C","19640622","+,,C","","","19640630","+,,C","19640607",",,C","19640623",",2,C","3.9",",C,22,+","","","0",",,C,30,+","21.8",",,C,07,","27.2","2,C,23,","4018.9","","117.9","2,C","51.6",",,,C","0",",,,C","14.18","2,C","21.06","2,,,C","7.29",",,,C"
"CA001142574","1964-07","50.2333","-116.9667","549.0","DUNCAN LAKE DAM, BC CA","15.3","","15.3",",C","11","1,C","6","1,C","0","1,C","","","0",",C","0",",C","0",",C","0",",C","24",",C","1",",C","19640701",",,C","","","19640731","+,,C","19640730",",1,C","19640708",",,C","6.1",",C,01,","","","0",",,C,31,+","20.6","1,,C,30,","33.9",",C,08,","39.9","","39.9",",C","64.3","1,,,C","0",",,,C","17.54",",C","25.10",",,,C","9.97",",,,C"
"CA001142574","1964-08","50.2333","-116.9667","549.0","DUNCAN LAKE DAM, BC CA","16.1","","0.8",",C","12",",C","7",",C","0",",C","","","0",",C","0",",C","0",",C","0",",C","19",",C","0",",C","19640825",",,C","","","19640831","+,,C","19640804",",,C","19640817","+,,C","3.9",",C,25,","","","0",",,C,31,+","19.8",",,C,04,","27.2",",C,17,+","140.9","","101.0",",C","60.9",",,,C","0",",,,C","15.10",",C","21.80",",,,C","8.41",",,,C"
"CA001142574","1964-09","50.2333","-116.9667","549.0","DUNCAN LAKE DAM, BC CA","16.1","","0.0",",C","13",",C","9",",C","1",",C","","","0",",C","0",",C","3",",C","0",",C","3",",C","0",",C","19640911",",,C","","","19640930","+,,C","19640917",",,C","19640916","+,,C","-0.6",",C,11,","","","0",",,C,30,+","28.2",",,C,17,","22.2",",C,16,+","364.0","","223.1",",C","98.2",",,,C","0",",,,C","10.90",",C","16.40",",,,C","5.39",",,,C"
"CA001142574","1964-10","50.2333","-116.9667","549.0","DUNCAN LAKE DAM, BC CA","16.1","","0.0",",C","8",",C","6",",C","0",",C","","","0",",C","0",",C","13",",C","0",",C","0",",C","0",",C","19641028","+,,C","","","19641031","+,,C","19641014",",,C","19641007",",,C","-1.7",",C,28,+","","","0",",,C,31,+","8.4",",,C,14,","18.3",",C,07,","714.1","","350.1",",C","33.9",",,,C","0",",,,C","7.04",",C","12.01",",,,C","2.07",",,,C"
"CA001142574","1965-01","50.2333","-116.9667","549.0","DUNCAN LAKE DAM, BC CA","0.0","C","0.0",",C","17",",C","15",",C","1",",C","","","15",",C","0",",C","31",",C","9",",C","0",",C","0",",C","19650125","+,,C","","","19650126",",,C","19650126",",,C","19650131","+,,C","-10.6",",C,25,+","","","267",",,C,26,","26.7",",,C,26,","3.3",",C,31,+","","","608.8",",C","110.3",",,,C","1103",",,,C","-1.31",",C","1.30",",,,C","-3.92",",,,C"
"CA001142574","1965-02","50.2333","-116.9667","549.0","DUNCAN LAKE DAM, BC CA","0.0","C","0.0",",C","17",",C","13",",C","0",",C","","","6",",C","0",",C","27",",C","9",",C","0",",C","0",",C","19650214",",,C","","","19650221",",,C","19650226",",,C","19650219",",,C","-12.2",",C,14,","","","127",",,C,21,","14.5",",,C,26,","7.2",",C,19,","","","571.8",",C","99.2",",,,C","477",",,,C","-2.09",",C","1.75",",,,C","-5.93",",,,C"
"CA001142574","1965-03","50.2333","-116.9667","549.0","DUNCAN LAKE DAM, BC CA","0.0","C","0.0",",C","3",",C","2",",C","0",",C","","","2",",C","1",",C","31",",C","6",",C","0",",C","0",",C","19650324",",,C","","","19650328",",,C","19650328",",,C","19650331",",,C","-18.3",",C,24,","","","178",",,C,28,","17.8",",,C,28,","12.8",",C,31,","","","595.2",",C","22.9",",,,C","229",",,,C","-0.87",",C","6.05",",,,C","-7.79",",,,C"
"CA001142574","1965-04","50.2333","-116.9667","549.0","DUNCAN LAKE DAM, BC CA","0.0","C","0.0",",C","4",",C","1",",C","0",",C","","","0",",C","0",",C","21",",C","0",",C","2",",C","0",",C","19650408",",,C","","","19650430","+,,C","19650418",",,C","19650429","+,,C","-4.4",",C,08,","","","0",",,C,30,+","2.5",",,C,18,","21.1",",C,29,+","","","335.9",",C","6.1",",,,C","0",",,,C","7.14",",C","14.59",",,,C","-0.32",",,,C"
"CA001142574","1965-05","50.2333","-116.9667","549.0","DUNCAN LAKE DAM, BC CA","0.0","C","0.0",",C","11",",C","7",",C","0",",C","","","0",",C","0",",C","9",",C","0",",C","13",",C","0",",C","19650507",",,C","","","19650504",",,C","19650516","+,,C","19650525",",,C","-3.3",",C,07,","","","0",",T,C,04,","10.2",",,C,16,+","25.0",",C,25,","","","228.9",",C","59.3",",,,C","0",",T,,C","10.95",",C","19.14",",,,C","2.76",",,,C"
"CA001142574","1965-06","50.2333","-116.9667","549.0","DUNCAN LAKE DAM, BC CA","0.8","C","0.8",",C","7","2,C","2","2,C","0","2,C","","","0",",C","0",",C","0",",C","0",",C","23",",C","0",",C","19650607",",,C","","","19650630","+,,C","19650612",",2,C","19650610","+,,C","1.1",",C,07,","","","0",",,C,30,+","10.7","2,,C,12,","30.0",",C,10,+","","","92.6",",C","35.1",",a,,C","0",",,,C","15.28",",C","23.27",",,,C","7.28",",,,C"
"CA001142574","1965-07","50.2333","-116.9667","549.0","DUNCAN LAKE DAM, BC CA","35.9","C","35.1",",C","8",",C","6",",C","0",",C","","","0",",C","0",",C","0",",C","0",",C","29",",C","3",",C","19650719",",,C","","","19650731","+,,C","19650717",",,C","19650730",",,C","5.6",",C,19,","","","0",",,C,31,+","19.1",",,C,17,","35.0",",C,30,","19.4","C","19.4",",C","50.5",",,,C","0",",,,C","18.84",",C","27.21",",,,C","10.47",",,,C"
"CA001142574","1965-08","50.2333","-116.9667","549.0","DUNCAN LAKE DAM, BC CA","87.5","C","51.6",",C","15",",C","7",",C","0",",C","","","0",",C","0",",C","0",",C","0",",C","24",",C","4",",C","19650831",",,C","","","19650831","+,,C","19650803",",,C","19650801",",,C","3.3",",C,31,","","","0",",,C,31,+","11.2",",,C,03,","35.0",",C,01,","51.1","C","31.7",",C","53.7",",,,C","0",",,,C","18.97",",C","25.60",",,,C","12.35",",,,C"
"CA001142574","1965-09","50.2333","-116.9667","549.0","DUNCAN LAKE DAM, BC CA","87.5","C","0.0",",C","12",",C","4",",C","1",",C","","","0",",C","0",",C","5",",C","0",",C","2",",C","0",",C","19650916",",,C","","","19650930","+,,C","19650925",",,C","19650907",",,C","-3.9",",C,16,","","","0",",,C,30,+","31.2",",,C,25,","22.2",",C,07,","310.4","C","259.3",",C","60.7",",,,C","0",",,,C","9.69",",C","15.84",",,,C","3.54",",,,C"
"CA001142574","1965-10","50.2333","-116.9667","549.0","DUNCAN LAKE DAM, BC CA","87.5","C","0.0",",C","13",",C","3",",C","0",",C","","","0",",C","0",",C","3",",C","0",",C","0",",C","0",",C","19651011",",,C","","","19651031","+,,C","19651007",",,C","19651002","+,,C","-2.2",",C,11,","","","0",",,C,31,+","9.4",",,C,07,","16.1",",C,02,+","633.1","C","322.7",",C","31.4",",,,C","0",",,,C","7.92",",C","12.21",",,,C","3.64",",,,C"
"CA001142574","1965-11","50.2333","-116.9667","549.0","DUNCAN LAKE DAM, BC CA","87.5","C","0.0",",C","16",",C","14",",C","0",",C","","","7",",C","0",",C","20",",C","5",",C","0",",C","0",",C","19651126",",,C","","","19651113",",,C","19651103",",,C","19651102",",,C","-11.1",",C,26,","","","81",",,C,13,","14.2",",,C,03,","11.7",",C,02,","1141.1","C","508.0",",C","105.0",",,,C","398",",,,C","1.40",",C","4.24",",,,C","-1.44",",,,C"
"CA001142574","1965-12","50.2333","-116.9667","549.0","DUNCAN LAKE DAM, BC CA","87.5","C","0.0",",C","14",",C","12",",C","0",",C","","","8",",C","0",",C","26",",C","6",",C","0",",C","0",",C","19651223",",,C","","","19651228",",,C","19651228",",,C","19651206","+,,C","-15.0",",C,23,","","","203",",,C,28,","20.3",",,C,28,","7.2",",C,06,+","1717.4","C","576.3",",C","134.3",",,,C","811",",,,C","-0.26",",C","2.22",",,,C","-2.74",",,,C"
"CA001142574","1966-01","50.2333","-116.9667","549.0","DUNCAN LAKE DAM, BC CA","0.0","C","0.0",",C","21","2,C","17","2,C","1","2,C","","","14",",C","1",",C","27",",C","13",",C","0",",C","0",",C","19660120",",,C","","","19660125",",,C","19660125",",2,C","19660114","+,,C","-18.9",",C,20,","","","254",",,C,25,","25.4","2,,C,25,","4.4",",C,14,+","2369.9","C","652.5",",C","171.3",",a,,C","1374",",a,,C","-2.71",",C","-0.21",",,,C","-5.22",",,,C"
"CA001142574","1966-02","50.2333","-116.9667","549.0","DUNCAN LAKE DAM, BC CA","0.0","C","0.0","1,C","8","4,C","7","4,C","0","4,C","","","6","1,C","0","1,C","23","1,C","6",",C","0",",C","0",",C","19660215",",1,C","","","19660216",",1,C","19660216",",4,C","19660221","+,,C","-16.7","1,C,15,","","","64","1,,C,16,","6.4","4,,C,16,","7.8",",C,21,+","2877.3","C","507.4",",C","34.1","4,,,C","308","1,,,C","-0.49","1,C","2.83",",,,C","-3.81","1,,,C"
"CA001142574","1966-03","50.2333","-116.9667","549.0","DUNCAN LAKE DAM, BC CA","0.0","C","0.0",",C","10",",C","7",",C","0",",C","","","3",",C","0",",C","23",",C","1",",C","0",",C","0",",C","19660304",",,C","","","19660306",",,C","19660308",",,C","19660329","+,,C","-16.1",",C,04,","","","127",",,C,06,","13.7",",,C,08,","15.0",",C,29,+","3390.6","C","513.3",",C","46.3",",,,C","193",",,,C","1.78",",C","6.96",",,,C","-3.41",",,,C"
"CA001142574","1966-04","50.2333","-116.9667","549.0","DUNCAN LAKE DAM, BC CA","0.0","C","0.0",",C","8",",C","7",",C","0",",C","","","0",",C","0",",C","14",",C","0",",C","0",",C","0",",C","19660418",",,C","","","19660430","+,,C","19660426",",,C","19660407",",,C","-6.7",",C,18,","","","0",",,C,30,+","8.4",",,C,26,","18.3",",C,07,","3737.8","C","347.2",",C","38.2",",,,C","0",",,,C","6.76",",C","12.87",",,,C","0.65",",,,C"
"CA001142574","1966-05","50.2333","-116.9667","549.0","DUNCAN LAKE DAM, BC CA","1.4","C","1.4",",C","11",",C","10",",C","1",",C","","","0",",C","0",",C","2",",C","0",",C","13",",C","0",",C","19660518",",,C","","","19660531","+,,C","19660521",",,C","19660505",",,C","-1.1",",C,18,","","","0",",,C,31,+","25.4",",,C,21,","30.0",",C,05,","3928.4","C","190.6",",C","71.1",",,,C","0",",,,C","12.23",",C","19.95",",,,C","4.51",",,,C"
"CA001142574","1966-06","50.2333","-116.9667","549.0","DUNCAN LAKE DAM, BC CA","1.4","C","0.0",",C","13",",C","6",",C","0",",C","","","0",",C","0",",C","0",",C","0",",C","12",",C","0",",C","19660606",",,C","","","19660630","+,,C","19660627",",,C","19660616",",,C","3.3",",C,06,","","","0",",,C,30,+","14.2",",,C,27,","27.8",",C,16,","4042.3","C","113.9",",C","47.0",",,,C","0",",,,C","14.54",",C","20.74",",,,C","8.34",",,,C"
"CA001142574","1966-07","50.2333","-116.9667","549.0","DUNCAN LAKE DAM, BC CA","22.7","C","21.3",",C","11",",C","4",",C","0",",C","","","0",",C","0",",C","0",",C","0",",C","24",",C","0",",C","19660721",",,C","","","19660731","+,,C","19660702",",,C","19660730",",,C","6.7",",C,21,","","","0",",,C,31,+","13.5",",,C,02,","31.7",",C,30,","40.8","C","40.8",",C","37.1",",,,C","0",",,,C","17.70",",C","25.00",",,,C","10.41",",,,C"
"CA001142574","1966-08","50.2333","-116.9667","549.0","DUNCAN LAKE DAM, BC CA","41.1","C","18.4",",C","9",",C","4",",C","0",",C","","","0",",C","0",",C","0",",C","0",",C","23",",C","3",",C","19660821","+,,C","","","19660831","+,,C","19660827",",,C","19660823",",,C","3.9",",C,21,+","","","0",",,C,31,+","11.2",",,C,27,","33.3",",C,23,","97.9","C","57.1",",C","31.1",",,,C","0",",,,C","17.09",",C","24.61",",,,C","9.56",",,,C"
"CA001142574","1966-09","50.2333","-116.9667","549.0","DUNCAN LAKE DAM, BC CA","41.1","C","0.0",",C","6",",C","1",",C","0",",C","","","0",",C","0",",C","0",",C","0",",C","18",",C","0",",C","19660930",",,C","","","19660930","+,,C","19660918",",,C","19660906",",,C","1.1",",C,30,","","","0",",,C,30,+","2.5",",,C,18,","28.3",",C,06,","216.4","C","118.5",",C","9.3",",,,C","0",",,,C","14.38",",C","21.77",",,,C","7.00",",,,C"
"CA001142574","1966-10","50.2333","-116.9667","549.0","DUNCAN LAKE DAM, BC CA","41.1","C","0.0",",C","14",",C","8",",C","0",",C","","","0",",C","0",",C","7",",C","0",",C","0",",C","0",",C","19661017",",,C","","","19661022","+,,C","19661001",",,C","19661008","+,,C","-2.2",",C,17,","","","0",",T,C,22,+","21.1",",,C,01,","17.2",",C,08,+","580.4","C","364.0",",C","95.3",",,,C","0",",T,,C","6.59",",C","10.89",",,,C","2.29",",,,C"
"CA001142574","1966-11","50.2333","-116.9667","549.0","DUNCAN LAKE DAM, BC CA","41.1","C","0.0",",C","21",",C","16",",C","0",",C","","","5",",C","0",",C","19",",C","1",",C","0",",C","0",",C","19661111",",,C","","","19661113",",,C","19661125",",,C","19661102",",,C","-11.1",",C,11,","","","86",",,C,13,","10.2",",,C,25,","11.1",",C,02,","1064.1","C","483.7",",C","105.4",",,,C","347",",,,C","2.21",",C","4.87",",,,C","-0.45",",,,C"
"CA001142574","1966-12","50.2333","-116.9667","549.0","DUNCAN LAKE DAM, BC CA","41.1","C","0.0",",C","15","3,C","13","3,C","0","3,C","","","7",",C","0",",C","20",",C","7",",C","0",",C","0",",C","19661227",",,C","","","19661210",",,C","19661212",",3,C","19661218",",,C","-10.0",",C,27,","","","137",",,C,10,","15.2","3,,C,12,","7.8",",C,18,","1631.1","C","567.0",",C","96.8",",a,,C","391",",,,C","0.04",",C","2.42",",,,C","-2.33",",,,C"
"CA001142574","1967-01","50.2333","-116.9667","549.0","DUNCAN LAKE DAM, BC CA","0.0","C","0.0",",C","16",",C","16",",C","0",",C","","","12",",C","0",",C","28",",C","5",",C","0",",C","0",",C","19670107",",,C","","","19670126",",,C","19670104",",,C","19670130","+,,C","-10.0",",C,07,","","","157",",,C,26,","16.3",",,C,04,","5.0",",C,30,+","2216.4","C","585.3",",C","147.8",",,,C","932",",,,C","-0.55",",C","1.65",",,,C","-2.75",",,,C"
"CA001142574","1967-02","50.2333","-116.9667","549.0","DUNCAN LAKE DAM, BC CA","0.0","C","0.0",",C","12",",C","8",",C","0",",C","","","4",",C","0",",C","25",",C","2",",C","0",",C","0",",C","19670220",",,C","","","19670217","+,,C","19670212",",,C","19670224",",,C","-10.0",",C,20,","","","61",",,C,17,+","7.1",",,C,12,","8.3",",C,24,","2730.4","C","514.0",",C","47.7",",,,C","246",",,,C","-0.03",",C","2.94",",,,C","-2.99",",,,C"
"CA001142574","1967-03","50.2333","-116.9667","549.0","DUNCAN LAKE DAM, BC CA","0.0","C","0.0",",C","13",",C","7",",C","0",",C","","","2",",C","0",",C","23",",C","2",",C","0",",C","0",",C","19670313",",,C","","","19670310",",,C","19670322",",,C","19670331",",,C","-8.9",",C,13,","","","51",",,C,10,","15.7",",,C,22,","11.1",",C,31,","3258.2","C","527.8",",C","56.5",",,,C","101",",,,C","1.31",",C","4.91",",,,C","-2.30",",,,C"
"CA001142574","1967-04","50.2333","-116.9667","549.0","DUNCAN LAKE DAM, BC CA","0.0","C","0.0",",C","3","2,C","2","2,C","0","2,C","","","0",",C","0",",C","17",",C","0",",C","0",",C","0",",C","19670423","+,,C","","","19670430","+,,C","19670405",",2,C","19670424",",,C","-3.3",",C,23,+","","","0",",,C,30,+","8.9","2,,C,05,","18.9",",C,24,","3625.9","C","367.7",",C","27.2",",a,,C","0",",,,C","6.08",",C","12.39",",,,C","-0.23",",,,C"
"CA001142574","1967-05","50.2333","-116.9667","549.0","DUNCAN LAKE DAM, BC CA","0.0","C","0.0",",C","9",",C","4",",C","0",",C","","","0",",C","0",",C","5",",C","0",",C","10",",C","0",",C","19670501",",,C","","","19670531","+,,C","19670508",",,C","19670519",",,C","-2.2",",C,01,","","","0",",,C,31,+","12.2",",,C,08,","25.0",",C,19,","3853.8","C","227.9",",C","38.8",",,,C","0",",,,C","10.98",",C","17.65",",,,C","4.31",",,,C"
"CA001142574","1967-06","50.2333","-116.9667","549.0","DUNCAN LAKE DAM, BC CA","8.2","C","8.2",",C","8",",C","4",",C","0",",C","","","0",",C","0",",C","0",",C","0",",C","24",",C","1",",C","19670612","+,,C","","","19670630","+,,C","19670602",",,C","19670620",",,C","2.8",",C,12,+","","","0",",,C,30,+","9.9",",,C,02,","32.8",",C,20,","3912.7","C","58.9",",C","29.0",",,,C","0",",,,C","16.64",",C","25.13",",,,C","8.15",",,,C"
"CA001142574","1967-07","50.2333","-116.9667","549.0","DUNCAN LAKE DAM, BC CA","52.8","C","44.6",",C","7",",C","4",",C","0",",C","","","0",",C","0",",C","0",",C","0",",C","29",",C","5",",C","19670710",",,C","","","19670731","+,,C","19670720",",,C","19670703",",,C","5.0",",C,10,","","","0",",,C,31,+","10.4",",,C,20,","33.3",",C,03,","24.2","C","24.2",",C","22.8",",,,C","0",",,,C","18.99",",C","28.05",",,,C","9.94",",,,C"
"CA001142574","1967-08","50.2333","-116.9667","549.0","DUNCAN LAKE DAM, BC CA","126.6","C","73.8",",C","2",",C","0",",C","0",",C","","","0",",C","0",",C","0",",C","0",",C","30",",C","17",",C","19670827","+,,C","","","19670831","+,,C","19670806",",,C","19670813",",,C","5.0",",C,27,+","","","0",",,C,31,+","1.0",",,C,06,","35.0",",C,13,","36.7","C","12.5",",C","1.8",",,,C","0",",,,C","20.31",",C","31.02",",,,C","9.60",",,,C"
"CA001142574","1967-09","50.2333","-116.9667","549.0","DUNCAN LAKE DAM, BC CA","131.8","C","5.2",",C","6",",C","3",",C","0",",C","","","0",",C","0",",C","0",",C","0",",C","26",",C","1",",C","19670923",",,C","","","19670930","+,,C","19670905",",,C","19670901",",,C","1.7",",C,23,","","","0",",,C,30,+","15.0",",,C,05,","32.2",",C,01,","123.3","C","86.6",",C","30.6",",,,C","0",",,,C","15.62",",C","23.96",",,,C","7.29",",,,C"
"CA001142574","1967-10","50.2333","-116.9667","549.0","DUNCAN LAKE DAM, BC CA","131.8","C","0.0",",C","23",",C","13",",C","0",",C","","","0",",C","0",",C","5",",C","0",",C","0",",C","0",",C","19671024",",,C","","","19671031","+,,C","19671027",",,C","19671009",",,C","-2.2",",C,24,","","","0",",,C,31,+","17.0",",,C,27,","17.2",",C,09,","468.5","C","345.2",",C","105.7",",,,C","0",",,,C","7.20",",C","10.63",",,,C","3.76",",,,C"
"CA001142574","1967-11","50.2333","-116.9667","549.0","DUNCAN LAKE DAM, BC CA","131.8","C","0.0",",C","14",",C","4",",C","0",",C","","","1",",C","0",",C","21",",C","3",",C","0",",C","0",",C","19671126",",,C","","","19671129",",,C","19671129",",,C","19671116","+,,C","-8.9",",C,26,","","","193",",,C,29,","19.3",",,C,29,","9.4",",C,16,+","972.9","C","504.4",",C","46.6",",,,C","236",",,,C","1.52",",C","4.80",",,,C","-1.76",",,,C"
"CA001142574","1967-12","50.2333","-116.9667","549.0","DUNCAN LAKE DAM, BC CA","131.8","C","0.0",",C","19",",C","13",",C","1",",C","","","9",",C","0",",C","29",",C","12",",C","0",",C","0",",C","19671220",",,C","","","19671221",",,C","19671221",",,C","19671210",",,C","-16.1",",C,20,","","","279",",,C,21,","27.9",",,C,21,","6.1",",C,10,","1625.6","C","652.7",",C","107.0",",,,C","720",",,,C","-2.72",",C","0.13",",,,C","-5.57",",,,C"
"CA001142574","1968-01","50.2333","-116.9667","549.0","DUNCAN LAKE DAM, BC CA","0.0","C","0.0",",C","21",",C","16",",C","0",",C","","","9",",C","1",",C","25",",C","17",",C","0",",C","0",",C","19680129",",,C","","","19680106",",,C","19680106",",,C","19680124",",,C","-18.3",",C,29,","","","213",",,C,06,","21.3",",,C,06,","6.1",",C,24,","2290.0","C","664.4",",C","121.2",",,,C","920",",,,C","-3.10",",C","-0.52",",,,C","-5.68",",,,C"
"CA001142574","1968-02","50.2333","-116.9667","549.0","DUNCAN LAKE DAM, BC CA","0.0","C","0.0",",C","12",",C","8",",C","0",",C","","","2",",C","0",",C","24",",C","3",",C","0",",C","0",",C","19680217",",,C","","","19680218",",,C","19680223",",,C","19680229",",,C","-13.3",",C,17,","","","140",",,C,18,","21.6",",,C,23,","10.0",",C,29,","2817.3","C","527.3",",C","71.5",",,,C","216",",,,C","0.15",",C","4.47",",,,C","-4.17",",,,C"
"CA001142574","1968-03","50.2333","-116.9667","549.0","DUNCAN LAKE DAM, BC CA","0.0","C","0.0",",C","14",",C","8",",C","0",",C","","","2",",C","0",",C","23",",C","0",",C","0",",C","0",",C","19680310",",,C","","","19680315",",,C","19680315",",,C","19680322",",,C","-5.0",",C,10,","","","51",",,C,15,","14.2",",,C,15,","13.9",",C,22,","3280.2","C","462.9",",C","60.8",",,,C","76",",,,C","3.40",",C","7.76",",,,C","-0.96",",,,C"
"CA001142574","1968-04","50.2333","-116.9667","549.0","DUNCAN LAKE DAM, BC CA","0.0","C","0.0",",C","11",",C","3",",C","0",",C","","","0",",C","0",",C","13",",C","0",",C","2",",C","0",",C","19680417",",,C","","","19680412",",,C","19680430",",,C","19680429",",,C","-5.0",",C,17,","","","15",",,C,12,","10.7",",,C,30,","25.0",",C,29,","3663.9","C","383.7",",C","29.6",",,,C","18",",,,C","5.54",",C","11.08",",,,C","0.00",",,,C"
"CA001142574","1968-05","50.2333","-116.9667","549.0","DUNCAN LAKE DAM, BC CA","0.0","C","0.0",",C","11",",C","5",",C","0",",C","","","0",",C","0",",C","4",",C","0",",C","11",",C","0",",C","19680503",",,C","","","19680531","+,,C","19680522",",,C","19680518",",,C","-1.1",",C,03,","","","0",",,C,31,+","17.0",",,C,22,","26.1",",C,18,","3887.2","C","223.3",",C","58.0",",,,C","0",",,,C","11.13",",C","18.15",",,,C","4.11",",,,C"
"CA001142574","1968-06","50.2333","-116.9667","549.0","DUNCAN LAKE DAM, BC CA","0.0","C","0.0",",C","13",",C","7",",C","0",",C","","","0",",C","0",",C","0",",C","0",",C","13",",C","0",",C","19680615","+,,C","","","19680630","+,,C","19680601",",,C","19680625",",,C","2.8",",C,15,+","","","0",",,C,30,+","14.0",",,C,01,","26.7",",C,25,","4022.0","C","134.8",",C","48.8",",,,C","0",",,,C","13.84",",C","20.23",",,,C","7.45",",,,C"
"CA001142574","1968-07","50.2333","-116.9667","549.0","DUNCAN LAKE DAM, BC CA","39.8","C","39.8",",C","7",",C","5",",C","0",",C","","","0",",C","0",",C","0",",C","0",",C","25",",C","6",",C","19680725",",,C","","","19680731","+,,C","19680719",",,C","19680708","+,,C","5.0",",C,25,","","","0",",,C,31,+","20.6",",,C,19,","35.0",",C,08,+","41.3","C","41.3",",C","45.4",",,,C","0",",,,C","18.28",",C","26.84",",,,C","9.73",",,,C"
"CA001142574","1968-08","50.2333","-116.9667","549.0","DUNCAN LAKE DAM, BC CA","46.5","C","6.7",",C","15",",C","9",",C","0",",C","","","0",",C","0",",C","0",",C","0",",C","16",",C","0",",C","19680830",",,C","","","19680831","+,,C","19680814",",,C","19680802","+,,C","5.6",",C,30,","","","0",",,C,31,+","14.5",",,C,14,","30.0",",C,02,+","113.8","C","72.5",",C","65.9",",,,C","0",",,,C","16.21",",C","22.55",",,,C","9.86",",,,C"
"CA001142574","1968-09","50.2333","-116.9667","549.0","DUNCAN LAKE DAM, BC CA","46.5","C","0.0",",C","11",",C","6",",C","0",",C","","","0",",C","0",",C","0",",C","0",",C","8",",C","0",",C","19680930",",,C","","","19680930","+,,C","19680926",",,C","19680911",",,C","1.7",",C,30,","","","0",",,C,30,+","13.2",",,C,26,","24.4",",C,11,","290.9","C","177.1",",C","56.8",",,,C","0",",,,C","12.43",",C","18.26",",,,C","6.59",",,,C"
"CA001142574","1968-10","50.2333","-116.9667","549.0","DUNCAN LAKE DAM, BC CA","46.5","C","0.0",",C","18",",C","13",",C","0",",C","","","0",",C","0",",C","11",",C","0",",C","0",",C","0",",C","19681027","+,,C","","","19681031","+,,C","19681012",",,C","19681001",",,C","-3.3",",C,27,+","","","0",",,C,31,+","8.9",",,C,12,","16.1",",C,01,","672.6","C","381.7",",C","61.8",",,,C","0",",,,C","6.02",",C","10.32",",,,C","1.72",",,,C"
"CA001142574","1968-11","50.2333","-116.9667","549.0","DUNCAN LAKE DAM, BC CA","46.5","C","0.0",",C","16",",C","8",",C","0",",C","","","1",",C","0",",C","23",",C","0",",C","0",",C","0",",C","19681117",",,C","","","19681117",",,C","19681111",",,C","19681107",",,C","-5.6",",C,17,","","","30",",,C,17,","23.9",",,C,11,","9.4",",C,07,","1169.0","C","496.4",",C","73.2",",,,C","40",",,,C","1.79",",C","4.89",",,,C","-1.32",",,,C"
"CA001142574","1968-12","50.2333","-116.9667","549.0","DUNCAN LAKE DAM, BC CA","46.5","C","0.0",",C","22",",C","16",",C","0",",C","","","10",",C","4",",C","29",",C","18",",C","0",",C","0",",C","19681231",",,C","","","19681223",",,C","19681223",",,C","19681210","+,,C","-31.7",",C,31,","","","234",",,C,23,","23.4",",,C,23,","5.6",",C,10,+","1897.8","C","728.8",",C","178.0",",,,C","1267",",,,C","-5.18",",C","-2.70",",,,C","-7.65",",,,C"
"CA001142574","1969-01","50.2333","-116.9667","549.0","DUNCAN LAKE DAM, BC CA","0.0","C","0.0",",C","17",",C","14",",C","0",",C","","","14",",C","10",",C","31",",C","25",",C","0",",C","0",",C","19690123",",,C","","","19690125",",,C","19690125",",,C","19690114",",,C","-28.3",",C,23,","","","127",",,C,25,","12.7",",,C,25,","1.7",",C,14,","2780.5","C","882.7",",C","113.0",",,,C","1130",",,,C","-10.14",",C","-6.42",",,,C","-13.86",",,,C"
"CA001142574","1969-02","50.2333","-116.9667","549.0","DUNCAN LAKE DAM, BC CA","0.0","C","0.0",",C","9",",C","7",",C","0",",C","","","6",",C","1",",C","27",",C","4",",C","0",",C","0",",C","19690207",",,C","","","19690202",",,C","19690208",",,C","19690217",",,C","-17.8",",C,07,","","","66",",,C,02,","8.9",",,C,08,","7.2",",C,17,","3368.2","C","587.7",",C","33.1",",,,C","234",",,,C","-2.66",",C","2.50",",,,C","-7.82",",,,C"
"CA001142574","1969-03","50.2333","-116.9667","549.0","DUNCAN LAKE DAM, BC CA","0.0","C","0.0",",C","7",",C","5",",C","0",",C","","","0",",C","0",",C","27",",C","0",",C","0",",C","0",",C","19690311",",,C","","","19690316",",,C","19690315",",,C","19690327",",,C","-11.7",",C,11,","","","23",",,C,16,","10.7",",,C,15,","15.6",",C,27,","3880.3","C","512.1",",C","34.8",",,,C","41",",,,C","1.81",",C","8.16",",,,C","-4.54",",,,C"
"CA001142574","1969-04","50.2333","-116.9667","549.0","DUNCAN LAKE DAM, BC CA","0.0","C","0.0",",C","11",",C","8",",C","0",",C","","","0",",C","0",",C","12",",C","0",",C","1",",C","0",",C","19690404",",,C","","","19690430","+,,C","19690423",",,C","19690422",",,C","-2.8",",C,04,","","","0",",,C,30,+","22.9",",,C,23,","23.3",",C,22,","4215.0","C","334.7",",C","59.5",",,,C","0",",,,C","7.18",",C","13.00",",,,C","1.35",",,,C"
"CA001142574","1969-05","50.2333","-116.9667","549.0","DUNCAN LAKE DAM, BC CA","0.0","C","0.0",",C","9",",C","5",",C","0",",C","","","0",",C","0",",C","3",",C","0",",C","17",",C","0",",C","19690505",",,C","","","19690531","+,,C","19690529",",,C","19690523",",,C","-1.7",",C,05,","","","0",",,C,31,+","17.8",",,C,29,","27.2",",C,23,","4402.7","C","187.7",",C","46.1",",,,C","0",",,,C","12.28",",C","20.48",",,,C","4.07",",,,C"
"CA001142574","1969-06","50.2333","-116.9667","549.0","DUNCAN LAKE DAM, BC CA","5.6","C","5.6",",C","12",",C","10",",C","0",",C","","","0",",C","0",",C","0",",C","0",",C","20",",C","1",",C","19690614",",,C","","","19690630","+,,C","19690624",",,C","19690609",",,C","2.8",",C,14,","","","0",",,C,30,+","19.1",",,C,24,","32.2",",C,09,","4467.8","C","65.1",",C","95.0",",,,C","0",",,,C","16.35",",C","23.13",",,,C","9.56",",,,C"
"CA001142574","1969-07","50.2333","-116.9667","549.0","DUNCAN LAKE DAM, BC CA","12.6","C","7.0",",C","9",",C","5",",C","0",",C","","","0",",C","0",",C","0",",C","0",",C","24",",C","0",",C","19690716","+,,C","","","19690731","+,,C","19690725",",,C","19690719",",,C","4.4",",C,16,+","","","0",",,C,31,+","21.1",",,C,25,","31.1",",C,19,","68.0","C","68.0",",C","49.8",",,,C","0",",,,C","16.36",",C","24.39",",,,C","8.34",",,,C"
"CA001142574","1969-08","50.2333","-116.9667","549.0","DUNCAN LAKE DAM, BC CA","16.5","C","3.9",",C","3",",C","3",",C","0",",C","","","0",",C","0",",C","0",",C","0",",C","24",",C","0",",C","19690817",",,C","","","19690831","+,,C","19690828",",,C","19690823",",,C","2.2",",C,17,","","","0",",,C,31,+","5.6",",,C,28,","31.1",",C,23,","151.1","C","83.1",",C","14.0",",,,C","0",",,,C","15.78",",C","24.39",",,,C","7.16",",,,C"
"CA001142574","1969-09","50.2333","-116.9667","549.0","DUNCAN LAKE DAM, BC CA","17.3","C","0.8",",C","17",",C","10",",C","0",",C","","","0",",C","0",",C","0",",C","0",",C","8",",C","0",",C","19690916",",,C","","","19690930","+,,C","19690930",",,C","19690910",",,C","1.1",",C,16,","","","0",",,C,30,+","13.5",",,C,30,","28.9",",C,10,","309.5","C","158.4",",C","84.1",",,,C","0",",,,C","13.08",",C","19.01",",,,C","7.16",",,,C"
"CA001142574","1969-10","50.2333","-116.9667","549.0","DUNCAN LAKE DAM, BC CA","17.3","C","0.0",",C","11",",C","5",",C","0",",C","","","0",",C","0",",C","12",",C","0",",C","0",",C","0",",C","19691017","+,,C","","","19691031","+,,C","19691024",",,C","19691010","+,,C","-6.1",",C,17,+","","","0",",,C,31,+","7.6",",,C,24,","16.1",",C,10,+","693.3","C","383.8",",C","32.5",",,,C","0",",,,C","5.95",",C","11.18",",,,C","0.72",",,,C"
"CA001142574","1969-11","50.2333","-116.9667","549.0","DUNCAN LAKE DAM, BC CA","17.3","C","0.0",",C","11","2,C","6","2,C","0","2,C","","","0",",C","0",",C","12",",C","1",",C","0",",C","0",",C","19691128",",,C","","","19691129",",,C","19691104",",2,C","19691105","+,,C","-6.1",",C,28,","","","0",",T,C,29,","21.6","2,,C,04,","10.6",",C,05,+","1143.9","C","450.6",",C","74.7",",a,,C","0",",T,,C","3.31",",C","5.90",",,,C","0.73",",,,C"
"CA001142574","1969-12","50.2333","-116.9667","549.0","DUNCAN LAKE DAM, BC CA","17.3","C","0.0",",C","15",",C","7",",C","0",",C","","","2",",C","0",",C","28",",C","10",",C","0",",C","0",",C","19691228",",,C","","","19691209",",,C","19691213",",,C","19691215","+,,C","-11.1",",C,28,","","","41",",,C,09,","13.0",",,C,13,","7.2",",C,15,+","1731.3","C","587.4",",C","56.9",",,,C","133",",,,C","-0.62",",C","1.58",",,,C","-2.82",",,,C"
"CA001142574","1970-01","50.2333","-116.9667","549.0","DUNCAN LAKE DAM, BC CA","0.0","C","0.0",",C","20",",C","14",",C","0",",C","","","12",",C","1",",C","31",",C","21",",C","0",",C","0",",C","19700117",",,C","","","19700113",",,C","19700113",",,C","19700126","+,,C","-21.7",",C,17,","","","168",",,C,13,","16.8",",,C,13,","3.9",",C,26,+","2445.7","C","714.4",",C","101.6",",,,C","904",",,,C","-4.71",",C","-1.57",",,,C","-7.85",",,,C"
"CA001142574","1970-02","50.2333","-116.9667","549.0","DUNCAN LAKE DAM, BC CA","0.0","C","0.0",",C","7",",C","3",",C","0",",C","","","1",",C","0",",C","27",",C","1",",C","0",",C","0",",C","19700228",",,C","","","19700216",",,C","19700217",",,C","19700224",",,C","-11.7",",C,28,","","","51",",,C,16,","6.9",",,C,17,","7.8",",C,24,","2965.6","C","519.9",",C","21.1",",,,C","76",",,,C","-0.24",",C","4.31",",,,C","-4.78",",,,C"
"CA001142574","1970-03","50.2333","-116.9667","549.0","DUNCAN LAKE DAM, BC CA","0.0","C","0.0",",C","8",",C","4",",C","0",",C","","","1",",C","0",",C","29",",C","3",",C","0",",C","0",",C","19700304",",,C","","","19700305",",,C","19700306",",,C","19700328",",,C","-16.7",",C,04,","","","25",",,C,05,","10.7",",,C,06,","14.4",",C,28,","3486.9","C","521.3",",C","24.5",",,,C","45",",,,C","1.52",",C","7.55",",,,C","-4.52",",,,C"
"CA001142574","1970-04","50.2333","-116.9667","549.0","DUNCAN LAKE DAM, BC CA","0.0","C","0.0",",C","12",",C","4",",C","0",",C","","","0",",C","0",",C","22",",C","0",",C","0",",C","0",",C","19700429","+,,C","","","19700430","+,,C","19700409",",,C","19700428",",,C","-4.4",",C,29,+","","","0",",,C,30,+","17.3",",,C,09,","17.8",",C,28,","3881.9","C","395.0",",C","36.9",",,,C","0",",,,C","5.17",",C","11.44",",,,C","-1.11",",,,C"
"CA001142574","1970-05","50.2333","-116.9667","549.0","DUNCAN LAKE DAM, BC CA","0.0","C","0.0",",C","8",",C","3",",C","0",",C","","","0",",C","0",",C","6",",C","0",",C","13",",C","0",",C","19700501",",,C","","","19700531","+,,C","19700525",",,C","19700516",",,C","-1.7",",C,01,","","","0",",,C,31,+","8.1",",,C,25,","25.6",",C,16,","4100.4","C","218.5",",C","22.2",",,,C","0",",,,C","11.28",",C","18.98",",,,C","3.58",",,,C"
"CA001142574","1970-06","50.2333","-116.9667","549.0","DUNCAN LAKE DAM, BC CA","14.2","C","14.2",",C","12",",C","10",",C","0",",C","","","0",",C","0",",C","0",",C","0",",C","22",",C","1",",C","19700612",",,C","","","19700630","+,,C","19700627",",,C","19700603",",,C","2.8",",C,12,","","","0",",,C,30,+","23.1",",,C,27,","32.8",",C,03,","4163.2","C","62.8",",C","75.3",",,,C","0",",,,C","16.71",",C","24.28",",,,C","9.14",",,,C"
"CA001142574","1970-07","50.2333","-116.9667","549.0","DUNCAN LAKE DAM, BC CA","42.6","C","28.4",",C","11",",C","7",",C","0",",C","","","0",",C","0",",C","0",",C","0",",C","27",",C","1",",C","19700731",",,C","","","19700731","+,,C","19700729",",,C","19700709",",,C","4.4",",C,31,","","","0",",,C,31,+","18.5",",,C,29,","33.9",",C,09,","28.5","C","28.5",",C","52.8",",,,C","0",",,,C","18.33",",C","26.25",",,,C","10.40",",,,C"
"CA001142574","1970-08","50.2333","-116.9667","549.0","DUNCAN LAKE DAM, BC CA","53.3","C","10.7",",C","3",",C","1",",C","0",",C","","","0",",C","0",",C","0",",C","0",",C","30",",C","2",",C","19700819",",,C","","","19700831","+,,C","19700828",",,C","19700823",",,C","2.8",",C,19,","","","0",",,C,31,+","8.6",",,C,28,","33.3",",C,23,","68.4","C","39.9",",C","9.7",",,,C","0",",,,C","17.39",",C","27.75",",,,C","7.04",",,,C"
"CA001142574","1970-09","50.2333","-116.9667","549.0","DUNCAN LAKE DAM, BC CA","53.3","C","0.0",",C","13",",C","10",",C","0",",C","","","0",",C","0",",C","8",",C","0",",C","2",",C","0",",C","19700913",",,C","","","19700930","+,,C","19700903",",,C","19700902",",,C","-5.0",",C,13,","","","0",",,C,30,+","18.8",",,C,03,","22.2",",C,02,","330.8","C","262.4",",C","93.9",",,,C","0",",,,C","9.59",",C","15.64",",,,C","3.53",",,,C"
"CA001142574","1970-10","50.2333","-116.9667","549.0","DUNCAN LAKE DAM, BC CA","53.3","C","0.0",",C","13",",C","5",",C","0",",C","","","0",",C","0",",C","16",",C","0",",C","0",",C","0",",C","19701027",",,C","","","19701025",",,C","19701023",",,C","19701002",",,C","-6.7",",C,27,","","","0",",T,C,25,","11.7",",,C,23,","20.6",",C,02,","744.8","C","414.0",",C","44.7",",,,C","0",",T,,C","4.98",",C","10.57",",,,C","-0.61",",,,C"
"CA001142574","1970-11","50.2333","-116.9667","549.0","DUNCAN LAKE DAM, BC CA","53.3","C","0.0",",C","17",",C","11",",C","0",",C","","","3",",C","0",",C","19",",C","8",",C","0",",C","0",",C","19701122",",,C","","","19701123",",,C","19701123",",,C","19701104",",,C","-13.9",",C,22,","","","208",",,C,23,","20.8",",,C,23,","10.0",",C,04,","1289.9","C","545.1",",C","71.1",",,,C","297",",,,C","0.16",",C","3.42",",,,C","-3.09",",,,C"
"CA001142574","1970-12","50.2333","-116.9667","549.0","DUNCAN LAKE DAM, BC CA","53.3","C","0.0",",C","24",",C","17",",C","0",",C","","","14",",C","0",",C","31",",C","12",",C","0",",C","0",",C","19701222",",,C","","","19701222",",,C","19701206",",,C","19701207",",,C","-15.0",",C,22,","","","173",",,C,22,","18.0",",,C,06,","6.7",",C,07,","1947.8","C","657.9",",C","138.7",",,,C","1025",",,,C","-2.89",",C","-0.15",",,,C","-5.63",",,,C"
"CA001142574","1971-01","50.2333","-116.9667","549.0","DUNCAN LAKE DAM, BC CA","0.0","C","0.0",",C","25",",C","21",",C","1",",C","","","13",",C","2",",C","28",",C","17",",C","0",",C","0",",C","19710105",",,C","","","19710126",",,C","19710129",",,C","19710116",",,C","-20.6",",C,05,","","","183",",,C,26,","29.7",",,C,29,","6.7",",C,16,","2648.8","C","701.0",",C","191.8",",,,C","1274",",,,C","-4.28",",C","-1.26",",,,C","-7.29",",,,C"
"CA001142574","1971-02","50.2333","-116.9667","549.0","DUNCAN LAKE DAM, BC CA","0.0","C","0.0",",C","11",",C","8",",C","0",",C","","","3",",C","3",",C","25",",C","8",",C","0",",C","0",",C","19710206",",,C","","","19710203",",,C","19710212",",,C","19710216",",,C","-19.4",",C,06,","","","56",",,C,03,","19.3",",,C,12,","7.2",",C,16,","3215.8","C","567.0",",C","66.4",",,,C","176",",,,C","-1.92",",C","2.26",",,,C","-6.10",",,,C"
"CA001142574","1971-03","50.2333","-116.9667","549.0","DUNCAN LAKE DAM, BC CA","0.0","C","0.0",",C","13",",C","9",",C","0",",C","","","4",",C","0",",C","30",",C","2",",C","0",",C","0",",C","19710305",",,C","","","19710323",",,C","19710329",",,C","19710330",",,C","-13.3",",C,05,","","","51",",,C,23,","19.6",",,C,29,","10.0",",C,30,","3770.9","C","555.1",",C","64.8",",,,C","178",",,,C","0.43",",C","4.94",",,,C","-4.08",",,,C"
"CA001142574","1971-04","50.2333","-116.9667","549.0","DUNCAN LAKE DAM, BC CA","0.0","C","0.0",",C","8","2,C","5","2,C","0","2,C","","","0",",C","0",",C","17",",C","0",",C","2",",C","0",",C","19710401",",,C","","","19710411","+,,C","19710422",",2,C","19710424",",,C","-5.6",",C,01,","","","0",",T,C,11,+","8.4","2,,C,22,","22.2",",C,24,","4126.0","C","355.1",",C","50.5",",a,,C","0",",T,,C","6.50",",C","13.23",",,,C","-0.24",",,,C"
"CA001142574","1971-05","50.2333","-116.9667","549.0","DUNCAN LAKE DAM, BC CA","0.0","C","0.0",",C","11",",C","5",",C","0",",C","","","0",",C","0",",C","3",",C","0",",C","16",",C","0",",C","19710515",",,C","","","19710531","+,,C","19710505",",,C","19710511","+,,C","-2.8",",C,15,","","","0",",,C,31,+","6.6",",,C,05,","26.1",",C,11,+","4326.6","C","200.6",",C","26.2",",,,C","0",",,,C","11.86",",C","20.02",",,,C","3.70",",,,C"
"CA001142574","1971-06","50.2333","-116.9667","549.0","DUNCAN LAKE DAM, BC CA","3.6","C","3.6",",C","14",",C","11",",C","0",",C","","","0",",C","0",",C","0",",C","0",",C","9",",C","0",",C","19710627",",,C","","","19710630","+,,C","19710623",",,C","19710623","+,,C","1.7",",C,27,","","","0",",,C,30,+","17.8",",,C,23,","28.3",",C,23,+","4472.2","C","145.6",",C","86.4",",,,C","0",",,,C","13.60",",C","19.13",",,,C","8.07",",,,C"
"CA001142574","1971-07","50.2333","-116.9667","549.0","DUNCAN LAKE DAM, BC CA","27.4","C","23.8",",C","9",",C","4",",C","0",",C","","","0",",C","0",",C","0",",C","0",",C","24",",C","2",",C","19710704",",,C","","","19710731","+,,C","19710704",",,C","19710718",",,C","2.8",",C,04,","","","0",",,C,31,+","4.8",",,C,04,","32.8",",C,18,","64.8","C","64.8",",C","22.3",",,,C","0",",,,C","17.01",",C","25.98",",,,C","8.04",",,,C"
"CA001142574","1971-08","50.2333","-116.9667","549.0","DUNCAN LAKE DAM, BC CA","77.1","C","49.7",",C","6",",C","1",",C","0",",C","","","0",",C","0",",C","0",",C","0",",C","29",",C","9",",C","19710824",",,C","","","19710831","+,,C","19710822",",,C","19710810","+,,C","4.4",",C,24,","","","0",",,C,31,+","4.3",",,C,22,","33.9",",C,10,+","89.9","C","25.1",",C","10.6",",,,C","0",",,,C","19.13",",C","29.05",",,,C","9.21",",,,C"
"CA001142574","1971-09","50.2333","-116.9667","549.0","DUNCAN LAKE DAM, BC CA","77.1","C","0.0",",C","15",",C","11",",C","0",",C","","","0",",C","0",",C","6",",C","0",",C","5",",C","0",",C","19710917",",,C","","","19710930","+,,C","19710905",",,C","19710910",",,C","-2.2",",C,17,","","","0",",,C,30,+","11.2",",,C,05,","23.3",",C,10,","322.5","C","232.6",",C","54.3",",,,C","0",",,,C","10.58",",C","16.98",",,,C","4.18",",,,C"
"CA001142574","1971-10","50.2333","-116.9667","549.0","DUNCAN LAKE DAM, BC CA","77.1","C","0.0",",C","14",",C","7",",C","0",",C","","","1",",C","0",",C","17",",C","1",",C","0",",C","0",",C","19711028",",,C","","","19711031",",,C","19711025",",,C","19711008","+,,C","-9.4",",C,28,","","","64",",,C,31,","25.1",",,C,25,","18.3",",C,08,+","728.3","C","405.8",",C","84.9",",,,C","77",",,,C","5.24",",C","10.18",",,,C","0.30",",,,C"
"CA001142574","1971-11","50.2333","-116.9667","549.0","DUNCAN LAKE DAM, BC CA","77.1","C","0.0",",C","18",",C","4",",C","0",",C","","","1",",C","0",",C","19",",C","0",",C","0",",C","0",",C","19711106",",,C","","","19711107",",,C","19711103",",,C","19711113",",,C","-10.6",",C,06,","","","117",",,C,07,","23.4",",,C,03,","10.6",",C,13,","1210.1","C","481.8",",C","68.9",",,,C","117",",,,C","2.27",",C","5.19",",,,C","-0.64",",,,C"
"CA001142574","1971-12","50.2333","-116.9667","549.0","DUNCAN LAKE DAM, BC CA","77.1","C","0.0",",C","21",",C","18",",C","2",",C","","","17",",C","1",",C","31",",C","21",",C","0",",C","0",",C","19711228",",,C","","","19711216",",,C","19711216",",,C","19711222",",,C","-18.3",",C,28,","","","569",",,C,16,","56.9",",,C,16,","3.9",",C,22,","1948.8","C","738.7",",C","197.9",",,,C","1849",",,,C","-5.50",",C","-2.11",",,,C","-8.88",",,,C"
"CA001142574","1972-01","50.2333","-116.9667","549.0","DUNCAN LAKE DAM, BC CA","0.0","C","0.0",",C","17",",C","12",",C","0",",C","","","12",",C","8",",C","31",",C","20",",C","0",",C","0",",C","19720114",",,C","","","19720118",",,C","19720118",",,C","19720121","+,,C","-25.6",",C,14,","","","193",",,C,18,","19.3",",,C,18,","5.6",",C,21,+","2756.1","C","807.3",",C","141.5",",,,C","1298",",,,C","-7.71",",C","-3.32",",,,C","-12.10",",,,C"
"CA001142574","1972-02","50.2333","-116.9667","549.0","DUNCAN LAKE DAM, BC CA","0.0","C","0.0",",C","18",",C","11",",C","0",",C","","","8",",C","3",",C","28",",C","5",",C","0",",C","0",",C","19720203",",,C","","","19720206",",,C","19720215",",,C","19720227",",,C","-25.0",",C,03,","","","99",",,C,06,","18.0",",,C,15,","9.4",",C,27,","3351.3","C","595.2",",C","89.9",",,,C","490",",,,C","-2.19",",C","2.16",",,,C","-6.54",",,,C"
"CA001142574","1972-03","50.2333","-116.9667","549.0","DUNCAN LAKE DAM, BC CA","0.0","C","0.0",",C","22",",C","12",",C","0",",C","","","4",",C","0",",C","23",",C","0",",C","0",",C","0",",C","19720304",",,C","","","19720304",",,C","19720304",",,C","19720331",",,C","-7.2",",C,04,","","","145",",,C,04,","14.5",",,C,04,","14.4",",C,31,","3838.0","C","486.7",",C","84.9",",,,C","352",",,,C","2.63",",C","6.95",",,,C","-1.69",",,,C"
"CA001142574","1972-04","50.2333","-116.9667","549.0","DUNCAN LAKE DAM, BC CA","0.0","C","0.0",",C","12",",C","8",",C","0",",C","","","0",",C","0",",C","24",",C","0",",C","0",",C","0",",C","19720403",",,C","","","19720408",",,C","19720405",",,C","19720427",",,C","-7.2",",C,03,","","","15",",,C,08,","19.6",",,C,05,","20.0",",C,27,","4261.4","C","423.4",",C","51.1",",,,C","15",",,,C","4.22",",C","10.35",",,,C","-1.91",",,,C"
"CA001142574","1972-05","50.2333","-116.9667","549.0","DUNCAN LAKE DAM, BC CA","0.0","C","0.0",",C","11",",C","2",",C","0",",C","","","0",",C","0",",C","4",",C","0",",C","12",",C","0",",C","19720501",",,C","","","19720531","+,,C","19720515",",,C","19720529","+,,C","-3.3",",C,01,","","","0",",,C,31,+","15.2",",,C,15,","28.9",",C,29,+","4457.0","C","195.6",",C","32.3",",,,C","0",",,,C","12.02",",C","20.29",",,,C","3.76",",,,C"
"CA001142574","1972-06","50.2333","-116.9667","549.0","DUNCAN LAKE DAM, BC CA","2.3","C","2.3",",C","13",",C","5",",C","0",",C","","","0",",C","0",",C","0",",C","0",",C","16",",C","0",",C","19720602",",,C","","","19720630","+,,C","19720624",",,C","19720606",",,C","3.9",",C,02,","","","0",",,C,30,+","16.3",",,C,24,","27.2",",C,06,","4579.9","C","122.9",",C","49.0",",,,C","0",",,,C","14.31",",C","20.31",",,,C","8.31",",,,C"
"CA001142574","1972-07","50.2333","-116.9667","549.0","DUNCAN LAKE DAM, BC CA","5.7","C","3.4",",C","14",",C","9",",C","0",",C","","","0",",C","0",",C","0",",C","0",",C","23",",C","0",",C","19720702",",,C","","","19720731","+,,C","19720712",",,C","19720705",",,C","2.2",",C,02,","","","0",",,C,31,+","23.6",",,C,12,","31.7",",C,05,","82.0","C","82.0",",C","73.0",",,,C","0",",,,C","15.80",",C","23.72",",,,C","7.87",",,,C"
"CA001142574","1972-08","50.2333","-116.9667","549.0","DUNCAN LAKE DAM, BC CA","31.6","C","25.9",",C","6",",C","2",",C","0",",C","","","0",",C","0",",C","0",",C","0",",C","30",",C","2",",C","19720831",",,C","","","19720831","+,,C","19720821",",,C","19720807",",,C","3.3",",C,31,","","","0",",,C,31,+","15.7",",,C,21,","33.9",",C,07,","105.1","C","23.1",",C","22.0",",,,C","0",",,,C","18.42",",C","27.64",",,,C","9.21",",,,C"
"CA001142574","1972-09","50.2333","-116.9667","549.0","DUNCAN LAKE DAM, BC CA","31.6","C","0.0",",C","16",",C","10",",C","1",",C","","","0",",C","0",",C","5",",C","0",",C","6",",C","0",",C","19720929","+,,C","","","19720927",",,C","19720908",",,C","19720904",",,C","-2.8",",C,29,+","","","5",",,C,27,","26.7",",,C,08,","26.1",",C,04,","360.9","C","255.8",",C","117.1",",,,C","5",",,,C","9.81",",C","15.78",",,,C","3.83",",,,C"
"CA001142574","1972-10","50.2333","-116.9667","549.0","DUNCAN LAKE DAM, BC CA","31.6","C","0.0",",C","7",",C","2",",C","0",",C","","","0",",C","0",",C","21",",C","0",",C","0",",C","0",",C","19721030","+,,C","","","19721028",",,C","19721025",",,C","19721003",",,C","-5.6",",C,30,+","","","0",",T,C,28,","10.2",",,C,25,","18.3",",C,03,","765.0","C","404.1",",C","24.1",",,,C","0",",T,,C","5.30",",C","11.17",",,,C","-0.58",",,,C"
"CA001142574","1972-11","50.2333","-116.9667","549.0","DUNCAN LAKE DAM, BC CA","31.6","C","0.0",",C","14",",C","5",",C","0",",C","","","0",",C","0",",C","21",",C","0",",C","0",",C","0",",C","19721129",",,C","","","19721125",",,C","19721104",",,C","19721108",",,C","-5.6",",C,29,","","","13",",,C,25,","11.7",",,C,04,","9.4",",C,08,","1249.7","C","484.7",",C","37.7",",,,C","18",",,,C","2.18",",C","5.15",",,,C","-0.80",",,,C"
"CA001142574","1972-12","50.2333","-116.9667","549.0","DUNCAN LAKE DAM, BC CA","31.6","C","0.0",",C","19",",C","15",",C","0",",C","","","7",",C","5",",C","25",",C","19",",C","0",",C","0",",C","19721208",",,C","","","19721213",",,C","19721213",",,C","19721221","+,,C","-21.7",",C,08,","","","170",",,C,13,","17.0",",,C,13,","6.7",",C,21,+","1969.5","C","719.8",",C","134.3",",,,C","614",",,,C","-4.89",",C","-2.09",",,,C","-7.68",",,,C"
"CA001142574","1973-01","50.2333","-116.9667","549.0","DUNCAN LAKE DAM, BC CA","0.0","C","0.0",",C","15",",C","9",",C","0",",C","","","5",",C","5",",C","30",",C","15",",C","0",",C","0",",C","19730107",",,C","","","19730111",",,C","19730111",",,C","19730117",",,C","-22.2",",C,07,","","","132",",,C,11,","13.2",",,C,11,","5.6",",C,17,","2686.7","C","717.2",",C","66.8",",,,C","409",",,,C","-4.80",",C","-1.45",",,,C","-8.16",",,,C"
"CA001142574","1973-02","50.2333","-116.9667","549.0","DUNCAN LAKE DAM, BC CA","0.0","C","0.0",",C","13",",C","6",",C","0",",C","","","2",",C","0",",C","27",",C","5",",C","0",",C","0",",C","19730208",",,C","","","19730211",",,C","19730211",",,C","19730224","+,,C","-16.7",",C,08,","","","81",",,C,11,","8.1",",,C,11,","7.2",",C,24,+","3236.0","C","549.3",",C","34.5",",,,C","172",",,,C","-1.28",",C","2.88",",,,C","-5.45",",,,C"
"CA001142574","1973-03","50.2333","-116.9667","549.0","DUNCAN LAKE DAM, BC CA","0.0","C","0.0",",C","12",",C","6",",C","0",",C","","","0",",C","0",",C","26",",C","0",",C","0",",C","0",",C","19730328","+,,C","","","19730301",",,C","19730310",",,C","19730324",",,C","-5.6",",C,28,+","","","15",",,C,01,","11.2",",,C,10,","15.0",",C,24,","3693.5","C","457.5",",C","48.1",",,,C","20",",,,C","3.57",",C","8.80",",,,C","-1.65",",,,C"
"CA001142574","1973-04","50.2333","-116.9667","549.0","DUNCAN LAKE DAM, BC CA","0.0","C","0.0",",C","7",",C","4",",C","0",",C","","","0",",C","0",",C","17",",C","0",",C","0",",C","0",",C","19730407",",,C","","","19730405",",,C","19730426",",,C","19730410",",,C","-6.7",",C,07,","","","20",",,C,05,","6.4",",,C,26,","20.6",",C,10,","4040.3","C","346.8",",C","20.7",",,,C","20",",,,C","6.77",",C","13.83",",,,C","-0.29",",,,C"
"CA001142574","1973-05","50.2333","-116.9667","549.0","DUNCAN LAKE DAM, BC CA","0.6","C","0.6",",C","11",",C","4",",C","0",",C","","","0",",C","0",",C","7",",C","0",",C","11",",C","0",",C","19730501",",,C","","","19730531","+,,C","19730524",",,C","19730515",",,C","-3.3",",C,01,","","","0",",,C,31,+","13.2",",,C,24,","30.6",",C,15,","4259.4","C","219.1",",C","50.9",",,,C","0",",,,C","11.28",",C","19.21",",,,C","3.35",",,,C"
"CA001142574","1973-06","50.2333","-116.9667","549.0","DUNCAN LAKE DAM, BC CA","3.4","C","2.8",",C","11",",C","6",",C","0",",C","","","0",",C","0",",C","2",",C","0",",C","15",",C","1",",C","19730611",",,C","","","19730630","+,,C","19730612",",,C","19730622",",,C","-1.1",",C,11,","","","0",",,C,30,+","9.1",",,C,12,","32.2",",C,22,","4395.9","C","136.5",",C","39.8",",,,C","0",",,,C","13.87",",C","21.36",",,,C","6.39",",,,C"
"CA001142574","1973-07","50.2333","-116.9667","549.0","DUNCAN LAKE DAM, BC CA","23.2","C","19.8",",C","5",",C","2",",C","0",",C","","","0",",C","0",",C","0",",C","0",",C","28",",C","7",",C","19730707","+,,C","","","19730731","+,,C","19730706",",,C","19730719",",,C","2.8",",C,07,+","","","0",",,C,31,+","4.8",",,C,06,","35.0",",C,19,","38.4","C","38.4",",C","12.3",",,,C","0",",,,C","17.73",",C","27.81",",,,C","7.65",",,,C"
"CA001142574","1973-08","50.2333","-116.9667","549.0","DUNCAN LAKE DAM, BC CA","50.8","C","27.6",",C","9",",C","5",",C","0",",C","","","0",",C","0",",C","0",",C","0",",C","26",",C","5",",C","19730819",",,C","","","19730831","+,,C","19730824",",,C","19730803",",,C","1.7",",C,19,","","","0",",,C,31,+","6.4",",,C,24,","35.0",",C,03,","112.1","C","73.7",",C","28.8",",,,C","0",",,,C","16.85",",C","26.33",",,,C","7.37",",,,C"
"CA001142574","1973-09","50.2333","-116.9667","549.0","DUNCAN LAKE DAM, BC CA","51.7","C","0.9",",C","10",",C","3",",C","0",",C","","","0",",C","0",",C","2",",C","0",",C","12",",C","0",",C","19730916",",,C","","","19730930","+,,C","19730922",",,C","19730910","+,,C","-3.3",",C,16,","","","0",",,C,30,+","7.1",",,C,22,","30.6",",C,10,+","266.2","C","154.1",",C","22.8",",,,C","0",",,,C","13.23",",C","20.71",",,,C","5.74",",,,C"
"CA001142574","1973-10","50.2333","-116.9667","549.0","DUNCAN LAKE DAM, BC CA","51.7","C","0.0",",C","20",",C","8",",C","0",",C","","","0",",C","0",",C","9",",C","0",",C","0",",C","0",",C","19731009",",,C","","","19731031","+,,C","19731006",",,C","19731004",",,C","-4.4",",C,09,","","","0",",,C,31,+","14.5",",,C,06,","15.6",",C,04,","623.9","C","357.7",",C","71.6",",,,C","0",",,,C","6.79",",C","10.84",",,,C","2.75",",,,C"
"CA001142574","1973-11","50.2333","-116.9667","549.0","DUNCAN LAKE DAM, BC CA","51.7","C","0.0",",C","20",",C","17",",C","0",",C","","","9",",C","0",",C","26",",C","12",",C","0",",C","0",",C","19731119",",,C","","","19731115",",,C","19731115",",,C","19731111",",,C","-10.0",",C,19,","","","168",",,C,15,","16.8",",,C,15,","7.8",",C,11,","1194.1","C","570.2",",C","134.7",",,,C","694",",,,C","-0.67",",C","2.06",",,,C","-3.40",",,,C"
"CA001142574","1973-12","50.2333","-116.9667","549.0","DUNCAN LAKE DAM, BC CA","51.7","C","0.0",",C","20",",C","11",",C","0",",C","","","6",",C","0",",C","27",",C","8",",C","0",",C","0",",C","19731231",",,C","","","19731210",",,C","19731210",",,C","19731217","+,,C","-15.6",",C,31,","","","211",",,C,10,","21.1",",,C,10,","5.0",",C,17,+","1784.9","C","590.8",",C","100.9",",,,C","410",",,,C","-0.73",",C","1.43",",,,C","-2.88",",,,C"
"CA001142574","1974-01","50.2333","-116.9667","549.0","DUNCAN LAKE DAM, BC CA","0.0","C","0.0",",C","22",",C","11",",C","1",",C","","","5",",C","5",",C","26",",C","16",",C","0",",C","0",",C","19740111",",,C","","","19740112",",,C","19740112",",,C","19740115",",,C","-23.9",",C,11,","","","292",",,C,12,","29.2",",,C,12,","8.9",",C,15,","2498.7","C","713.8",",C","152.2",",,,C","741",",,,C","-4.69",",C","-1.36",",,,C","-8.02",",,,C"
"CA001142574","1974-02","50.2333","-116.9667","549.0","DUNCAN LAKE DAM, BC CA","0.0","C","0.0",",C","15",",C","10",",C","0",",C","","","6",",C","0",",C","23",",C","1",",C","0",",C","0",",C","19740207",",,C","","","19740201",",,C","19740228",",,C","19740209",",,C","-6.7",",C,07,","","","64",",,C,01,","10.7",",,C,28,","7.2",",C,09,","2986.1","C","487.4",",C","61.7",",,,C","271",",,,C","0.93",",C","3.90",",,,C","-2.04",",,,C"
"CA001142574","1974-03","50.2333","-116.9667","549.0","DUNCAN LAKE DAM, BC CA","0.0","C","0.0",",C","12",",C","8",",C","0",",C","","","2",",C","0",",C","24",",C","0",",C","0",",C","0",",C","19740308",",,C","","","19740315",",,C","19740312",",,C","19740326",",,C","-10.0",",C,08,","","","81",",,C,15,","11.7",",,C,12,","11.7",",C,26,","3489.0","C","502.9",",C","58.7",",,,C","111",",,,C","2.11",",C","6.32",",,,C","-2.10",",,,C"
"CA001142574","1974-04","50.2333","-116.9667","549.0","DUNCAN LAKE DAM, BC CA","0.0","C","0.0",",C","12",",C","4",",C","1",",C","","","0",",C","0",",C","5",",C","0",",C","1",",C","0",",C","19740414","+,,C","","","19740430","+,,C","19740426",",,C","19740424",",,C","-3.9",",C,14,+","","","0",",,C,30,+","26.7",",,C,26,","25.0",",C,24,","3813.3","C","324.3",",C","52.8",",,,C","0",",,,C","7.52",",C","13.63",",,,C","1.42",",,,C"
"CA001142574","1974-05","50.2333","-116.9667","549.0","DUNCAN LAKE DAM, BC CA","0.0","C","0.0",",C","15",",C","11",",C","0",",C","","","0",",C","0",",C","3",",C","0",",C","5",",C","0",",C","19740528",",,C","","","19740531","+,,C","19740525",",,C","19740520",",,C","-0.6",",C,28,","","","0",",,C,31,+","12.4",",,C,25,","22.8",",C,20,","4075.2","C","261.9",",C","45.6",",,,C","0",",,,C","9.89",",C","15.90",",,,C","3.87",",,,C"
"CA001142574","1974-06","50.2333","-116.9667","549.0","DUNCAN LAKE DAM, BC CA","18.7","C","18.7",",C","9",",C","3",",C","0",",C","","","0",",C","0",",C","0",",C","0",",C","21",",C","2",",C","19740609","+,,C","","","19740630","+,,C","19740603",",,C","19740619",",,C","1.7",",C,09,+","","","0",",,C,30,+","8.4",",,C,03,","33.3",",C,19,","4149.9","C","74.7",",C","25.7",",,,C","0",",,,C","16.47",",C","24.89",",,,C","8.04",",,,C"
"CA001142574","1974-07","50.2333","-116.9667","549.0","DUNCAN LAKE DAM, BC CA","32.7","C","14.0",",C","12",",C","8",",C","0",",C","","","0",",C","0",",C","0",",C","0",",C","23",",C","0",",C","19740702",",,C","","","19740731","+,,C","19740710",",,C","19740730",",,C","3.9",",C,02,","","","0",",,C,31,+","12.7",",,C,10,","31.7",",C,30,","66.3","C","66.3",",C","57.4",",,,C","0",",,,C","16.65",",C","24.52",",,,C","8.77",",,,C"
"CA001142574","1974-08","50.2333","-116.9667","549.0","DUNCAN LAKE DAM, BC CA","44.9","C","12.2",",C","15",",C","6",",C","0",",C","","","0",",C","0",",C","0",",C","0",",C","22",",C","1",",C","19740814",",,C","","","19740831","+,,C","19740804",",,C","19740801",",,C","3.9",",C,14,","","","0",",,C,31,+","22.4",",,C,04,","32.8",",C,01,","138.6","C","72.3",",C","73.3",",,,C","0",",,,C","16.39",",C","23.85",",,,C","8.93",",,,C"
"CA001142574","1974-09","50.2333","-116.9667","549.0","DUNCAN LAKE DAM, BC CA","44.9","C","0.0",",C","6",",C","3",",C","0",",C","","","0",",C","0",",C","3",",C","0",",C","18",",C","0",",C","19740930",",,C","","","19740930","+,,C","19740908",",,C","19740923","+,,C","-2.8",",C,30,","","","0",",,C,30,+","5.1",",,C,08,","23.9",",C,23,+","331.6","C","193.0",",C","15.1",",,,C","0",",,,C","11.90",",C","20.11",",,,C","3.69",",,,C"
"CA001142574","1974-10","50.2333","-116.9667","549.0","DUNCAN LAKE DAM, BC CA","44.9","C","0.0",",C","5",",C","1",",C","0",",C","","","0",",C","0",",C","23",",C","0",",C","0",",C","0",",C","19741006",",,C","","","19741031","+,,C","19741001",",,C","19741002",",,C","-4.4",",C,06,","","","0",",,C,31,+","3.8",",,C,01,","18.3",",C,02,","692.5","C","360.9",",C","9.2",",,,C","0",",,,C","6.69",",C","14.08",",,,C","-0.70",",,,C"
"CA001142574","1974-11","50.2333","-116.9667","549.0","DUNCAN LAKE DAM, BC CA","44.9","C","0.0",",C","15","2,C","9","2,C","1","2,C","","","2",",C","0",",C","18",",C","0",",C","0",",C","0",",C","19741128",",,C","","","19741111",",,C","19741120",",2,C","19741102",",,C","-6.7",",C,28,","","","76",",,C,11,","38.1","2,,C,20,","13.3",",C,02,","1157.9","C","465.4",",C","127.5",",a,,C","152",",a,,C","2.82",",C","5.61",",,,C","0.03",",,,C"
"CA001142574","1974-12","50.2333","-116.9667","549.0","DUNCAN LAKE DAM, BC CA","44.9","C","0.0",",C","22",",C","14",",C","0",",C","","","8",",C","0",",C","25",",C","7",",C","0",",C","0",",C","19741231",",,C","","","19741226",",,C","19741226",",,C","19741206","+,,C","-11.7",",C,31,","","","173",",,C,26,","17.3",",,C,26,","6.7",",C,06,+","1728.6","C","570.7",",C","100.0",",,,C","542",",,,C","-0.08",",C","2.37",",,,C","-2.52",",,,C"
"CA001142574","1975-01","50.2333","-116.9667","549.0","DUNCAN LAKE DAM, BC CA","0.0","C","0.0",",C","19",",C","12",",C","1",",C","","","10",",C","5",",C","31",",C","18",",C","0",",C","0",",C","19750111",",,C","","","19750111",",,C","19750111",",,C","19750120",",,C","-20.0",",C,11,","","","340",",,C,11,","34.0",",,C,11,","4.4",",C,20,","2472.1","C","743.5",",C","121.9",",,,C","1186",",,,C","-5.65",",C","-1.72",",,,C","-9.59",",,,C"
"CA001142574","1975-02","50.2333","-116.9667","549.0","DUNCAN LAKE DAM, BC CA","0.0","C","0.0",",C","14",",C","8",",C","0",",C","","","7",",C","7",",C","28",",C","16",",C","0",",C","0",",C","19750205",",,C","","","19750209",",,C","19750209",",,C","19750224",",,C","-23.3",",C,05,","","","249",",,C,09,","24.9",",,C,09,","5.6",",C,24,","3162.0","C","689.9",",C","92.0",",,,C","905",",,,C","-6.31",",C","-0.62",",,,C","-11.99",",,,C"
"CA001142574","1975-03","50.2333","-116.9667","549.0","DUNCAN LAKE DAM, BC CA","0.0","C","0.0",",C","16",",C","5",",C","0",",C","","","2",",C","0",",C","30",",C","0",",C","0",",C","0",",C","19750307",",,C","","","19750308",",,C","19750308",",,C","19750302",",,C","-14.4",",C,07,","","","71",",,C,08,","7.1",",,C,08,","8.3",",C,02,","3731.1","C","569.1",",C","34.0",",,,C","188",",,,C","-0.02",",C","5.16",",,,C","-5.21",",,,C"
"CA001142574","1975-04","50.2333","-116.9667","549.0","DUNCAN LAKE DAM, BC CA","0.0","C","0.0",",C","5",",C","1",",C","0",",C","","","0",",C","0",",C","26",",C","0",",C","1",",C","0",",C","19750401",",,C","","","19750402",",,C","19750402",",,C","19750426",",,C","-12.2",",C,01,","","","8",",,C,02,","2.5",",,C,02,","22.8",",C,26,","4136.7","C","405.6",",C","6.7",",,,C","8",",,,C","4.81",",C","12.48",",,,C","-2.85",",,,C"
"CA001142574","1975-05","50.2333","-116.9667","549.0","DUNCAN LAKE DAM, BC CA","0.0","C","0.0",",C","4",",C","1",",C","0",",C","","","0",",C","0",",C","8",",C","0",",C","13",",C","0",",C","19750501",",,C","","","19750531","+,,C","19750515",",,C","19750530",",,C","-3.3",",C,01,","","","0",",,C,31,+","5.8",",,C,15,","26.7",",C,30,","4363.8","C","227.1",",C","9.6",",,,C","0",",,,C","11.01",",C","19.35",",,,C","2.66",",,,C"
"CA001142574","1975-06","50.2333","-116.9667","549.0","DUNCAN LAKE DAM, BC CA","0.3","C","0.3",",C","13",",C","7",",C","0",",C","","","0",",C","0",",C","0",",C","0",",C","18",",C","0",",C","19750609","+,,C","","","19750630","+,,C","19750620",",,C","19750612","+,,C","0.6",",C,09,+","","","0",",,C,30,+","9.4",",,C,20,","27.8",",C,12,+","4480.6","C","116.8",",C","44.5",",,,C","0",",,,C","14.45",",C","21.86",",,,C","7.04",",,,C"
"CA001142574","1975-07","50.2333","-116.9667","549.0","DUNCAN LAKE DAM, BC CA","56.7","C","56.4",",C","12",",C","7",",C","0",",C","","","0",",C","0",",C","0",",C","0",",C","28",",C","8",",C","19750701",",,C","","","19750731","+,,C","19750730",",,C","19750710","+,,C","5.0",",C,01,","","","0",",,C,31,+","12.4",",,C,30,","36.1",",C,10,+","17.2","C","17.2",",C","58.2",",,,C","0",",,,C","19.60",",C","27.66",",,,C","11.54",",,,C"
"CA001142574","1975-08","50.2333","-116.9667","549.0","DUNCAN LAKE DAM, BC CA","57.0","C","0.3",",C","17",",C","14",",C","0",",C","","","0",",C","0",",C","0",",C","0",",C","18",",C","0",",C","19750809",",,C","","","19750831","+,,C","19750822",",,C","19750805",",,C","3.9",",C,09,","","","0",",,C,31,+","22.6",",,C,22,","28.9",",C,05,","106.2","C","89.0",",C","139.9",",,,C","0",",,,C","15.47",",C","21.89",",,,C","9.05",",,,C"
"CA001142574","1975-09","50.2333","-116.9667","549.0","DUNCAN LAKE DAM, BC CA","57.0","C","0.0",",C","6",",C","2",",C","0",",C","","","0",",C","0",",C","2",",C","0",",C","18",",C","0",",C","19750927","+,,C","","","19750930","+,,C","19750915",",,C","19750910","+,,C","0.0",",C,27,+","","","0",",,C,30,+","5.1",",,C,15,","24.4",",C,10,+","282.7","C","176.5",",C","11.9",",,,C","0",",,,C","12.45",",C","21.19",",,,C","3.71",",,,C"
"CA001142574","1975-10","50.2333","-116.9667","549.0","DUNCAN LAKE DAM, BC CA","57.0","C","0.0",",C","21",",C","11",",C","0",",C","","","0",",C","0",",C","9",",C","0",",C","0",",C","0",",C","19751024",",,C","","","19751031","+,,C","19751005",",,C","19751002","+,,C","-3.9",",C,24,","","","0",",,C,31,+","16.5",",,C,05,","19.4",",C,02,+","653.6","C","370.9",",C","87.8",",,,C","0",",,,C","6.37",",C","10.87",",,,C","1.87",",,,C"
"CA001142574","1975-11","50.2333","-116.9667","549.0","DUNCAN LAKE DAM, BC CA","57.0","C","0.0",",C","15",",C","8",",C","1",",C","","","3",",C","1",",C","22",",C","7",",C","0",",C","0",",C","19751129",",,C","","","19751130",",,C","19751130",",,C","19751104",",,C","-18.3",",C,29,","","","290",",,C,30,","29.0",",,C,30,","18.3",",C,04,","1183.4","C","529.8",",C","89.8",",,,C","531",",,,C","0.67",",C","4.37",",,,C","-3.02",",,,C"
"CA001142574","1975-12","50.2333","-116.9667","549.0","DUNCAN LAKE DAM, BC CA","57.0","C","0.0",",C","16",",C","14",",C","1",",C","","","9",",C","0",",C","30",",C","15",",C","0",",C","0",",C","19751214",",,C","","","19751201",",,C","19751201",",,C","19751203",",,C","-16.7",",C,14,","","","340",",,C,01,","34.0",",,C,01,","8.3",",C,03,","1838.5","C","655.1",",C","168.2",",,,C","997",",,,C","-2.80",",C","0.19",",,,C","-5.79",",,,C"
"CA001142574","1976-01","50.2333","-116.9667","549.0","DUNCAN LAKE DAM, BC CA","0.0","C","0.0",",C","17",",C","11",",C","1",",C","","","11",",C","0",",C","31",",C","13",",C","0",",C","0",",C","19760121",",,C","","","19760104",",,C","19760104",",,C","19760130",",,C","-14.4",",C,21,","","","305",",,C,04,","30.5",",,C,04,","5.6",",C,30,","2495.1","C","656.6",",C","137.3",",,,C","1335",",,,C","-2.85",",C","0.30",",,,C","-6.00",",,,C"
"CA001142574","1976-02","50.2333","-116.9667","549.0","DUNCAN LAKE DAM, BC CA","0.0","C","0.0",",C","14",",C","9",",C","0",",C","","","4",",C","2",",C","28",",C","5",",C","0",",C","0",",C","19760205",",,C","","","19760227",",,C","19760211",",,C","19760223",",,C","-21.1",",C,05,","","","117",",,C,27,","13.2",",,C,11,","7.2",",C,23,","3053.7","C","558.6",",C","67.1",",,,C","353",",,,C","-0.93",",C","2.98",",,,C","-4.83",",,,C"
"CA001142574","1976-03","50.2333","-116.9667","549.0","DUNCAN LAKE DAM, BC CA","0.0","C","0.0",",C","17",",C","9",",C","0",",C","","","2",",C","2",",C","29",",C","5",",C","0",",C","0",",C","19760304",",,C","","","19760312","+,,C","19760331",",,C","19760318",",,C","-20.0",",C,04,","","","30",",,C,12,+","9.4",",,C,31,","9.4",",C,18,","3626.7","C","573.0",",C","50.5",",,,C","105",",,,C","-0.15",",C","4.41",",,,C","-4.72",",,,C"
"CA001142574","1976-04","50.2333","-116.9667","549.0","DUNCAN LAKE DAM, BC CA","0.0","C","0.0",",C","11",",C","5",",C","0",",C","","","0",",C","0",",C","17",",C","0",",C","1",",C","0",",C","19760404",",,C","","","19760430","+,,C","19760412",",,C","19760430",",,C","-3.9",",C,04,","","","0",",,C,30,+","8.1",",,C,12,","23.3",",C,30,","3970.4","C","343.7",",C","31.5",",,,C","0",",,,C","6.88",",C","13.89",",,,C","-0.13",",,,C"
"CA001142574","1976-05","50.2333","-116.9667","549.0","DUNCAN LAKE DAM, BC CA","0.0","C","0.0",",C","11",",C","8",",C","0",",C","","","0",",C","0",",C","6",",C","0",",C","11",",C","0",",C","19760518",",,C","","","19760531","+,,C","19760527",",,C","19760507","+,,C","-2.2",",C,18,","","","0",",,C,31,+","9.7",",,C,27,","25.0",",C,07,+","4182.1","C","211.7",",C","56.6",",,,C","0",",,,C","11.50",",C","18.85",",,,C","4.16",",,,C"
"CA001142574","1976-06","50.2333","-116.9667","549.0","DUNCAN LAKE DAM, BC CA","1.9","C","1.9",",C","15",",C","9",",C","0",",C","","","0",",C","0",",C","2",",C","0",",C","9",",C","0",",C","19760604",",,C","","","19760630","+,,C","19760606",",,C","19760629",",,C","-0.6",",C,04,","","","0",",,C,30,+","6.6",",,C,06,","31.1",",C,29,","4356.4","C","174.3",",C","50.0",",,,C","0",",,,C","12.59",",C","19.27",",,,C","5.90",",,,C"
"CA001142574","1976-07","50.2333","-116.9667","549.0","DUNCAN LAKE DAM, BC CA","9.2","C","7.3",",C","13",",C","7",",C","0",",C","","","0",",C","0",",C","0",",C","0",",C","21",",C","0",",C","19760702",",,C","","","19760731","+,,C","19760701",",,C","19760718","+,,C","2.8",",C,02,","","","0",",,C,31,+","9.1",",,C,01,","30.0",",C,18,+","64.0","C","64.0",",C","44.2",",,,C","0",",,,C","16.50",",C","23.88",",,,C","9.13",",,,C"
"CA001142574","1976-08","50.2333","-116.9667","549.0","DUNCAN LAKE DAM, BC CA","18.5","C","9.3",",C","20",",C","10",",C","1",",C","","","0",",C","0",",C","0",",C","0",",C","18",",C","0",",C","19760822",",,C","","","19760831","+,,C","19760824",",,C","19760806",",,C","5.0",",C,22,","","","0",",,C,31,+","34.8",",,C,24,","28.9",",C,06,","138.9","C","74.9",",C","102.8",",,,C","0",",,,C","16.22",",C","21.71",",,,C","10.72",",,,C"
"CA001142574","1976-09","50.2333","-116.9667","549.0","DUNCAN LAKE DAM, BC CA","18.5","C","0.0",",C","7",",C","4",",C","1",",C","","","0",",C","0",",C","1",",C","0",",C","12",",C","0",",C","19760908",",,C","","","19760930","+,,C","19760905",",,C","19760901",",,C","0.0",",C,08,","","","0",",,C,30,+","25.4",",,C,05,","26.1",",C,01,","301.4","C","162.5",",C","47.8",",,,C","0",",,,C","12.92",",C","20.32",",,,C","5.51",",,,C"
"CA001142574","1976-10","50.2333","-116.9667","549.0","DUNCAN LAKE DAM, BC CA","18.5","C","0.0","1,C","8",",C","4",",C","0",",C","","","0",",C","0","1,C","12","1,C","0","1,C","1","1,C","0","1,C","19761019","+,1,C","","","19761031","+,,C","19761002",",,C","19761001",",1,C","-5.0","1,C,19,+","","","0",",,C,31,+","7.9",",,C,02,","21.7","1,C,01,","658.8","C","357.4","1,C","27.1",",,,C","0",",,,C","6.42","1,C","12.07","1,,,C","0.77","1,,,C"
"CA001142574","1976-11","50.2333","-116.9667","549.0","DUNCAN LAKE DAM, BC CA","18.5","C","0.0",",C","7",",C","5",",C","0",",C","","","1",",C","0",",C","25",",C","2",",C","0",",C","0",",C","19761127",",,C","","","19761114",",,C","19761116",",,C","19761101",",,C","-11.1",",C,27,","","","46",",,C,14,","10.4",",,C,16,","10.6",",C,01,","1189.7","C","530.9",",C","39.1",",,,C","46",",,,C","0.64",",C","5.13",",,,C","-3.85",",,,C"
"CA001142574","1976-12","50.2333","-116.9667","549.0","DUNCAN LAKE DAM, BC CA","18.5","C","0.0",",C","13",",C","9",",C","0",",C","","","5",",C","0",",C","29",",C","8",",C","0",",C","0",",C","19761231",",,C","","","19761206",",,C","19761207",",,C","19761216",",,C","-9.4",",C,31,","","","81",",,C,06,","12.4",",,C,07,","7.8",",C,16,","1768.0","C","578.3",",C","58.8",",,,C","323",",,,C","-0.32",",C","2.26",",,,C","-2.91",",,,C"
"CA001142574","1977-01","50.2333","-116.9667","549.0","DUNCAN LAKE DAM, BC CA","0.0","C","0.0",",C","11",",C","10",",C","0",",C","","","8",",C","0",",C","31",",C","25",",C","0",",C","0",",C","19770105",",,C","","","19770114",",,C","19770117",",,C","19770117",",,C","-16.1",",C,05,","","","56",",,C,14,","8.6",",,C,17,","4.4",",C,17,","2490.0","C","722.0",",C","49.3",",,,C","341",",,,C","-4.96",",C","-1.74",",,,C","-8.17",",,,C"
"CA001142574","1977-02","50.2333","-116.9667","549.0","DUNCAN LAKE DAM, BC CA","0.0","C","0.0",",C","13",",C","6",",C","0",",C","","","2",",C","0",",C","27",",C","2",",C","0",",C","0",",C","19770202",",,C","","","19770208",",,C","19770212",",,C","19770222",",,C","-11.7",",C,02,","","","36",",,C,08,","6.9",",,C,12,","7.2",",C,22,","3001.9","C","511.9",",C","37.8",",,,C","117",",,,C","0.05",",C","3.74",",,,C","-3.63",",,,C"
"CA001142574","1977-03","50.2333","-116.9667","549.0","DUNCAN LAKE DAM, BC CA","0.0","C","0.0",",C","14",",C","8",",C","0",",C","","","2",",C","0",",C","24",",C","0",",C","0",",C","0",",C","19770314",",,C","","","19770315",",,C","19770307",",,C","19770329",",,C","-7.8",",C,14,","","","51",",,C,15,","7.1",",,C,07,","12.8",",C,29,","3490.7","C","488.8",",C","36.5",",,,C","84",",,,C","2.56",",C","7.05",",,,C","-1.92",",,,C"
"CA001142574","1977-04","50.2333","-116.9667","549.0","DUNCAN LAKE DAM, BC CA","0.0","C","0.0",",C","5",",C","4",",C","0",",C","","","0",",C","0",",C","18",",C","0",",C","7",",C","0",",C","19770412","+,,C","","","19770430","+,,C","19770415",",,C","19770425","+,,C","-4.4",",C,12,+","","","0",",,C,30,+","5.8",",,C,15,","29.4",",C,25,+","3802.5","C","311.8",",C","17.7",",,,C","0",",,,C","7.94",",C","16.24",",,,C","-0.36",",,,C"
"CA001142574","1977-05","50.2333","-116.9667","549.0","DUNCAN LAKE DAM, BC CA","0.0","C","0.0",",C","17",",C","10",",C","0",",C","","","0",",C","0",",C","1",",C","0",",C","4",",C","0",",C","19770512",",,C","","","19770531","+,,C","19770517",",,C","19770501",",,C","0.0",",C,12,","","","0",",,C,31,+","14.7",",,C,17,","23.3",",C,01,","4027.9","C","225.4",",C","58.7",",,,C","0",",,,C","11.06",",C","16.83",",,,C","5.30",",,,C"
"CA001142574","1977-06","50.2333","-116.9667","549.0","DUNCAN LAKE DAM, BC CA","8.9","C","8.9",",C","10",",C","5",",C","0",",C","","","0",",C","0",",C","1",",C","0",",C","25",",C","0",",C","19770603",",,C","","","19770630","+,,C","19770603",",,C","19770619","+,,C","0.0",",C,03,","","","0",",,C,30,+","10.2",",,C,03,","31.7",",C,19,+","4106.6","C","78.7",",C","42.2",",,,C","0",",,,C","16.01",",C","24.17",",,,C","7.84",",,,C"
"CA001142574","1977-07","50.2333","-116.9667","549.0","DUNCAN LAKE DAM, BC CA","19.0","C","10.1",",C","13",",C","8",",C","0",",C","","","0",",C","0",",C","0",",C","0",",C","21",",C","0",",C","19770720",",,C","","","19770731","+,,C","19770717",",,C","19770724","+,,C","4.4",",C,20,","","","0",",,C,31,+","9.9",",,C,17,","31.7",",C,24,+","75.6","C","75.6",",C","55.2",",,,C","0",",,,C","16.22",",C","23.50",",,,C","8.94",",,,C"
"CA001142574","1977-08","50.2333","-116.9667","549.0","DUNCAN LAKE DAM, BC CA","45.2","C","26.2",",C","13",",C","5",",C","0",",C","","","0",",C","0",",C","0",",C","0",",C","23",",C","5",",C","19770830",",,C","","","19770831","+,,C","19770823",",,C","19770820","+,,C","2.8",",C,30,","","","0",",,C,31,+","19.8",",,C,23,","32.8",",C,20,+","128.2","C","52.6",",C","59.1",",,,C","0",",,,C","17.48",",C","26.39",",,,C","8.57",",,,C"
"CA001142574","1977-09","50.2333","-116.9667","549.0","DUNCAN LAKE DAM, BC CA","45.2","C","0.0",",C","11",",C","6",",C","0",",C","","","0",",C","0",",C","0",",C","0",",C","7",",C","0",",C","19770928",",,C","","","19770930","+,,C","19770916",",,C","19770911",",,C","1.1",",C,28,","","","0",",,C,30,+","10.7",",,C,16,","24.4",",C,11,","328.4","C","200.2",",C","44.0",",,,C","0",",,,C","11.66",",C","17.36",",,,C","5.95",",,,C"
"CA001142574","1977-10","50.2333","-116.9667","549.0","DUNCAN LAKE DAM, BC CA","45.2","C","0.0",",C","13",",C","5",",C","0",",C","","","0",",C","0",",C","19",",C","0",",C","0",",C","0",",C","19771010",",,C","","","19771031","+,,C","19771024",",,C","19771016",",,C","-5.0",",C,10,","","","0",",,C,31,+","10.9",",,C,24,","16.7",",C,16,","714.0","C","385.6",",C","33.8",",,,C","0",",,,C","5.89",",C","12.15",",,,C","-0.36",",,,C"
"CA001142574","1977-11","50.2333","-116.9667","549.0","DUNCAN LAKE DAM, BC CA","45.2","C","0.0",",C","21",",C","12",",C","1",",C","","","4",",C","0",",C","25",",C","7",",C","0",",C","0",",C","19771122",",,C","","","19771125",",,C","19771125",",,C","19771112",",,C","-16.1",",C,22,","","","254",",,C,25,","25.4",",,C,25,","8.9",",C,12,","1281.9","C","567.9",",C","127.8",",,,C","575",",,,C","-0.60",",C","2.40",",,,C","-3.60",",,,C"
"CA001142574","1977-12","50.2333","-116.9667","549.0","DUNCAN LAKE DAM, BC CA","45.2","C","0.0",",C","17","1,C","13","1,C","0","1,C","","","9","1,C","3",",C","31",",C","19",",C","0",",C","0",",C","19771225",",,C","","","19771206",",1,C","19771206",",1,C","19771203",",,C","-19.4",",C,25,","","","244","1,,C,06,","24.4","1,,C,06,","5.6",",C,03,","2009.4","C","727.5",",C","143.6","1,,,C","1101","1,,,C","-5.14",",C","-1.90",",,,C","-8.37",",,,C"
"CA001142574","1978-01","50.2333","-116.9667","549.0","DUNCAN LAKE DAM, BC CA","0.0","C","0.0",",C","12",",C","7",",C","1",",C","","","6",",C","2",",C","31",",C","17",",C","0",",C","0",",C","19780102","+,,C","","","19780103",",,C","19780103",",,C","19780126","+,,C","-19.4",",C,02,+","","","295",",,C,03,","29.5",",,C,03,","4.4",",C,26,+","2731.0","C","721.6",",C","86.8",",,,C","827",",,,C","-4.95",",C","-1.10",",,,C","-8.79",",,,C"
"CA001142574","1978-02","50.2333","-116.9667","549.0","DUNCAN LAKE DAM, BC CA","0.0","C","0.0",",C","14",",C","7",",C","0",",C","","","5",",C","0",",C","27",",C","4",",C","0",",C","0",",C","19780213",",,C","","","19780202",",,C","19780202",",,C","19780226","+,,C","-13.3",",C,13,","","","122",",,C,02,","12.2",",,C,02,","7.2",",C,26,+","3252.9","C","521.9",",C","48.1",",,,C","342",",,,C","-0.31",",C","3.10",",,,C","-3.71",",,,C"
"CA001142574","1978-03","50.2333","-116.9667","549.0","DUNCAN LAKE DAM, BC CA","0.0","C","0.0",",C","13",",C","7",",C","0",",C","","","1",",C","0",",C","23",",C","0",",C","0",",C","0",",C","19780303",",,C","","","19780311",",,C","19780326",",,C","19780329",",,C","-17.2",",C,03,","","","51",",,C,11,","18.8",",,C,26,","14.4",",C,29,","3760.5","C","507.6",",C","63.6",",,,C","79",",,,C","1.96",",C","6.99",",,,C","-3.08",",,,C"
"CA001142574","1978-04","50.2333","-116.9667","549.0","DUNCAN LAKE DAM, BC CA","0.0","C","0.0",",C","11",",C","7",",C","0",",C","","","0",",C","0",",C","14",",C","0",",C","3",",C","0",",C","19780412",",,C","","","19780430","+,,C","19780427",",,C","19780426",",,C","-3.5",",C,12,","","","0",",,C,30,+","13.0",",,C,27,","25.0",",C,26,","4088.5","C","328.0",",C","61.3",",,,C","0",",,,C","7.40",",C","13.58",",,,C","1.22",",,,C"
"CA001142574","1978-05","50.2333","-116.9667","549.0","DUNCAN LAKE DAM, BC CA","0.0","C","0.0",",C","19",",C","8",",C","0",",C","","","0",",C","0",",C","5",",C","0",",C","6",",C","0",",C","19780504",",,C","","","19780531","+,,C","19780515",",,C","19780519",",,C","-1.5",",C,04,","","","0",",,C,31,+","22.6",",,C,15,","25.0",",C,19,","4327.6","C","239.1",",C","67.6",",,,C","0",",,,C","10.62",",C","17.08",",,,C","4.16",",,,C"
"CA001142574","1978-06","50.2333","-116.9667","549.0","DUNCAN LAKE DAM, BC CA","4.8","C","4.8",",C","14",",C","7",",C","0",",C","","","0",",C","0",",C","0",",C","0",",C","17",",C","0",",C","19780601",",,C","","","19780630","+,,C","19780618",",,C","19780628",",,C","2.0",",C,01,","","","0",",,C,30,+","9.2",",,C,18,","31.5",",C,28,","4420.6","C","93.0",",C","45.8",",,,C","0",",,,C","15.39",",C","22.95",",,,C","7.83",",,,C"
"CA001142574","1978-07","50.2333","-116.9667","549.0","DUNCAN LAKE DAM, BC CA","25.8","C","21.0",",C","14",",C","6",",C","0",",C","","","0",",C","0",",C","0",",C","0",",C","29",",C","0",",C","19780719",",,C","","","19780731","+,,C","19780716",",,C","19780724",",,C","5.5",",C,19,","","","0",",,C,31,+","7.2",",,C,16,","31.0",",C,24,","26.1","C","26.1",",C","39.2",",,,C","0",",,,C","18.17",",C","26.16",",,,C","10.18",",,,C"
"CA001142574","1978-08","50.2333","-116.9667","549.0","DUNCAN LAKE DAM, BC CA","40.6","C","14.8",",C","17",",C","10",",C","1",",C","","","0",",C","0",",C","0",",C","0",",C","13",",C","2",",C","19780827",",,C","","","19780831","+,,C","19780831",",,C","19780808","+,,C","5.0",",C,27,","","","0",",,C,31,+","27.0",",,C,31,","32.5",",C,08,+","113.4","C","87.3",",C","98.0",",,,C","0",",,,C","15.99",",C","22.39",",,,C","9.60",",,,C"
"CA001142574","1978-09","50.2333","-116.9667","549.0","DUNCAN LAKE DAM, BC CA","40.6","C","0.0",",C","20",",C","10",",C","0",",C","","","0",",C","0",",C","2",",C","0",",C","3",",C","0",",C","19780919","+,,C","","","19780930","+,,C","19780922","+,,C","19780907",",,C","0.0",",C,19,+","","","0",",,C,30,+","18.8",",,C,22,+","22.5",",C,07,","299.6","C","186.2",",C","92.2",",,,C","0",",,,C","12.13",",C","16.65",",,,C","7.60",",,,C"
"CA001142574","1978-10","50.2333","-116.9667","549.0","DUNCAN LAKE DAM, BC CA","40.6","C","0.0",",C","11",",C","6",",C","0",",C","","","0",",C","0",",C","17",",C","0",",C","0",",C","0",",C","19781031",",,C","","","19781031","+,,C","19781028",",,C","19781017",",,C","-5.0",",C,31,","","","0",",,C,31,+","6.6",",,C,28,","17.5",",C,17,","667.2","C","367.6",",C","34.6",",,,C","0",",,,C","6.48",",C","12.42",",,,C","0.53",",,,C"
"CA001142574","1978-11","50.2333","-116.9667","549.0","DUNCAN LAKE DAM, BC CA","40.6","C","0.0",",C","11",",C","8",",C","1",",C","","","4",",C","0",",C","27",",C","7",",C","0",",C","0",",C","19781120",",,C","","","19781115",",,C","19781103",",,C","19781107",",,C","-15.5",",C,20,","","","60",",,C,15,","28.0",",,C,03,","10.0",",C,07,","1245.7","C","578.5",",C","67.4",",,,C","186",",,,C","-0.95",",C","2.87",",,,C","-4.77",",,,C"
"CA001142574","1978-12","50.2333","-116.9667","549.0","DUNCAN LAKE DAM, BC CA","40.6","C","0.0",",C","17",",C","9",",C","0",",C","","","9",",C","5",",C","31",",C","22",",C","0",",C","0",",C","19781231",",,C","","","19781223",",,C","19781223",",,C","19781211",",,C","-28.0",",C,31,","","","234",",,C,23,","23.4",",,C,23,","2.5",",C,11,","2010.8","C","765.1",",C","87.0",",,,C","854",",,,C","-6.35",",C","-2.81",",,,C","-9.89",",,,C"
"CA001142574","1979-01","50.2333","-116.9667","549.0","DUNCAN LAKE DAM, BC CA","0.0","C","0.0",",C","11",",C","7",",C","0",",C","","","7",",C","18",",C","31",",C","31",",C","0",",C","0",",C","19790101",",,C","","","19790130",",,C","19790130",",,C","19790124","+,,C","-29.0",",C,01,","","","122",",,C,30,","12.2",",,C,30,","-0.5",",C,24,+","2988.1","C","977.3",",C","58.2",",,,C","582",",,,C","-13.19",",C","-7.71",",,,C","-18.68",",,,C"
"CA001142574","1979-02","50.2333","-116.9667","549.0","DUNCAN LAKE DAM, BC CA","0.0","C","0.0",",C","20",",C","13",",C","1",",C","","","9",",C","2",",C","24",",C","8",",C","0",",C","0",",C","19790202",",,C","","","19790208",",,C","19790208",",,C","19790213",",,C","-22.0",",C,02,","","","272",",,C,08,","27.2",",,C,08,","7.5",",C,13,","3559.7","C","571.6",",C","115.6",",,,C","878",",,,C","-2.08",",C","1.43",",,,C","-5.59",",,,C"
"CA001142574","1979-03","50.2333","-116.9667","549.0","DUNCAN LAKE DAM, BC CA","0.0","C","0.0",",C","9",",C","5",",C","0",",C","","","2",",C","0",",C","30",",C","0",",C","0",",C","0",",C","19790328",",,C","","","19790326",",,C","19790305",",,C","19790322","+,,C","-9.0",",C,28,","","","34",",,C,26,","10.6",",,C,05,","13.5",",C,22,+","4074.5","C","514.8",",C","31.2",",,,C","62",",,,C","1.73",",C","7.97",",,,C","-4.52",",,,C"
"CA001142574","1979-04","50.2333","-116.9667","549.0","DUNCAN LAKE DAM, BC CA","0.0","C","0.0",",C","15",",C","5",",C","0",",C","","","0",",C","0",",C","19",",C","0",",C","4",",C","0",",C","19790401",",,C","","","19790403",",,C","19790416",",,C","19790427",",,C","-9.0",",C,01,","","","0",",T,C,03,","7.0",",,C,16,","24.0",",C,27,","4447.0","C","372.5",",C","34.8",",,,C","0",",T,,C","5.92",",C","12.68",",,,C","-0.85",",,,C"
"CA001142574","1979-05","50.2333","-116.9667","549.0","DUNCAN LAKE DAM, BC CA","0.0","C","0.0","1,C","10",",C","7",",C","0",",C","","","0",",C","0",",C","7",",C","0","1,C","7","1,C","0","1,C","19790519",",,C","","","19790531","+,,C","19790523",",,C","19790522",",1,C","-1.5",",C,19,","","","0",",,C,31,+","7.8",",,C,23,","26.5","1,C,22,","4683.0","C","236.0","1,C","41.2",",,,C","0",",,,C","10.47","1,C","18.08","1,,,C","2.85",",,,C"
"CA001142574","1979-06","50.2333","-116.9667","549.0","DUNCAN LAKE DAM, BC CA","6.4","C","6.4",",C","10",",C","2",",C","0",",C","","","0",",C","0",",C","0",",C","0",",C","19",",C","0",",C","19790614",",,C","","","19790630","+,,C","19790619",",,C","19790628",",,C","0.5",",C,14,","","","0",",,C,30,+","7.2",",,C,19,","32.0",",C,28,","4775.7","C","92.7",",C","21.6",",,,C","0",",,,C","15.46",",C","23.60",",,,C","7.32",",,,C"
"CA001142574","1979-07","50.2333","-116.9667","549.0","DUNCAN LAKE DAM, BC CA","43.5","C","37.1",",C","10",",C","2",",C","0",",C","","","0",",C","0",",C","0",",C","0",",C","27",",C","7",",C","19790703",",,C","","","19790731","+,,C","19790706",",,C","19790718",",,C","2.5",",C,03,","","","0",",,C,31,+","8.4",",,C,06,","36.5",",C,18,","35.9","C","35.9",",C","27.0",",,,C","0",",,,C","18.37",",C","27.50",",,,C","9.24",",,,C"
"CA001142574","1979-08","50.2333","-116.9667","549.0","DUNCAN LAKE DAM, BC CA","57.7","C","14.2",",C","10",",C","4",",C","0",",C","","","0",",C","0",",C","0",",C","0",",C","29",",C","1",",C","19790810","+,,C","","","19790831","+,,C","19790830",",,C","19790810",",,C","6.0",",C,10,+","","","0",",,C,31,+","24.0",",,C,30,","33.5",",C,10,","51.1","C","15.2",",C","45.4",",,,C","0",",,,C","18.30",",C","27.52",",,,C","9.08",",,,C"
"CA001142574","1979-09","50.2333","-116.9667","549.0","DUNCAN LAKE DAM, BC CA","57.7","C","0.0",",C","13",",C","6",",C","0",",C","","","0",",C","0",",C","0",",C","0",",C","17",",C","0",",C","19790929",",,C","","","19790930","+,,C","19790927",",,C","19790916",",,C","1.0",",C,29,","","","0",",,C,30,+","6.2",",,C,27,","27.0",",C,16,","201.6","C","150.5",",C","30.4",",,,C","0",",,,C","13.32",",C","21.18",",,,C","5.45",",,,C"
"CA001142574","1979-10","50.2333","-116.9667","549.0","DUNCAN LAKE DAM, BC CA","57.7","C","0.0",",C","15",",C","7",",C","0",",C","","","0",",C","0",",C","11",",C","1",",C","0",",C","0",",C","19791031",",,C","","","19791031","+,,C","19791019",",,C","19791011","+,,C","-3.5",",C,31,","","","0",",,C,31,+","14.4",",,C,19,","20.0",",C,11,+","539.9","C","338.3",",C","58.4",",,,C","0",",,,C","7.42",",C","13.32",",,,C","1.52",",,,C"
"CA001142574","1979-11","50.2333","-116.9667","549.0","DUNCAN LAKE DAM, BC CA","57.7","C","0.0",",C","8",",C","3",",C","0",",C","","","2",",C","0",",C","30",",C","7",",C","0",",C","0",",C","19791130","+,,C","","","19791116",",,C","19791116",",,C","19791105",",,C","-13.5",",C,30,+","","","64",",,C,16,","6.4",",,C,16,","9.0",",C,05,","1113.9","C","574.0",",C","21.8",",,,C","148",",,,C","-0.80",",C","3.13",",,,C","-4.73",",,,C"
"CA001142574","1979-12","50.2333","-116.9667","549.0","DUNCAN LAKE DAM, BC CA","57.7","C","0.0",",C","24",",C","15",",C","1",",C","","","7",",C","0",",C","25",",C","6",",C","0",",C","0",",C","19791216",",,C","","","19791201",",,C","19791203",",,C","19791209","+,,C","-13.0",",C,16,","","","244",",,C,01,","27.2",",,C,03,","8.0",",C,09,+","1682.0","C","568.1",",C","173.4",",,,C","658",",,,C","0.01",",C","2.79",",,,C","-2.77",",,,C"
"CA001142574","1980-01","50.2333","-116.9667","549.0","DUNCAN LAKE DAM, BC CA","0.0","C","0.0",",C","13",",C","6",",C","0",",C","","","5",",C","8",",C","31",",C","21",",C","0",",C","0",",C","19800129","+,,C","","","19800111",",,C","19800111",",,C","19800112","+,,C","-25.0",",C,29,+","","","194",",,C,11,","19.4",",,C,11,","4.0",",C,12,+","2471.8","C","789.8",",C","65.6",",,,C","618",",,,C","-7.15",",C","-2.94",",,,C","-11.35",",,,C"
"CA001142574","1980-02","50.2333","-116.9667","549.0","DUNCAN LAKE DAM, BC CA","0.0","C","0.0",",C","14",",C","8",",C","0",",C","","","5",",C","2",",C","28",",C","8",",C","0",",C","0",",C","19800214",",,C","","","19800215",",,C","19800226",",,C","19800229",",,C","-20.5",",C,14,","","","100",",,C,15,","17.0",",,C,26,","8.0",",C,29,","3046.5","C","574.7",",C","73.0",",,,C","396",",,,C","-1.48",",C","2.05",",,,C","-5.02",",,,C"
"CA001142574","1980-03","50.2333","-116.9667","549.0","DUNCAN LAKE DAM, BC CA","0.0","C","0.0",",C","17",",C","9",",C","0",",C","","","4",",C","0",",C","28",",C","0",",C","0",",C","0",",C","19800306",",,C","","","19800303",",,C","19800303",",,C","19800321",",,C","-14.5",",C,06,","","","100",",,C,03,","13.2",",,C,03,","13.0",",C,21,","3571.8","C","525.3",",C","59.6",",,,C","272",",,,C","1.39",",C","6.11",",,,C","-3.34",",,,C"
"CA001142574","1980-04","50.2333","-116.9667","549.0","DUNCAN LAKE DAM, BC CA","0.0","C","0.0",",C","12",",C","6",",C","0",",C","","","0",",C","0",",C","12",",C","0",",C","7",",C","0",",C","19800401",",,C","","","19800430","+,,C","19800428",",,C","19800426",",,C","-6.0",",C,01,","","","0",",,C,30,+","11.6",",,C,28,","24.5",",C,26,","3863.0","C","291.2",",C","51.2",",,,C","0",",,,C","8.63",",C","16.18",",,,C","1.07",",,,C"
"CA001142574","1980-05","50.2333","-116.9667","549.0","DUNCAN LAKE DAM, BC CA","0.0","C","0.0",",C","14",",C","8",",C","0",",C","","","0",",C","0",",C","0",",C","0",",C","9",",C","0",",C","19800511",",,C","","","19800531","+,,C","19800521",",,C","19800505",",,C","1.5",",C,11,","","","0",",,C,31,+","16.8",",,C,21,","28.0",",C,05,","4022.3","C","159.3",",C","62.2",",,,C","0",",,,C","13.19",",C","19.85",",,,C","6.53",",,,C"
"CA001142574","1980-06","50.2333","-116.9667","549.0","DUNCAN LAKE DAM, BC CA","0.9","C","0.9",",C","17",",C","10",",C","0",",C","","","0",",C","0",",C","0",",C","0",",C","13",",C","0",",C","19800608",",,C","","","19800630","+,,C","19800606",",,C","19800616",",,C","3.5",",C,08,","","","0",",,C,30,+","15.4",",,C,06,","27.0",",C,16,","4144.2","C","121.9",",C","81.6",",,,C","0",",,,C","14.30",",C","20.42",",,,C","8.18",",,,C"
"CA001142574","1980-07","50.2333","-116.9667","549.0","DUNCAN LAKE DAM, BC CA","13.2","C","12.3",",C","15",",C","4",",C","0",",C","","","0",",C","0",",C","0",",C","0",",C","23",",C","0",",C","19800705",",,C","","","19800731","+,,C","19800710",",,C","19800728",",,C","4.0",",C,05,","","","0",",,C,31,+","9.8",",,C,10,","31.5",",C,28,","57.4","C","57.4",",C","36.2",",,,C","0",",,,C","16.88",",C","24.58",",,,C","9.18",",,,C"
"CA001142574","1980-08","50.2333","-116.9667","549.0","DUNCAN LAKE DAM, BC CA","13.4","C","0.2",",C","14",",C","7",",C","0",",C","","","0",",C","0",",C","0",",C","0",",C","18",",C","0",",C","19800825",",,C","","","19800831","+,,C","19800817","+,,C","19800801",",,C","2.0",",C,25,","","","0",",,C,31,+","10.0",",,C,17,+","28.0",",C,01,","174.9","C","117.5",",C","50.8",",,,C","0",",,,C","14.55",",C","21.82",",,,C","7.27",",,,C"
"CA001142574","1980-09","50.2333","-116.9667","549.0","DUNCAN LAKE DAM, BC CA","13.4","C","0.0",",C","15",",C","7",",C","0",",C","","","0",",C","0",",C","2",",C","0",",C","6",",C","0",",C","19800926","+,,C","","","19800930","+,,C","19800919",",,C","19800909",",,C","0.0",",C,26,+","","","0",",,C,30,+","17.4",",,C,19,","23.5",",C,09,","381.4","C","206.5",",C","66.2",",,,C","0",",,,C","11.45",",C","17.83",",,,C","5.07",",,,C"
"CA001142574","1980-10","50.2333","-116.9667","549.0","DUNCAN LAKE DAM, BC CA","13.4","C","0.0",",C","10",",C","4",",C","0",",C","0",",C","0",",C","0",",C","14",",C","0",",C","0",",C","0",",C","19801017","+,,C","19801031","+,,C","19801031","+,,C","19801025",",,C","19801007","+,,C","-2.0",",C,17,+","0",",,C,31,+","0",",,C,31,+","6.8",",,C,25,","19.5",",C,07,+","725.7","C","344.3",",C","26.8",",,,C","0",",,,C","7.23",",C","13.29",",,,C","1.16",",,,C"
"CA001142574","1980-11","50.2333","-116.9667","549.0","DUNCAN LAKE DAM, BC CA","13.4","C","0.0",",C","21",",C","15",",C","0",",C","5",",C","3",",C","0",",C","19",",C","5",",C","0",",C","0",",C","19801124","+,,C","19801129",",,C","19801128",",,C","19801120",",,C","19801102",",,C","-7.0",",C,24,+","110",",,C,29,","104",",,C,28,","14.0",",,C,20,","12.0",",C,02,","1203.9","C","478.2",",C","112.4",",,,C","206",",,,C","2.39",",C","5.43",",,,C","-0.65",",,,C"
"CA001142574","1980-12","50.2333","-116.9667","549.0","DUNCAN LAKE DAM, BC CA","13.4","C","0.0",",C","24",",C","17",",C","1",",C","29",",C","11",",C","0",",C","24",",C","10",",C","0",",C","0",",C","19801208","+,,C","19801211",",,C","19801203",",,C","19801203",",,C","19801226",",,C","-12.5",",C,08,+","690",",,C,11,","310",",,C,03,","31.0",",,C,03,","9.5",",C,26,","1809.0","C","605.1",",C","210.4",",,,C","1362",",,,C","-1.19",",C","1.05",",,,C","-3.42",",,,C"
"CA001142574","1981-01","50.2333","-116.9667","549.0","DUNCAN LAKE DAM, BC CA","0.0","C","0.0",",C","7",",C","2",",C","0",",C","31",",C","1",",C","0",",C","30",",C","13",",C","0",",C","0",",C","19810111",",,C","19810108",",,C","19810107",",,C","19810107",",,C","19810131",",,C","-10.5",",C,11,","210",",,C,08,","80",",,C,07,","8.0",",,C,07,","6.0",",C,31,","2434.8","C","625.8",",C","19.0",",,,C","130",",,,C","-1.85",",C","0.81",",,,C","-4.52",",,,C"
"CA001142574","1981-02","50.2333","-116.9667","549.0","DUNCAN LAKE DAM, BC CA","0.0","C","0.0",",C","14",",C","10",",C","0",",C","19",",C","2",",C","2",",C","25",",C","8",",C","0",",C","0",",C","19810210",",,C","19810214",",,C","19810213",",,C","19810215",",,C","19810228",",,C","-22.5",",C,10,","260",",,C,14,","70",",,C,13,","13.0",",,C,15,","9.5",",C,28,","2997.1","C","562.3",",C","74.6",",,,C","184",",,,C","-1.75",",C","2.50",",,,C","-6.00",",,,C"
"CA001142574","1981-03","50.2333","-116.9667","549.0","DUNCAN LAKE DAM, BC CA","0.0","C","0.0",",C","12",",C","5",",C","0",",C","0",",C","0",",C","0",",C","24",",C","0",",C","0",",C","0",",C","19810307",",,C","19810331","+,,C","19810307",",,C","19810304",",,C","19810327",",,C","-7.0",",C,07,","0",",,C,31,+","0",",T,C,07,","9.4",",,C,04,","15.0",",C,27,","3454.7","C","457.6",",C","36.0",",,,C","0",",T,,C","3.57",",C","10.06",",,,C","-2.92",",,,C"
"CA001142574","1981-04","50.2333","-116.9667","549.0","DUNCAN LAKE DAM, BC CA","0.0","C","0.0",",C","18",",C","8",",C","0",",C","0",",C","0",",C","0",",C","19",",C","0",",C","0",",C","0",",C","19810414",",,C","19810412",",,C","19810411",",,C","19810423",",,C","19810419",",,C","-5.0",",C,14,","0",",T,C,12,","6",",,C,11,","16.8",",,C,23,","20.0",",C,19,","3820.2","C","365.5",",C","69.4",",,,C","6",",,,C","6.15",",C","12.28",",,,C","0.02",",,,C"
"CA001142574","1981-05","50.2333","-116.9667","549.0","DUNCAN LAKE DAM, BC CA","0.0","C","0.0",",C","21",",C","7",",C","1",",C","0",",C","0",",C","0",",C","1",",C","0",",C","6",",C","0",",C","19810503",",,C","19810531","+,,C","19810531","+,,C","19810504",",,C","19810529",",,C","-1.5",",C,03,","0",",,C,31,+","0",",,C,31,+","26.6",",,C,04,","25.5",",C,29,","4024.3","C","204.1",",C","70.0",",,,C","0",",,,C","11.75",",C","17.61",",,,C","5.89",",,,C"
"CA001142574","1981-06","50.2333","-116.9667","549.0","DUNCAN LAKE DAM, BC CA","0.0","C","0.0",",C","22",",C","12",",C","1",",C","0",",C","0",",C","0",",C","0",",C","0",",C","4",",C","0",",C","19810612","+,,C","19810630","+,,C","19810630","+,,C","19810630",",,C","19810626",",,C","2.0",",C,12,+","0",",,C,30,+","0",",,C,30,+","33.6",",,C,30,","28.5",",C,26,","4196.5","C","172.2",",C","108.4",",,,C","0",",,,C","12.59",",C","18.08",",,,C","7.10",",,,C"
"CA001142574","1981-07","50.2333","-116.9667","549.0","DUNCAN LAKE DAM, BC CA","3.2","C","3.2",",C","19",",C","10",",C","1",",C","0",",C","0",",C","0",",C","0",",C","0",",C","19",",C","0",",C","19810709",",,C","19810731","+,,C","19810731","+,,C","19810713",",,C","19810704",",,C","4.0",",C,09,","0",",,C,31,+","0",",,C,31,+","30.0",",,C,13,","29.5",",C,04,","74.7","C","74.7",",C","121.8",",,,C","0",",,,C","16.02",",C","22.60",",,,C","9.45",",,,C"
"CA001142574","1981-08","50.2333","-116.9667","549.0","DUNCAN LAKE DAM, BC CA","32.5","C","29.3",",C","10",",C","3",",C","0",",C","0",",C","0",",C","0",",C","0",",C","0",",C","28",",C","1",",C","19810831","+,,C","19810831","+,,C","19810831","+,,C","19810819",",,C","19810808",",,C","5.5",",C,31,+","0",",,C,31,+","0",",,C,31,+","10.4",",,C,19,","32.5",",C,08,","104.4","C","29.7",",C","24.8",",,,C","0",",,,C","18.32",",C","26.76",",,,C","9.89",",,,C"
"CA001142574","1981-09","50.2333","-116.9667","549.0","DUNCAN LAKE DAM, BC CA","32.5","C","0.0",",C","16",",C","8",",C","0",",C","0",",C","0",",C","0",",C","0",",C","0",",C","14",",C","0",",C","19810927","+,,C","19810930","+,,C","19810930","+,,C","19810919",",,C","19810916",",,C","1.0",",C,27,+","0",",,C,30,+","0",",,C,30,+","10.0",",,C,19,","27.0",",C,16,","286.4","C","182.0",",C","64.6",",,,C","0",",,,C","12.27",",C","19.25",",,,C","5.28",",,,C"
"CA001142574","1981-10","50.2333","-116.9667","549.0","DUNCAN LAKE DAM, BC CA","32.5","C","0.0",",C","17",",C","9",",C","0",",C","0",",C","0",",C","0",",C","14",",C","0",",C","0",",C","0",",C","19811021",",,C","19811031","+,,C","19811031","+,,C","19811001",",,C","19811012",",,C","-6.5",",C,21,","0",",,C,31,+","0",",,C,31,+","10.4",",,C,01,","14.0",",C,12,","664.7","C","378.3",",C","58.0",",,,C","0",",,,C","6.13",",C","11.19",",,,C","1.06",",,,C"
"CA001142574","1981-11","50.2333","-116.9667","549.0","DUNCAN LAKE DAM, BC CA","32.5","C","0.0",",C","16",",C","7",",C","0",",C","0",",C","0",",C","0",",C","14",",C","0",",C","0",",C","0",",C","19811128",",,C","19811130",",,C","19811130",",,C","19811114",",,C","19811102","+,,C","-9.0",",C,28,","0",",T,C,30,","20",",,C,30,","9.0",",,C,14,","11.5",",C,02,+","1121.9","C","457.2",",C","53.0",",,,C","20",",,,C","3.09",",C","6.52",",,,C","-0.33",",,,C"
"CA001142574","1981-12","50.2333","-116.9667","549.0","DUNCAN LAKE DAM, BC CA","32.5","C","0.0",",C","17",",C","14",",C","0",",C","20","3,C","9",",C","0",",C","30",",C","18",",C","0",",C","0",",C","19811231",",,C","19811230","+,3,C","19811213",",,C","19811201",",,C","19811210",",,C","-17.5",",C,31,","210","3,,C,30,+","110",",,C,13,","12.8",",,C,01,","6.0",",C,10,","1782.5","C","660.6",",C","100.3",",,,C","557",",,,C","-2.98",",C","0.18",",,,C","-6.13",",,,C"
"CA001142574","1982-01","50.2333","-116.9667","549.0","DUNCAN LAKE DAM, BC CA","0.0","C","0.0",",C","23",",C","18",",C","2",",C","31",",C","14",",C","2",",C","31",",C","21",",C","0",",C","0",",C","19820107",",,C","19820124",",,C","19820123",",,C","19820123",",,C","19820131",",,C","-20.5",",C,07,","840",",,C,24,","300",",,C,23,","30.0",",,C,23,","5.0",",C,31,","2525.8","C","743.3",",C","179.6",",,,C","1514",",,,C","-5.65",",C","-1.84",",,,C","-9.45",",,,C"
"CA001142574","1982-02","50.2333","-116.9667","549.0","DUNCAN LAKE DAM, BC CA","0.0","C","0.0",",C","20",",C","12",",C","2",",C","28",",C","7",",C","5",",C","25",",C","9",",C","0",",C","0",",C","19820209",",,C","19820214",",,C","19820213",",,C","19820214",",,C","19820220",",,C","-24.0",",C,09,","740",",,C,14,","160",",,C,13,","41.0",",,C,14,","8.0",",C,20,","3136.9","C","611.1",",C","147.2",",,,C","542",",,,C","-3.49",",C","1.04",",,,C","-8.02",",,,C"
"CA001142574","1982-03","50.2333","-116.9667","549.0","DUNCAN LAKE DAM, BC CA","0.0","C","0.0",",C","18",",C","10",",C","0",",C","24",",C","1",",C","0",",C","31",",C","0",",C","0",",C","0",",C","19820325","+,,C","19820301",",,C","19820329",",,C","19820301",",,C","19820326",",,C","-6.5",",C,25,+","330",",,C,01,","54",",,C,29,","8.2",",,C,01,","11.5",",C,26,","3656.0","C","519.1",",C","63.0",",,,C","110",",,,C","1.59",",C","6.56",",,,C","-3.39",",,,C"
"CA001142574","1982-04","50.2333","-116.9667","549.0","DUNCAN LAKE DAM, BC CA","0.0","C","0.0",",C","11",",C","6",",C","0",",C","0",",C","0",",C","0",",C","25",",C","0",",C","0",",C","0",",C","19820408",",,C","19820414",",,C","19820403",",,C","19820413",",,C","19820423",",,C","-7.0",",C,08,","0",",T,C,14,","14",",,C,03,","13.4",",,C,13,","20.0",",C,23,","4064.0","C","408.0",",C","40.2",",,,C","22",",,,C","4.73",",C","11.50",",,,C","-2.03",",,,C"
"CA001142574","1982-05","50.2333","-116.9667","549.0","DUNCAN LAKE DAM, BC CA","0.0","C","0.0",",C","14",",C","6",",C","0",",C","0",",C","0",",C","0",",C","12",",C","0",",C","5",",C","0",",C","19820505",",,C","19820531","+,,C","19820531","+,,C","19820517",",,C","19820524",",,C","-4.0",",C,05,","0",",,C,31,+","0",",,C,31,+","14.2",",,C,17,","25.5",",C,24,","4328.8","C","264.8",",C","52.6",",,,C","0",",,,C","9.79",",C","17.95",",,,C","1.63",",,,C"
"CA001142574","1982-06","50.2333","-116.9667","549.0","DUNCAN LAKE DAM, BC CA","3.2","C","3.2",",C","15",",C","7",",C","0",",C","0",",C","0",",C","0",",C","0",",C","0",",C","23",",C","0",",C","19820608",",,C","19820630","+,,C","19820630","+,,C","19820629",",,C","19820612",",,C","2.5",",C,08,","0",",,C,30,+","0",",,C,30,+","14.8",",,C,29,","30.5",",C,12,","4399.2","C","70.4",",C","64.4",",,,C","0",",,,C","16.09",",C","24.02",",,,C","8.17",",,,C"
"CA001142574","1982-07","50.2333","-116.9667","549.0","DUNCAN LAKE DAM, BC CA","11.2","C","8.0",",C","17","4,C","8","4,C","0","4,C","0",",C","0",",C","0",",C","0",",C","0",",C","19",",C","1",",C","19820724","+,,C","19820731","+,,C","19820731","+,,C","19820704",",4,C","19820728",",,C","5.0",",C,24,+","0",",,C,31,+","0",",,C,31,+","15.2","4,,C,04,","34.5",",C,28,","81.3","C","81.3",",C","51.8","4,,,C","0",",,,C","15.97",",C","22.77",",,,C","9.16",",,,C"
"CA001142574","1982-08","50.2333","-116.9667","549.0","DUNCAN LAKE DAM, BC CA","14.1","C","2.9",",C","19",",C","9",",C","0",",C","0",",C","0",",C","0",",C","0",",C","0",",C","19",",C","0",",C","19820815",",,C","19820831","+,,C","19820831","+,,C","19820801",",,C","19820807",",,C","4.0",",C,15,","0",",,C,31,+","0",",,C,31,+","17.8",",,C,01,","30.5",",C,07,","159.5","C","78.2",",C","94.6",",,,C","0",",,,C","15.90",",C","23.11",",,,C","8.69",",,,C"
"CA001142574","1982-09","50.2333","-116.9667","549.0","DUNCAN LAKE DAM, BC CA","14.1","C","0.0",",C","17",",C","9",",C","0",",C","0",",C","0",",C","0",",C","3",",C","0",",C","8",",C","0",",C","19820914",",,C","19820930","+,,C","19820930","+,,C","19820903",",,C","19820903","+,,C","-2.5",",C,14,","0",",,C,30,+","0",",,C,30,+","16.0",",,C,03,","25.5",",C,03,+","355.5","C","196.0",",C","78.4",",,,C","0",",,,C","11.80",",C","18.27",",,,C","5.33",",,,C"
"CA001142574","1982-10","50.2333","-116.9667","549.0","DUNCAN LAKE DAM, BC CA","14.1","C","0.0",",C","14",",C","5",",C","0",",C","0",",C","0",",C","0",",C","16",",C","0",",C","0",",C","0",",C","19821030","+,,C","19821031","+,,C","19821031","+,,C","19821022",",,C","19821016",",,C","-5.0",",C,30,+","0",",,C,31,+","0",",,C,31,+","13.6",",,C,22,","17.0",",C,16,","734.6","C","379.1",",C","48.6",",,,C","0",",,,C","6.10",",C","11.32",",,,C","0.89",",,,C"
"CA001142574","1982-11","50.2333","-116.9667","549.0","DUNCAN LAKE DAM, BC CA","14.1","C","0.0",",C","17",",C","8",",C","0",",C","7",",C","3",",C","0",",C","28",",C","7",",C","0",",C","0",",C","19821114",",,C","19821128",",,C","19821115",",,C","19821117",",,C","19821101",",,C","-10.0",",C,14,","80",",,C,28,","60",",,C,15,","15.6",",,C,17,","9.0",",C,01,","1309.8","C","575.2",",C","66.0",",,,C","170",",,,C","-0.84",",C","2.62",",,,C","-4.30",",,,C"
"CA001142574","1982-12","50.2333","-116.9667","549.0","DUNCAN LAKE DAM, BC CA","14.1","C","0.0",",C","14",",C","9",",C","0",",C","14",",C","5",",C","0",",C","30",",C","15",",C","0",",C","0",",C","19821210",",,C","19821215",",,C","19821212",",,C","19821203",",,C","19821203",",,C","-12.5",",C,10,","180",",,C,15,","80",",,C,12,","14.0",",,C,03,","6.5",",C,03,","1963.9","C","654.1",",C","73.4",",,,C","370",",,,C","-2.77",",C","0.45",",,,C","-5.98",",,,C"
"CA001142574","1983-01","50.2333","-116.9667","549.0","DUNCAN LAKE DAM, BC CA","0.0","C","0.0",",C","15","2,C","11","2,C","0","2,C","30","1,C","7",",C","0",",C","31",",C","5",",C","0",",C","0",",C","19830116",",,C","19830106",",1,C","19830105",",,C","19830110",",2,C","19830113","+,,C","-10.0",",C,16,","330","1,,C,06,","130",",,C,05,","19.0","2,,C,10,","7.0",",C,13,+","2556.0","C","592.1",",C","109.6",",a,,C","530",",a,,C","-0.77",",C","2.27",",,,C","-3.81",",,,C"
"CA001142574","1983-02","50.2333","-116.9667","549.0","DUNCAN LAKE DAM, BC CA","0.0","C","0.0",",C","22",",C","11",",C","0",",C","16",",C","3",",C","0",",C","23",",C","6",",C","0",",C","0",",C","19830206",",,C","19830210",",,C","19830221",",,C","19830217",",,C","19830215",",,C","-15.0",",C,06,","180",",,C,10,","64",",,C,21,","7.2",",,C,17,","8.5",",C,15,","3056.3","C","500.3",",C","74.6",",,,C","212",",,,C","0.46",",C","3.88",",,,C","-2.95",",,,C"
"CA001142574","1983-03","50.2333","-116.9667","549.0","DUNCAN LAKE DAM, BC CA","0.0","C","0.0",",C","18",",C","8",",C","0",",C","0",",C","0",",C","0",",C","21",",C","0",",C","0",",C","0",",C","19830319",",,C","19830331","+,,C","19830331","+,,C","19830310",",,C","19830324",",,C","-7.5",",C,19,","0",",,C,31,+","0",",,C,31,+","7.4",",,C,10,","12.5",",C,24,","3502.9","C","446.6",",C","48.6",",,,C","0",",,,C","3.93",",C","8.82",",,,C","-0.97",",,,C"
"CA001142574","1983-04","50.2333","-116.9667","549.0","DUNCAN LAKE DAM, BC CA","0.0","C","0.0",",C","13",",C","6",",C","0",",C","0",",C","0",",C","0",",C","22",",C","0",",C","0",",C","0",",C","19830413",",,C","19830430","+,,C","19830430","+,,C","19830424",",,C","19830422","+,,C","-5.5",",C,13,","0",",,C,30,+","0",",,C,30,+","19.0",",,C,24,","21.0",",C,22,+","3860.6","C","357.7",",C","54.4",",,,C","0",",,,C","6.41",",C","13.87",",,,C","-1.05",",,,C"
"CA001142574","1983-05","50.2333","-116.9667","549.0","DUNCAN LAKE DAM, BC CA","3.3","C","3.3",",C","9",",C","0",",C","0",",C","0",",C","0",",C","0",",C","7",",C","0",",C","11",",C","1",",C","19830511",",,C","19830531","+,,C","19830531","+,,C","19830507",",,C","19830529",",,C","-3.0",",C,11,","0",",,C,31,+","0",",,C,31,+","1.6",",,C,07,","34.0",",C,29,","4063.4","C","202.8",",C","8.6",",,,C","0",",,,C","11.90",",C","20.66",",,,C","3.13",",,,C"
"CA001142574","1983-06","50.2333","-116.9667","549.0","DUNCAN LAKE DAM, BC CA","3.3","C","0.0",",C","21",",C","9",",C","0",",C","0",",C","0",",C","0",",C","0",",C","0",",C","13",",C","0",",C","19830613",",,C","19830630","+,,C","19830630","+,,C","19830629",",,C","19830607",",,C","3.5",",C,13,","0",",,C,30,+","0",",,C,30,+","11.2",",,C,29,","27.0",",C,07,","4184.9","C","121.5",",C","68.6",",,,C","0",",,,C","14.28",",C","20.68",",,,C","7.88",",,,C"
"CA001142574","1983-07","50.2333","-116.9667","549.0","DUNCAN LAKE DAM, BC CA","3.3","C","0.0",",C","22",",C","13",",C","0",",C","0",",C","0",",C","0",",C","0",",C","0",",C","16",",C","0",",C","19830717",",,C","19830731","+,,C","19830731","+,,C","19830711",",,C","19830719",",,C","5.0",",C,17,","0",",,C,31,+","0",",,C,31,+","25.0",",,C,11,","29.0",",C,19,","91.8","C","91.8",",C","108.0",",,,C","0",",,,C","15.37",",C","21.77",",,,C","8.97",",,,C"
"CA001142574","1983-08","50.2333","-116.9667","549.0","DUNCAN LAKE DAM, BC CA","18.8","C","15.5",",C","12",",C","6",",C","0",",C","0",",C","0",",C","0",",C","0",",C","0",",C","26",",C","0",",C","19830819",",,C","19830831","+,,C","19830831","+,,C","19830811",",,C","19830807",",,C","3.5",",C,19,","0",",,C,31,+","0",",,C,31,+","19.8",",,C,11,","32.0",",C,07,","136.4","C","44.6",",C","62.4",",,,C","0",",,,C","17.40",",C","25.77",",,,C","9.02",",,,C"
"CA001142574","1983-09","50.2333","-116.9667","549.0","DUNCAN LAKE DAM, BC CA","18.8","C","0.0",",C","15",",C","6",",C","0",",C","0",",C","0",",C","0",",C","9",",C","0",",C","0",",C","0",",C","19830930",",,C","19830930","+,,C","19830930","+,,C","19830906",",,C","19830926","+,,C","-5.5",",C,30,","0",",,C,30,+","0",",,C,30,+","7.6",",,C,06,","21.0",",C,26,+","403.9","C","267.5",",C","43.8",",,,C","0",",,,C","9.42",",C","16.90",",,,C","1.93",",,,C"
"CA001142574","1983-10","50.2333","-116.9667","549.0","DUNCAN LAKE DAM, BC CA","18.8","C","0.0",",C","12",",C","8",",C","0",",C","0",",C","0",",C","0",",C","20",",C","0",",C","0",",C","0",",C","19831001",",,C","19831031","+,,C","19831031","+,,C","19831031",",,C","19831011","+,,C","-5.5",",C,01,","0",",,C,31,+","0",",,C,31,+","6.6",",,C,31,","15.5",",C,11,+","810.7","C","406.8",",C","45.8",",,,C","0",",,,C","5.21",",C","11.39",",,,C","-0.97",",,,C"
"CA001142574","1983-11","50.2333","-116.9667","549.0","DUNCAN LAKE DAM, BC CA","18.8","C","0.0","4,C","24","2,C","13","2,C","0","2,C","6",",C","1",",C","0","3,C","11","3,C","1","3,C","0","3,C","0","3,C","19831130",",3,C","19831126","+,,C","19831124",",,C","19831103",",2,C","19831103",",3,C","-7.5","3,C,30,","50",",,C,26,+","58",",,C,24,","16.0","2,,C,03,","11.0","3,C,03,","1188.6","C","377.9","3,C","83.3",",a,,C","62",",,,C","3.70","4,C","6.50","3,,,C","0.91","3,,,C"
"CA001142574","1983-12","50.2333","-116.9667","549.0","DUNCAN LAKE DAM, BC CA","","","","","15",",C","9",",C","0",",C","","","9",",C","11","5,C","26","5,C","","","","","","","19831223",",5,C","","","19831209",",,C","19831209",",,C","","","-27.5","5,C,23,","","","160",",,C,09,","16.0",",,C,09,","","","","","","","91.6",",,,C","916",",,,C","","","","","-15.54","5,,,C"
"CA001142574","1984-01","50.2333","-116.9667","549.0","DUNCAN LAKE DAM, BC CA","0.0","C","0.0",",C","22",",C","13",",C","0",",C","31",",C","6",",C","2",",C","30",",C","9",",C","0",",C","0",",C","19840118","+,,C","19840102",",,C","19840122",",,C","19840103",",,C","19840104",",,C","-19.5",",C,18,+","420",",,C,02,","124",",,C,22,","15.4",",,C,03,","9.5",",C,04,","","","649.6",",C","113.6",",,,C","494",",,,C","-2.62",",C","1.11",",,,C","-6.35",",,,C"
"CA001142574","1984-02","50.2333","-116.9667","549.0","DUNCAN LAKE DAM, BC CA","0.0","C","0.0",",C","11",",C","4",",C","0",",C","14",",C","0",",C","0",",C","27",",C","2",",C","0",",C","0",",C","19840218",",,C","19840201",",,C","19840226",",,C","19840221",",,C","19840229",",,C","-9.5",",C,18,","60",",,C,01,","20",",,C,26,","4.2",",,C,21,","6.0",",C,29,","","","540.9",",C","26.0",",,,C","30",",,,C","-0.32",",C","3.36",",,,C","-4.00",",,,C"
"CA001142574","1984-03","50.2333","-116.9667","549.0","DUNCAN LAKE DAM, BC CA","0.0","C","0.0",",C","18",",C","4",",C","0",",C","0",",C","0",",C","0",",C","23",",C","0",",C","0",",C","0",",C","19840304",",,C","19840331","+,,C","19840324",",,C","19840321",",,C","19840331","+,,C","-7.5",",C,04,","0",",,C,31,+","0",",T,C,24,","8.8",",,C,21,","15.0",",C,31,+","","","455.8",",C","37.4",",,,C","0",",T,,C","3.63",",C","9.29",",,,C","-2.03",",,,C"
"CA001142574","1984-04","50.2333","-116.9667","549.0","DUNCAN LAKE DAM, BC CA","0.0","C","0.0",",C","16","1,C","8","1,C","0","1,C","0",",C","0","1,C","0",",C","16",",C","0",",C","1",",C","0",",C","19840425","+,,C","19840430","+,,C","19840430","+,1,C","19840405",",1,C","19840415",",,C","-6.0",",C,25,+","0",",,C,30,+","0","1,,C,30,+","9.0","1,,C,05,","22.0",",C,15,","","","368.0",",C","43.4","1,,,C","0","1,,,C","6.07",",C","12.77",",,,C","-0.63",",,,C"
"CA001142574","1984-05","50.2333","-116.9667","549.0","DUNCAN LAKE DAM, BC CA","0.0","C","0.0",",C","28",",C","12",",C","0",",C","0",",C","0",",C","0",",C","5",",C","0",",C","2",",C","0",",C","19840504",",,C","19840531","+,,C","19840531","+,,C","19840508",",,C","19840529",",,C","-3.5",",C,04,","0",",,C,31,+","0",",,C,31,+","7.8",",,C,08,","25.0",",C,29,","","","307.3",",C","75.2",",,,C","0",",,,C","8.42",",C","14.45",",,,C","2.39",",,,C"
"CA001142574","1984-06","50.2333","-116.9667","549.0","DUNCAN LAKE DAM, BC CA","0.0","C","0.0",",C","14",",C","6",",C","0",",C","0",",C","0",",C","0",",C","1",",C","0",",C","15",",C","0",",C","19840602",",,C","19840630","+,,C","19840630","+,,C","19840608",",,C","19840628",",,C","-1.0",",C,02,","0",",,C,30,+","0",",,C,30,+","10.2",",,C,08,","27.5",",C,28,","","","138.2",",C","49.0",",,,C","0",",,,C","13.73",",C","20.88",",,,C","6.57",",,,C"
"CA001142574","1984-07","50.2333","-116.9667","549.0","DUNCAN LAKE DAM, BC CA","24.2","C","24.2",",C","12",",C","4",",C","0",",C","0",",C","0",",C","0",",C","0",",C","0",",C","26",",C","3",",C","19840708",",,C","19840731","+,,C","19840731","+,,C","19840729",",,C","19840725",",,C","3.0",",C,08,","0",",,C,31,+","0",",,C,31,+","8.0",",,C,29,","34.0",",C,25,","60.2","C","60.2",",C","25.4",",,,C","0",",,,C","17.17",",C","26.32",",,,C","8.02",",,,C"
"CA001142574","1984-08","50.2333","-116.9667","549.0","DUNCAN LAKE DAM, BC CA","29.2","C","5.0",",C","15",",C","7",",C","0",",C","0",",C","0",",C","0",",C","0",",C","0",",C","23",",C","0",",C","19840830",",,C","19840831","+,,C","19840831","+,,C","19840827",",,C","19840804",",,C","1.0",",C,30,","0",",,C,31,+","0",",,C,31,+","19.6",",,C,27,","31.5",",C,04,","142.3","C","82.1",",C","70.6",",,,C","0",",,,C","15.85",",C","24.61",",,,C","7.08",",,,C"
"CA001142574","1984-09","50.2333","-116.9667","549.0","DUNCAN LAKE DAM, BC CA","29.2","C","0.0",",C","14",",C","6",",C","0",",C","0",",C","0",",C","0",",C","10",",C","0",",C","3",",C","0",",C","19840929","+,,C","19840930","+,,C","19840930","+,,C","19840905",",,C","19840905",",,C","-6.0",",C,29,+","0",",,C,30,+","0",",,C,30,+","10.2",",,C,05,","22.5",",C,05,","423.8","C","281.5",",C","47.8",",,,C","0",",,,C","8.95",",C","16.12",",,,C","1.78",",,,C"
"CA001142574","1984-10","50.2333","-116.9667","549.0","DUNCAN LAKE DAM, BC CA","29.2","C","0.0",",C","8","3,C","6","3,C","0","3,C","0",",C","0","3,C","0",",C","22",",C","1",",C","0",",C","0",",C","19841031",",,C","19841031","+,,C","19841031",",3,C","19841024",",3,C","19841009",",,C","-10.0",",C,31,","0",",,C,31,+","0","3,T,C,31,","9.8","3,,C,24,","20.0",",C,09,","849.1","C","425.3",",C","31.2","3,,,C","0","3,T,,C","4.61",",C","10.52",",,,C","-1.29",",,,C"
"CA001142574","1984-11","50.2333","-116.9667","549.0","DUNCAN LAKE DAM, BC CA","29.2","C","0.0",",C","15","2,C","9","2,C","1","2,C","6","1,C","3","2,C","0",",C","27",",C","2",",C","0",",C","0",",C","19841101",",,C","19841102",",1,C","19841101",",2,C","19841101",",2,C","19841105",",,C","-14.0",",C,01,","310","1,,C,02,","310","2,,C,01,","31.0","2,,C,01,","9.0",",C,05,","1396.8","C","547.7",",C","86.8","2,,,C","460","2,,,C","0.08",",C","4.10",",,,C","-3.95",",,,C"
"CA001142574","1984-12","50.2333","-116.9667","549.0","DUNCAN LAKE DAM, BC CA","29.2","C","0.0",",C","17",",C","14",",C","0",",C","31",",C","14",",C","2",",C","31",",C","24",",C","0",",C","0",",C","19841231",",,C","19841227",",,C","19841207",",,C","19841207",",,C","19841210",",,C","-22.5",",C,31,","550",",,C,27,","190",",,C,07,","19.0",",,C,07,","3.0",",C,10,","2168.1","C","771.3",",C","120.0",",,,C","1134",",,,C","-6.55",",C","-3.02",",,,C","-10.08",",,,C"
"CA001142574","1985-01","50.2333","-116.9667","549.0","DUNCAN LAKE DAM, BC CA","0.0","C","0.0",",C","7",",C","4",",C","0",",C","31",",C","4",",C","4",",C","31",",C","24",",C","0",",C","0",",C","19850131",",,C","19850120",",,C","19850119",",,C","19850119",",,C","19850121",",,C","-24.5",",C,31,","490",",,C,20,","48",",,C,19,","4.8",",,C,19,","4.0",",C,21,","2909.9","C","741.8",",C","17.8",",,,C","178",",,,C","-5.60",",C","-2.15",",,,C","-9.05",",,,C"
"CA001142574","1985-02","50.2333","-116.9667","549.0","DUNCAN LAKE DAM, BC CA","0.0","C","0.0",",C","12","2,C","6","2,C","1","2,C","28",",C","5","2,C","6",",C","27",",C","10",",C","0",",C","0",",C","19850204","+,,C","19850211",",,C","19850204",",2,C","19850204",",2,C","19850228","+,,C","-26.0",",C,04,+","660",",,C,11,","260","2,,C,04,","26.0","2,,C,04,","6.5",",C,28,+","3563.5","C","653.6",",C","61.9","2,,,C","569","2,,,C","-5.01",",C","0.57",",,,C","-10.59",",,,C"
"CA001142574","1985-03","50.2333","-116.9667","549.0","DUNCAN LAKE DAM, BC CA","0.0","C","0.0","3,C","8","2,C","1","2,C","0","2,C","23",",C","1","2,C","0","3,C","28","3,C","0",",C","0",",C","0",",C","19850303",",3,C","19850306","+,,C","19850305",",2,C","19850305",",2,C","19850318",",,C","-12.5","3,C,03,","390",",,C,06,+","26","2,,C,05,","2.6","2,,C,05,","12.5",",C,18,","4062.8","C","499.3",",C","11.4","2,,,C","42","2,,,C","0.44","3,C","6.92",",,,C","-6.04","3,,,C"
"CA001142574","1985-04","50.2333","-116.9667","549.0","DUNCAN LAKE DAM, BC CA","0.0","C","0.0",",C","20",",C","6",",C","0",",C","0",",C","0",",C","0",",C","17",",C","0",",C","0",",C","0",",C","19850406",",,C","19850430","+,,C","19850430","+,,C","19850426",",,C","19850410",",,C","-5.5",",C,06,","0",",,C,30,+","0",",,C,30,+","17.2",",,C,26,","19.5",",C,10,","4428.3","C","365.5",",C","79.0",",,,C","0",",,,C","6.15",",C","12.75",",,,C","-0.45",",,,C"
"CA001142574","1985-05","50.2333","-116.9667","549.0","DUNCAN LAKE DAM, BC CA","0.2","C","0.2",",C","13","1,C","3","1,C","0","1,C","0",",C","0","1,C","0",",C","8",",C","0",",C","13",",C","0",",C","19850513","+,,C","19850531","+,,C","19850531","+,1,C","19850524",",1,C","19850523",",,C","-4.0",",C,13,+","0",",,C,31,+","0","1,,C,31,+","8.6","1,,C,24,","28.5",",C,23,","4641.0","C","212.7",",C","29.8","1,,,C","0","1,,,C","11.48",",C","19.95",",,,C","3.00",",,,C"
"CA001142574","1985-06","50.2333","-116.9667","549.0","DUNCAN LAKE DAM, BC CA","0.2","C","0.0",",C","11",",C","6",",C","0",",C","0",",C","0",",C","0",",C","1",",C","0",",C","14",",C","0",",C","19850625",",,C","19850630","+,,C","19850630","+,,C","19850607",",,C","19850629","+,,C","0.0",",C,25,","0",",,C,30,+","0",",,C,30,+","16.2",",,C,07,","29.5",",C,29,+","4788.5","C","147.5",",C","55.6",",,,C","0",",,,C","13.42",",C","21.58",",,,C","5.25",",,,C"
"CA001142574","1985-07","50.2333","-116.9667","549.0","DUNCAN LAKE DAM, BC CA","30.2","C","30.0",",C","2",",C","1",",C","0",",C","0",",C","0",",C","0",",C","0",",C","0",",C","31",",C","7",",C","19850714",",,C","19850731","+,,C","19850731","+,,C","19850723",",,C","19850709",",,C","4.0",",C,14,","0",",,C,31,+","0",",,C,31,+","6.6",",,C,23,","35.0",",C,09,","10.8","C","10.8",",C","7.6",",,,C","0",",,,C","18.95",",C","30.13",",,,C","7.77",",,,C"
"CA001142574","1985-08","50.2333","-116.9667","549.0","DUNCAN LAKE DAM, BC CA","36.1","C","5.9",",C","12",",C","8",",C","0",",C","0",",C","0",",C","0",",C","0",",C","0",",C","21",",C","0",",C","19850813",",,C","19850831","+,,C","19850831","+,,C","19850820",",,C","19850802",",,C","3.0",",C,13,","0",",,C,31,+","0",",,C,31,+","24.0",",,C,20,","30.0",",C,02,","106.5","C","95.7",",C","66.4",",,,C","0",",,,C","15.44",",C","23.35",",,,C","7.52",",,,C"
"CA001142574","1985-09","50.2333","-116.9667","549.0","DUNCAN LAKE DAM, BC CA","36.1","C","0.0",",C","15",",C","6",",C","1",",C","0",",C","0",",C","0",",C","10",",C","0",",C","1",",C","0",",C","19850929",",,C","19850930","+,,C","19850930","+,,C","19850905",",,C","19850910",",,C","-5.0",",C,29,","0",",,C,30,+","0",",,C,30,+","37.0",",,C,05,","24.5",",C,10,","374.5","C","268.0",",C","90.4",",,,C","0",",,,C","9.40",",C","15.80",",,,C","3.00",",,,C"
"CA001142574","1985-10","50.2333","-116.9667","549.0","DUNCAN LAKE DAM, BC CA","36.1","C","0.0",",C","22","3,C","13","3,C","0","3,C","0",",C","0","3,C","0",",C","12",",C","0",",C","0",",C","0",",C","19851008",",,C","19851031","+,,C","19851031","+,3,C","19851014",",3,C","19851003",",,C","-7.5",",C,08,","0",",,C,31,+","0","3,,C,31,+","13.6","3,,C,14,","15.5",",C,03,","786.8","C","412.3",",C","101.8","3,,,C","0","3,,,C","5.03",",C","9.40",",,,C","0.66",",,,C"
"CA001142574","1985-11","50.2333","-116.9667","549.0","DUNCAN LAKE DAM, BC CA","36.1","C","0.0",",C","6","5,C","3","5,C","0","5,C","","","1","5,C","7",",C","25",",C","15",",C","0",",C","0",",C","19851129",",,C","","","19851115",",5,C","19851103",",5,C","19851104","+,,C","-24.0",",C,29,","","","60","5,,C,15,","8.0","5,,C,03,","7.5",",C,04,+","1512.8","C","726.0",",C","19.2","5,,,C","104","5,,,C","-5.87",",C","-2.17",",,,C","-9.57",",,,C"
"CA001142574","1985-12","50.2333","-116.9667","549.0","DUNCAN LAKE DAM, BC CA","36.1","C","0.0",",C","11",",C","5",",C","0",",C","31",",C","4",",C","2",",C","31",",C","24",",C","0",",C","0",",C","19851202","+,,C","19851216","+,,C","19851202",",,C","19851202",",,C","19851207",",,C","-21.0",",C,02,+","190",",,C,16,+","100",",,C,02,","10.0",",,C,02,","2.0",",C,07,","2226.6","C","713.8",",C","39.0",",,,C","360",",,,C","-4.69",",C","-2.10",",,,C","-7.29",",,,C"
"CA001142574","1986-01","50.2333","-116.9667","549.0","DUNCAN LAKE DAM, BC CA","0.0","C","0.0",",C","15","2,C","10","2,C","0","2,C","26","5,C","9","2,C","0",",C","30",",C","9",",C","0",",C","0",",C","19860105",",,C","19860106",",5,C","19860105","+,2,C","19860105","+,2,C","19860111",",,C","-12.0",",C,05,","370","5,,C,06,","100","2,,C,05,+","10.0","2,,C,05,+","8.0",",C,11,","2827.2","C","600.6",",C","72.8","2,,,C","584","2,,,C","-1.04",",C","1.87",",,,C","-3.95",",,,C"
"CA001142574","1986-02","50.2333","-116.9667","549.0","DUNCAN LAKE DAM, BC CA","0.0","C","0.0",",C","10",",C","9",",C","1",",C","28",",C","6",",C","2",",C","26",",C","8",",C","0",",C","0",",C","19860219",",,C","19860217",",,C","19860215",",,C","19860215",",,C","19860225",",,C","-21.0",",C,19,","560",",,C,17,","336",",,C,15,","33.6",",,C,15,","10.5",",C,25,","3432.0","C","604.8",",C","95.4",",,,C","696",",,,C","-3.27",",C","2.04",",,,C","-8.57",",,,C"
"CA001142574","1986-03","50.2333","-116.9667","549.0","DUNCAN LAKE DAM, BC CA","0.0","C","0.0",",C","19",",C","9",",C","0",",C","23",",C","0",",C","0",",C","24",",C","0",",C","0",",C","0",",C","19860302",",,C","19860301",",,C","19860331","+,,C","19860328",",,C","19860320",",,C","-6.0",",C,02,","280",",,C,01,","0",",,C,31,+","12.6",",,C,28,","12.5",",C,20,","3890.6","C","458.6",",C","69.8",",,,C","0",",,,C","3.54",",C","8.95",",,,C","-1.87",",,,C"
"CA001142574","1986-04","50.2333","-116.9667","549.0","DUNCAN LAKE DAM, BC CA","0.0","C","0.0",",C","15",",C","4",",C","0",",C","0",",C","0",",C","0",",C","14",",C","0",",C","1",",C","0",",C","19860411",",,C","19860430","+,,C","19860411",",,C","19860422",",,C","19860407",",,C","-4.0",",C,11,","0",",,C,30,+","0",",T,C,11,","13.6",",,C,22,","21.5",",C,07,","4232.6","C","342.0",",C","49.4",",,,C","0",",T,,C","6.93",",C","12.95",",,,C","0.92",",,,C"
"CA001142574","1986-05","50.2333","-116.9667","549.0","DUNCAN LAKE DAM, BC CA","12.1","C","12.1",",C","16",",C","8",",C","0",",C","0",",C","0",",C","0",",C","8",",C","0",",C","8",",C","2",",C","19860516","+,,C","19860531","+,,C","19860531","+,,C","19860512",",,C","19860531",",,C","-2.0",",C,16,+","0",",,C,31,+","0",",,C,31,+","12.8",",,C,12,","33.0",",C,31,","4446.0","C","213.4",",C","65.4",",,,C","0",",,,C","11.84",",C","19.13",",,,C","4.55",",,,C"
"CA001142574","1986-06","50.2333","-116.9667","549.0","DUNCAN LAKE DAM, BC CA","21.2","C","9.1",",C","18",",C","9",",C","1",",C","0",",C","0",",C","0",",C","0",",C","0",",C","20",",C","0",",C","19860620","+,,C","19860630","+,,C","19860630","+,,C","19860628",",,C","19860602",",,C","4.0",",C,20,+","0",",,C,30,+","0",",,C,30,+","34.2",",,C,28,","31.0",",C,02,","4513.8","C","67.8",",C","91.4",",,,C","0",",,,C","16.38",",C","23.70",",,,C","9.05",",,,C"
"CA001142574","1986-07","50.2333","-116.9667","549.0","DUNCAN LAKE DAM, BC CA","21.6","C","0.4",",C","24",",C","13",",C","0",",C","0",",C","0",",C","0",",C","0",",C","0",",C","15",",C","0",",C","19860731",",,C","19860731","+,,C","19860731","+,,C","19860702",",,C","19860721",",,C","5.5",",C,31,","0",",,C,31,+","0",",,C,31,+","14.6",",,C,02,","30.0",",C,21,","84.7","C","84.7",",C","98.9",",,,C","0",",,,C","15.61",",C","21.65",",,,C","9.58",",,,C"
"CA001142574","1986-08","50.2333","-116.9667","549.0","DUNCAN LAKE DAM, BC CA","36.1","C","14.5",",C","7",",C","4",",C","0",",C","0",",C","0",",C","0",",C","0",",C","0",",C","30",",C","0",",C","19860820",",,C","19860831","+,,C","19860831","+,,C","19860830",",,C","19860828","+,,C","2.5",",C,20,","0",",,C,31,+","0",",,C,31,+","15.8",",,C,30,","31.0",",C,28,+","113.8","C","29.1",",C","40.2",",,,C","0",",,,C","17.86",",C","27.34",",,,C","8.39",",,,C"
"CA001142574","1986-09","50.2333","-116.9667","549.0","DUNCAN LAKE DAM, BC CA","36.1","C","0.0","5,C","16",",C","7",",C","0",",C","0",",C","0",",C","0","5,C","1","5,C","0",",C","1",",C","0",",C","19860912",",5,C","19860930","+,,C","19860930","+,,C","19860901",",,C","19860903",",,C","-1.0","5,C,12,","0",",,C,30,+","0",",,C,30,+","12.8",",,C,01,","23.5",",C,03,","296.9","C","183.1",",C","48.8",",,,C","0",",,,C","11.25","5,C","16.25",",,,C","6.24","5,,,C"
"CA001142574","1986-10","50.2333","-116.9667","549.0","DUNCAN LAKE DAM, BC CA","36.1","C","0.0",",C","8",",C","6",",C","0",",C","0",",C","0",",C","0",",C","17",",C","0",",C","0",",C","0",",C","19861012",",,C","19861031","+,,C","19861031","+,,C","19861026",",,C","19861008",",,C","-4.0",",C,12,","0",",,C,31,+","0",",,C,31,+","15.8",",,C,26,","17.5",",C,08,","652.5","C","355.6",",C","45.8",",,,C","0",",,,C","6.86",",C","13.34",",,,C","0.39",",,,C"
"CA001142574","1986-11","50.2333","-116.9667","549.0","DUNCAN LAKE DAM, BC CA","36.1","C","0.0",",C","19","2,C","16","2,C","1","2,C","10","3,C","8","2,C","0",",C","21",",C","4",",C","0",",C","0",",C","19861110",",,C","19861114",",3,C","19861110",",2,C","19861123",",2,C","19861104",",,C","-13.0",",C,10,","280","3,,C,14,","240","2,,C,10,","28.6","2,,C,23,","10.5",",C,04,","1183.0","C","530.5",",C","151.6","2,,,C","636","2,,,C","0.65",",C","4.12",",,,C","-2.82",",,,C"
"CA001142574","1986-12","50.2333","-116.9667","549.0","DUNCAN LAKE DAM, BC CA","36.1","C","0.0",",C","13",",C","7",",C","0",",C","18",",C","4",",C","0",",C","28",",C","16",",C","0",",C","0",",C","19861209",",,C","19861215",",,C","19861214","+,,C","19861221",",,C","19861228",",,C","-12.5",",C,09,","160",",,C,15,","50",",,C,14,+","9.0",",,C,21,","6.0",",C,28,","1808.3","C","625.3",",C","42.9",",,,C","228",",,,C","-1.84",",C","0.68",",,,C","-4.35",",,,C"
"CA001142574","1987-01","50.2333","-116.9667","549.0","DUNCAN LAKE DAM, BC CA","0.0","C","0.0",",C","11","4,C","5","4,C","0","4,C","11","1,C","5","4,C","0",",C","27",",C","16",",C","0",",C","0",",C","19870116","+,,C","19870128",",1,C","19870101",",4,C","19870101",",4,C","19870129","+,,C","-13.5",",C,16,+","190","1,,C,28,","128","4,,C,01,","12.8","4,,C,01,","5.5",",C,29,+","2448.1","C","639.8",",C","45.6","4,,,C","444","4,,,C","-2.31",",C","0.60",",,,C","-5.21",",,,C"
"CA001142574","1987-02","50.2333","-116.9667","549.0","DUNCAN LAKE DAM, BC CA","0.0","C","0.0",",C","7","1,C","2","1,C","0","1,C","6",",C","1","1,C","0",",C","27",",C","1",",C","0",",C","0",",C","19870226",",,C","19870201",",,C","19870228",",1,C","19870201",",1,C","19870220","+,,C","-12.5",",C,26,","70",",,C,01,","26","1,,C,28,","4.0","1,,C,01,","7.5",",C,20,+","2953.2","C","505.1",",C","11.6","1,,,C","46","1,,,C","0.29",",C","4.18",",,,C","-3.59",",,,C"
"CA001142574","1987-03","50.2333","-116.9667","549.0","DUNCAN LAKE DAM, BC CA","0.0","C","0.0",",C","17",",C","11",",C","0",",C","1",",C","2",",C","0",",C","19",",C","0",",C","0",",C","0",",C","19870329",",,C","19870302",",,C","19870301",",,C","19870302",",,C","19870331",",,C","-7.5",",C,29,","50",",,C,02,","54",",,C,01,","24.4",",,C,02,","15.0",",C,31,","3406.5","C","453.3",",C","87.1",",,,C","96",",,,C","3.71",",C","8.95",",,,C","-1.53",",,,C"
"CA001142574","1987-04","50.2333","-116.9667","549.0","DUNCAN LAKE DAM, BC CA","0.0","C","0.0",",C","18",",C","6",",C","0",",C","0",",C","0",",C","0",",C","15",",C","0",",C","2",",C","0",",C","19870420",",,C","19870430","+,,C","19870430","+,,C","19870417",",,C","19870427",",,C","-3.5",",C,20,","0",",,C,30,+","0",",,C,30,+","12.8",",,C,17,","24.5",",C,27,","3706.7","C","300.2",",C","55.7",",,,C","0",",,,C","8.33",",C","15.68",",,,C","0.97",",,,C"
"CA001142574","1987-05","50.2333","-116.9667","549.0","DUNCAN LAKE DAM, BC CA","0.0","C","0.0",",C","16",",C","9",",C","0",",C","0",",C","0",",C","0",",C","0",",C","0",",C","13",",C","0",",C","19870523","+,,C","19870531","+,,C","19870531","+,,C","19870511",",,C","19870509",",,C","1.0",",C,23,+","0",",,C,31,+","0",",,C,31,+","8.2",",,C,11,","28.5",",C,09,","3886.0","C","179.3",",C","49.4",",,,C","0",",,,C","12.55",",C","20.18",",,,C","4.92",",,,C"
"CA001142574","1987-06","50.2333","-116.9667","549.0","DUNCAN LAKE DAM, BC CA","9.9","C","9.9",",C","12",",C","7",",C","0",",C","0",",C","0",",C","0",",C","0",",C","0",",C","23",",C","0",",C","19870603",",,C","19870630","+,,C","19870630","+,,C","19870615",",,C","19870628",",,C","0.5",",C,03,","0",",,C,30,+","0",",,C,30,+","9.4",",,C,15,","31.5",",C,28,","3951.9","C","65.9",",C","49.2",",,,C","0",",,,C","16.47",",C","24.30",",,,C","8.63",",,,C"
"CA001142574","1987-07","50.2333","-116.9667","549.0","DUNCAN LAKE DAM, BC CA","31.4","C","21.5",",C","16",",C","7",",C","0",",C","0",",C","0",",C","0",",C","0",",C","0",",C","20",",C","1",",C","19870711",",,C","19870731","+,,C","19870731","+,,C","19870704",",,C","19870729",",,C","5.5",",C,11,","0",",,C,31,+","0",",,C,31,+","13.2",",,C,04,","32.5",",C,29,","51.6","C","51.6",",C","76.8",",,,C","0",",,,C","17.36",",C","24.40",",,,C","10.32",",,,C"
"CA001142574","1987-08","50.2333","-116.9667","549.0","DUNCAN LAKE DAM, BC CA","34.4","C","3.0",",C","15",",C","6",",C","0",",C","0",",C","0",",C","0",",C","0",",C","0",",C","20",",C","0",",C","19870818",",,C","19870831","+,,C","19870831","+,,C","19870809",",,C","19870808",",,C","3.5",",C,18,","0",",,C,31,+","0",",,C,31,+","9.0",",,C,09,","32.0",",C,08,","140.2","C","88.6",",C","44.0",",,,C","0",",,,C","15.57",",C","23.55",",,,C","7.60",",,,C"
"CA001142574","1987-09","50.2333","-116.9667","549.0","DUNCAN LAKE DAM, BC CA","34.4","C","0.0",",C","7",",C","4",",C","0",",C","0",",C","0",",C","0",",C","5",",C","0",",C","19",",C","0",",C","19870917",",,C","19870930","+,,C","19870930","+,,C","19870926",",,C","19870910","+,,C","-1.0",",C,17,","0",",,C,30,+","0",",,C,30,+","9.8",",,C,26,","27.5",",C,10,+","284.9","C","144.7",",C","25.6",",,,C","0",",,,C","13.51",",C","22.73",",,,C","4.28",",,,C"
"CA001142574","1987-10","50.2333","-116.9667","549.0","DUNCAN LAKE DAM, BC CA","34.4","C","0.0",",C","8",",C","0",",C","0",",C","0",",C","0",",C","0",",C","25",",C","0",",C","1",",C","0",",C","19871023","+,,C","19871031","+,,C","19871031","+,,C","19871025",",,C","19871001",",,C","-5.0",",C,23,+","0",",,C,31,+","0",",,C,31,+","2.0",",,C,25,","21.5",",C,01,","657.2","C","372.3",",C","9.6",",,,C","0",",,,C","6.32",",C","14.31",",,,C","-1.66",",,,C"
"CA001142574","1987-11","50.2333","-116.9667","549.0","DUNCAN LAKE DAM, BC CA","34.4","C","0.0",",C","17",",C","4",",C","0",",C","3","1,C","1",",C","0",",C","14",",C","0",",C","0",",C","0",",C","19871117",",,C","19871119",",1,C","19871118",",,C","19871118",",,C","19871101",",,C","-7.0",",C,17,","110","1,,C,19,","100",",,C,18,","10.0",",,C,18,","14.5",",C,01,","1088.9","C","431.7",",C","45.0",",,,C","130",",,,C","3.94",",C","7.23",",,,C","0.65",",,,C"
"CA001142574","1987-12","50.2333","-116.9667","549.0","DUNCAN LAKE DAM, BC CA","34.4","C","0.0",",C","13","2,C","10","2,C","0","2,C","14","2,C","5","2,C","0",",C","25",",C","17",",C","0",",C","0",",C","19871224","+,,C","19871230",",2,C","19871229",",2,C","19871203",",2,C","19871206",",,C","-13.0",",C,24,+","110","2,,C,30,","40","2,,C,29,","15.0","2,,C,03,","8.0",",C,06,","1716.2","C","627.3",",C","75.3","2,,,C","183","2,,,C","-1.90",",C","0.97",",,,C","-4.77",",,,C"
"CA001142574","1988-01","50.2333","-116.9667","549.0","DUNCAN LAKE DAM, BC CA","0.0","C","0.0",",C","10","2,C","7","2,C","0","2,C","30","1,C","6","2,C","2",",C","31",",C","19",",C","0",",C","0",",C","19880105",",,C","19880125",",1,C","19880124",",2,C","19880124",",2,C","19880129","+,,C","-20.0",",C,05,","250","1,,C,25,","110","2,,C,24,","11.0","2,,C,24,","6.0",",C,29,+","2418.8","C","702.6",",C","51.4","2,,,C","376","2,,,C","-4.33",",C","-0.98",",,,C","-7.68",",,,C"
"CA001142574","1988-02","50.2333","-116.9667","549.0","DUNCAN LAKE DAM, BC CA","0.0","C","0.0",",C","13","1,C","7","1,C","0","1,C","24",",C","4","1,C","1",",C","27",",C","7",",C","0",",C","0",",C","19880201",",,C","19880209",",,C","19880202",",1,C","19880202",",1,C","19880221",",,C","-20.0",",C,01,","310",",,C,09,","170","1,,C,02,","17.0","1,,C,02,","12.0",",C,21,","2987.5","C","568.7",",C","61.2","1,,,C","392","1,,,C","-1.28",",C","3.26",",,,C","-5.81",",,,C"
"CA001142574","1988-03","50.2333","-116.9667","549.0","DUNCAN LAKE DAM, BC CA","0.0","C","0.0",",C","17",",C","8",",C","0",",C","0",",C","0",",C","0",",C","24",",C","0",",C","0",",C","0",",C","19880312",",,C","19880331","+,,C","19880328",",,C","19880326",",,C","19880318",",,C","-6.5",",C,12,","0",",,C,31,+","10",",,C,28,","11.4",",,C,26,","12.0",",C,18,","3464.6","C","477.1",",C","60.5",",,,C","10",",,,C","2.94",",C","8.11",",,,C","-2.23",",,,C"
"CA001142574","1988-04","50.2333","-116.9667","549.0","DUNCAN LAKE DAM, BC CA","0.0","C","0.0",",C","12",",C","6",",C","0",",C","0",",C","0",",C","0",",C","11",",C","0",",C","6",",C","0",",C","19880409",",,C","19880430","+,,C","19880430","+,,C","19880429",",,C","19880414",",,C","-6.0",",C,09,","0",",,C,30,+","0",",,C,30,+","12.2",",,C,29,","25.5",",C,14,","3760.3","C","295.7",",C","50.5",",,,C","0",",,,C","8.48",",C","15.42",",,,C","1.53",",,,C"
"CA001142574","1988-05","50.2333","-116.9667","549.0","DUNCAN LAKE DAM, BC CA","0.0","C","0.0",",C","12",",C","7",",C","0",",C","0",",C","0",",C","0",",C","1",",C","0",",C","12",",C","0",",C","19880502",",,C","19880531","+,,C","19880531","+,,C","19880528",",,C","19880522",",,C","0.0",",C,02,","0",",,C,31,+","0",",,C,31,+","10.8",",,C,28,","28.0",",C,22,","3961.1","C","200.8",",C","48.0",",,,C","0",",,,C","11.85",",C","19.13",",,,C","4.58",",,,C"
"CA001142574","1988-06","50.2333","-116.9667","549.0","DUNCAN LAKE DAM, BC CA","3.7","C","3.7",",C","19",",C","9",",C","0",",C","0",",C","0",",C","0",",C","0",",C","0",",C","17",",C","0",",C","19880613",",,C","19880630","+,,C","19880630","+,,C","19880607",",,C","19880619","+,,C","3.5",",C,13,","0",",,C,30,+","0",",,C,30,+","16.0",",,C,07,","28.0",",C,19,+","4052.8","C","91.7",",C","87.5",",,,C","0",",,,C","15.40",",C","21.77",",,,C","9.03",",,,C"
"CA001142574","1988-07","50.2333","-116.9667","549.0","DUNCAN LAKE DAM, BC CA","19.0","C","15.3",",C","10",",C","7",",C","0",",C","0",",C","0",",C","0",",C","0",",C","0",",C","22",",C","1",",C","19880715",",,C","19880731","+,,C","19880731","+,,C","19880702",",,C","19880726",",,C","5.0",",C,15,","0",",,C,31,+","0",",,C,31,+","13.4",",,C,02,","33.0",",C,26,","59.8","C","59.8",",C","46.4",",,,C","0",",,,C","16.90",",C","25.02",",,,C","8.77",",,,C"
"CA001142574","1988-08","50.2333","-116.9667","549.0","DUNCAN LAKE DAM, BC CA","26.3","C","7.3",",C","8",",C","5",",C","0",",C","0",",C","0",",C","0",",C","0",",C","0",",C","25",",C","1",",C","19880831",",,C","19880831","+,,C","19880831","+,,C","19880819",",,C","19880824",",,C","3.5",",C,31,","0",",,C,31,+","0",",,C,31,+","5.2",",,C,19,","33.0",",C,24,","125.1","C","65.3",",C","25.0",",,,C","0",",,,C","16.46",",C","25.15",",,,C","7.77",",,,C"
"CA001142574","1988-09","50.2333","-116.9667","549.0","DUNCAN LAKE DAM, BC CA","29.1","C","2.8",",C","12",",C","9",",C","1",",C","0",",C","0",",C","0",",C","2",",C","0",",C","11",",C","0",",C","19880922","+,,C","19880930","+,,C","19880930","+,,C","19880916",",,C","19880903",",,C","-1.0",",C,22,+","0",",,C,30,+","0",",,C,30,+","31.4",",,C,16,","32.0",",C,03,","317.6","C","192.5",",C","86.2",",,,C","0",",,,C","12.01",",C","19.42",",,,C","4.60",",,,C"
"CA001142574","1988-10","50.2333","-116.9667","549.0","DUNCAN LAKE DAM, BC CA","29.1","C","0.0",",C","13",",C","5",",C","0",",C","0",",C","0",",C","0",",C","8",",C","0",",C","1",",C","0",",C","19881029",",,C","19881031","+,,C","19881031","+,,C","19881015",",,C","19881001",",,C","-6.0",",C,29,","0",",,C,31,+","0",",,C,31,+","19.4",",,C,15,","21.5",",C,01,","637.7","C","320.1",",C","58.5",",,,C","0",",,,C","8.01",",C","14.18",",,,C","1.84",",,,C"
"CA001142574","1988-11","50.2333","-116.9667","549.0","DUNCAN LAKE DAM, BC CA","29.1","C","0.0",",C","20",",C","13",",C","1",",C","6","2,C","3",",C","0",",C","18",",C","0",",C","0",",C","0",",C","19881127",",,C","19881128",",2,C","19881125",",,C","19881105",",,C","19881101",",,C","-7.5",",C,27,","140","2,,C,28,","50",",,C,25,","25.8",",,C,05,","12.0",",C,01,","1107.4","C","469.7",",C","100.7",",,,C","140",",,,C","2.68",",C","5.17",",,,C","0.18",",,,C"
"CA001142574","1988-12","50.2333","-116.9667","549.0","DUNCAN LAKE DAM, BC CA","29.1","C","0.0",",C","16","1,C","8","1,C","1","1,C","31",",C","7","1,C","0",",C","31",",C","15",",C","0",",C","0",",C","19881226",",,C","19881231","+,,C","19881229",",1,C","19881229",",1,C","19881210",",,C","-15.5",",C,26,","450",",,C,31,+","320","1,,C,29,","32.0","1,,C,29,","4.0",",C,10,","1746.0","C","638.6",",C","106.6","1,,,C","774","1,,,C","-2.27",",C","0.27",",,,C","-4.81",",,,C"
"CA001142574","1989-01","50.2333","-116.9667","549.0","DUNCAN LAKE DAM, BC CA","0.0","C","0.0",",C","20","2,C","12","2,C","0","2,C","31",",C","9","2,C","0",",C","29",",C","15",",C","0",",C","0",",C","19890124",",,C","19890103",",,C","19890101",",2,C","19890129",",2,C","19890130",",,C","-15.0",",C,24,","520",",,C,03,","102","2,,C,01,","14.0","2,,C,29,","10.0",",C,30,","2405.1","C","659.1",",C","91.3","2,,,C","586","2,,,C","-2.93",",C","0.68",",,,C","-6.53",",,,C"
"CA001142574","1989-02","50.2333","-116.9667","549.0","DUNCAN LAKE DAM, BC CA","0.0","C","0.0",",C","7",",C","3",",C","0",",C","28",",C","3",",C","3",",C","28",",C","18",",C","0",",C","0",",C","19890203",",,C","19890228",",,C","19890227",",,C","19890224",",,C","19890223",",,C","-24.5",",C,03,","160",",,C,28,","68",",,C,27,","7.6",",,C,24,","7.5",",C,23,","3093.7","C","688.6",",C","22.8",",,,C","204",",,,C","-6.26",",C","-1.55",",,,C","-10.96",",,,C"
"CA001142574","1989-03","50.2333","-116.9667","549.0","DUNCAN LAKE DAM, BC CA","0.0","C","0.0","1,C","15","1,C","6","1,C","0","1,C","13","1,C","1","1,C","1","1,C","24","1,C","4",",C","0",",C","0",",C","19890303",",1,C","19890306",",1,C","19890305",",1,C","19890305",",1,C","19890310",",,C","-19.5","1,C,03,","190","1,,C,06,","70","1,,C,05,","7.0","1,,C,05,","12.0",",C,10,","3609.2","C","515.5",",C","42.8","1,,,C","94","1,,,C","1.16","1,C","6.15",",,,C","-3.83","1,,,C"
"CA001142574","1989-04","50.2333","-116.9667","549.0","DUNCAN LAKE DAM, BC CA","0.0","C","0.0",",C","8","3,C","7","3,C","0","3,C","0","2,C","0","2,C","0",",C","17",",C","0",",C","2",",C","0",",C","19890410","+,,C","19890402",",2,C","19890405",",2,C","19890406","+,3,C","19890430","+,,C","-5.0",",C,10,+","20","2,,C,02,","0","2,T,C,05,","12.0","3,,C,06,+","22.5",",C,30,+","3934.7","C","325.5",",C","45.9","3,,,C","0","2,T,,C","7.48",",C","14.78",",,,C","0.18",",,,C"
"CA001142574","1989-05","50.2333","-116.9667","549.0","DUNCAN LAKE DAM, BC CA","0.0","C","0.0",",C","15",",C","5",",C","0",",C","0",",C","0",",C","0",",C","3",",C","0",",C","6",",C","0",",C","19890513","+,,C","19890531","+,,C","19890531","+,,C","19890525",",,C","19890509","+,,C","-1.0",",C,13,+","0",",,C,31,+","0",",,C,31,+","9.2",",,C,25,","24.0",",C,09,+","4165.0","C","230.3",",C","41.4",",,,C","0",",,,C","10.90",",C","17.44",",,,C","4.37",",,,C"
"CA001142574","1989-06","50.2333","-116.9667","549.0","DUNCAN LAKE DAM, BC CA","0.9","C","0.9","1,C","17",",C","9",",C","0",",C","0",",C","0",",C","0","1,C","0","1,C","0",",C","18",",C","0",",C","19890604",",1,C","19890630","+,,C","19890630","+,,C","19890626",",,C","19890606",",,C","4.0","1,C,04,","0",",,C,30,+","0",",,C,30,+","12.8",",,C,26,","29.5",",C,06,","4248.3","C","83.3",",C","82.4",",,,C","0",",,,C","15.54","1,C","22.85",",,,C","8.22","1,,,C"
"CA001142574","1989-07","50.2333","-116.9667","549.0","DUNCAN LAKE DAM, BC CA","26.4","C","25.5",",C","7",",C","3",",C","0",",C","0",",C","0",",C","0",",C","0",",C","0",",C","28",",C","3",",C","19890706","+,,C","19890731","+,,C","19890731","+,,C","19890710",",,C","19890731",",,C","5.0",",C,06,+","0",",,C,31,+","0",",,C,31,+","6.0",",,C,10,","33.0",",C,31,","31.8","C","31.8",",C","20.2",",,,C","0",",,,C","18.13",",C","26.79",",,,C","9.47",",,,C"
"CA001142574","1989-08","50.2333","-116.9667","549.0","DUNCAN LAKE DAM, BC CA","36.7","C","10.3",",C","23",",C","14",",C","1",",C","0",",C","0",",C","0",",C","0",",C","0",",C","15",",C","0",",C","19890830","+,,C","19890831","+,,C","19890831","+,,C","19890809",",,C","19890806",",,C","6.0",",C,30,+","0",",,C,31,+","0",",,C,31,+","32.4",",,C,09,","32.0",",C,06,","107.1","C","75.3",",C","132.6",",,,C","0",",,,C","16.23",",C","22.06",",,,C","10.40",",,,C"
"CA001142574","1989-09","50.2333","-116.9667","549.0","DUNCAN LAKE DAM, BC CA","36.7","C","0.0",",C","12",",C","5",",C","0",",C","0",",C","0",",C","0",",C","2",",C","0",",C","11",",C","0",",C","19890912","+,,C","19890930","+,,C","19890930","+,,C","19890904",",,C","19890907",",,C","0.0",",C,12,+","0",",,C,30,+","0",",,C,30,+","9.8",",,C,04,","23.0",",C,07,","305.1","C","198.0",",C","33.7",",,,C","0",",,,C","11.73",",C","19.57",",,,C","3.90",",,,C"
"CA001142574","1989-10","50.2333","-116.9667","549.0","DUNCAN LAKE DAM, BC CA","36.7","C","0.0",",C","16",",C","6",",C","0",",C","0",",C","0",",C","0",",C","12",",C","0",",C","0",",C","0",",C","19891029",",,C","19891031","+,,C","19891031","+,,C","19891012",",,C","19891008",",,C","-5.0",",C,29,","0",",,C,31,+","0",",,C,31,+","7.8",",,C,12,","17.0",",C,08,","667.9","C","362.8",",C","46.5",",,,C","0",",,,C","6.63",",C","11.66",",,,C","1.60",",,,C"
"CA001142574","1989-11","50.2333","-116.9667","549.0","DUNCAN LAKE DAM, BC CA","36.7","C","0.0",",C","18","1,C","11","1,C","2","1,C","","","1","1,C","0",",C","22",",C","2",",C","0",",C","0",",C","19891123","+,,C","","","19891123",",1,C","19891109",",1,C","19891109",",,C","-7.0",",C,23,+","","","100","1,,C,23,","44.5","1,,C,09,","11.0",",C,09,","1168.1","C","500.2",",C","172.7","1,,,C","110","1,,,C","1.66",",C","4.82",",,,C","-1.50",",,,C"
"CA001142574","1989-12","50.2333","-116.9667","549.0","DUNCAN LAKE DAM, BC CA","36.7","C","0.0","1,C","14","2,C","8","2,C","0","2,C","15",",C","5","2,C","0","1,C","27","1,C","10","1,C","0","1,C","0","1,C","19891218",",1,C","19891223",",,C","19891219",",2,C","19891207",",2,C","19891206",",1,C","-9.0","1,C,18,","200",",,C,23,","110","2,,C,19,","13.9","2,,C,07,","6.5","1,C,06,","1742.1","C","574.0","1,C","65.3","2,,,C","268","2,,,C","-0.80","1,C","1.33","1,,,C","-2.93","1,,,C"
"CA001142574","1990-01","50.2333","-116.9667","549.0","DUNCAN LAKE DAM, BC CA","0.0","C","0.0",",C","18","4,C","8","4,C","0","4,C","21",",C","6","4,C","0",",C","29",",C","8",",C","0",",C","0",",C","19900120",",,C","19900130",",,C","19900127",",4,C","19900127",",4,C","19900109","+,,C","-11.5",",C,20,","290",",,C,30,","130","4,,C,27,","13.0","4,,C,27,","5.5",",C,09,+","2352.9","C","610.8",",C","66.8","4,,,C","548","4,,,C","-1.37",",C","1.63",",,,C","-4.37",",,,C"
"CA001142574","1990-02","50.2333","-116.9667","549.0","DUNCAN LAKE DAM, BC CA","0.0","C","0.0",",C","","","","","","","28",",C","","","1",",C","26",",C","11",",C","0",",C","0",",C","19900214",",,C","19900221",",,C","","","","","19900227","+,,C","-18.5",",C,14,","370",",,C,21,","","","","","7.0",",C,27,+","2934.5","C","581.6",",C","65.9","4,a,,C","597","4,a,,C","-2.44",",C","1.39",",,,C","-6.27",",,,C"
"CA001142574","1990-03","50.2333","-116.9667","549.0","DUNCAN LAKE DAM, BC CA","0.0","C","0.0",",C","7","2,C","3","2,C","0","2,C","18",",C","0","2,C","0",",C","28",",C","0",",C","0",",C","0",",C","19900324","+,,C","19900301",",,C","19900309",",2,C","19900307",",2,C","19900331",",,C","-9.0",",C,24,+","150",",,C,01,","12","2,,C,09,","7.0","2,,C,07,","19.0",",C,31,","3420.6","C","486.1",",C","20.6","2,,,C","32","2,,,C","2.65",",C","9.00",",,,C","-3.69",",,,C"
"CA001142574","1990-04","50.2333","-116.9667","549.0","DUNCAN LAKE DAM, BC CA","0.0","C","0.0","2,C","15",",C","2",",C","0",",C","0",",C","0",",C","0","1,C","13","1,C","0","1,C","0","1,C","0","1,C","19900430","+,1,C","19900430","+,,C","19900427",",,C","19900426",",,C","19900401",",1,C","-3.0","1,C,30,+","0",",,C,30,+","0",",T,C,27,","16.0",",,C,26,","20.5","1,C,01,","3705.4","C","284.8","1,C","34.8",",,,C","0",",T,,C","8.17","2,C","15.12","1,,,C","1.22","1,,,C"
"CA001142574","1990-05","50.2333","-116.9667","549.0","DUNCAN LAKE DAM, BC CA","0.0","C","0.0",",C","19",",C","11",",C","1",",C","0",",C","0",",C","0",",C","4",",C","0",",C","3",",C","0",",C","19900501",",,C","19900531","+,,C","19900531","+,,C","19900531",",,C","19900505",",,C","-1.0",",C,01,","0",",,C,31,+","0",",,C,31,+","36.0",",,C,31,","25.5",",C,05,","3942.7","C","237.3",",C","114.3",",,,C","0",",,,C","10.68",",C","16.66",",,,C","4.69",",,,C"
"CA001142574","1990-06","50.2333","-116.9667","549.0","DUNCAN LAKE DAM, BC CA","1.3","C","1.3",",C","22",",C","10",",C","1",",C","0",",C","0",",C","0",",C","0",",C","0",",C","16",",C","0",",C","19900606","+,,C","19900630","+,,C","19900630","+,,C","19900601",",,C","19900625",",,C","2.0",",C,06,+","0",",,C,30,+","0",",,C,30,+","26.4",",,C,01,","27.5",",C,25,","4080.7","C","138.0",",C","105.0",",,,C","0",",,,C","13.78",",C","20.28",",,,C","7.27",",,,C"
"CA001142574","1990-07","50.2333","-116.9667","549.0","DUNCAN LAKE DAM, BC CA","27.5","C","26.2",",C","12",",C","6",",C","0",",C","0",",C","0",",C","0",",C","0",",C","0",",C","25",",C","1",",C","19900704",",,C","19900731","+,,C","19900731","+,,C","19900726",",,C","19900711",",,C","5.5",",C,04,","0",",,C,31,+","0",",,C,31,+","16.0",",,C,26,","33.0",",C,11,","21.7","C","21.7",",C","48.0",",,,C","0",",,,C","18.48",",C","26.50",",,,C","10.45",",,,C"
"CA001142574","1990-08","50.2333","-116.9667","549.0","DUNCAN LAKE DAM, BC CA","56.6","C","29.1",",C","9",",C","5",",C","0",",C","0",",C","0",",C","0",",C","0",",C","0",",C","25",",C","1",",C","19900828","+,,C","19900831","+,,C","19900831","+,,C","19900825",",,C","19900809",",,C","3.5",",C,28,+","0",",,C,31,+","0",",,C,31,+","12.0",",,C,25,","32.5",",C,09,","66.6","C","44.9",",C","31.3",",,,C","0",",,,C","17.82",",C","25.71",",,,C","9.94",",,,C"
"CA001142574","1990-09","50.2333","-116.9667","549.0","DUNCAN LAKE DAM, BC CA","56.6","C","0.0",",C","5",",C","0",",C","0",",C","0",",C","0",",C","0",",C","1",",C","0",",C","24",",C","0",",C","19900928",",,C","19900930","+,,C","19900930","+,,C","19900915",",,C","19900906",",,C","0.0",",C,28,","0",",,C,30,+","0",",,C,30,+","2.4",",,C,15,","27.5",",C,06,","191.1","C","124.5",",C","7.3",",,,C","0",",,,C","14.18",",C","23.45",",,,C","4.92",",,,C"
"CA001142574","1990-10","50.2333","-116.9667","549.0","DUNCAN LAKE DAM, BC CA","56.6","C","0.0",",C","24",",C","16",",C","0",",C","0",",C","0",",C","0",",C","9",",C","0",",C","0",",C","0",",C","19901017",",,C","19901031","+,,C","19901021","+,,C","19901004",",,C","19901001",",,C","-4.0",",C,17,","0",",,C,31,+","0",",T,C,21,+","25.0",",,C,04,","13.5",",C,01,","582.9","C","391.8",",C","140.7",",,,C","0",",T,,C","5.69",",C","9.66",",,,C","1.73",",,,C"
"CA001142574","1990-11","50.2333","-116.9667","549.0","DUNCAN LAKE DAM, BC CA","56.6","C","0.0",",C","22","2,C","12","2,C","2","2,C","","","5","2,C","0",",C","19",",C","1",",C","0",",C","0",",C","19901127","+,,C","","","19901108",",2,C","19901109",",2,C","19901111",",,C","-5.0",",C,27,+","","","60","2,,C,08,","50.2","2,,C,09,","11.5",",C,11,","1059.4","C","476.5",",C","187.9","2,,,C","210","2,,,C","2.45",",C","5.48",",,,C","-0.58",",,,C"
"CA001142574","1990-12","50.2333","-116.9667","549.0","DUNCAN LAKE DAM, BC CA","56.6","C","0.0",",C","16","3,C","10","3,C","1","3,C","17",",C","9","3,C","8",",C","30",",C","19",",C","0",",C","0",",C","19901229",",,C","19901231",",,C","19901226",",3,C","19901226",",3,C","19901205",",,C","-30.0",",C,29,","570",",,C,31,","320","3,,C,26,","32.0","3,,C,26,","5.5",",C,05,","1833.2","C","773.8",",C","150.8","3,,,C","1288","3,,,C","-6.63",",C","-3.45",",,,C","-9.81",",,,C"
"CA001142574","1991-01","50.2333","-116.9667","549.0","DUNCAN LAKE DAM, BC CA","0.0","C","0.0",",C","18",",C","10",",C","0",",C","31",",C","9",",C","6",",C","30",",C","24",",C","0",",C","0",",C","19910104",",,C","19910101",",,C","19910131",",,C","19910131",",,C","19910113",",,C","-23.5",",C,04,","630",",,C,01,","120",",,C,31,","12.0",",,C,31,","5.5",",C,13,","2614.0","C","780.8",",C","72.1",",,,C","502",",,,C","-6.85",",C","-2.95",",,,C","-10.76",",,,C"
"CA001142574","1991-02","50.2333","-116.9667","549.0","DUNCAN LAKE DAM, BC CA","0.0","C","0.0","1,C","12","5,C","4","5,C","0","5,C","19",",C","0","5,C","0",",C","16",",C","0","1,C","0","1,C","0","1,C","19910228","+,,C","19910201",",,C","19910227","+,5,C","19910204",",5,C","19910227",",1,C","-5.0",",C,28,+","490",",,C,01,","0","5,T,C,27,+","7.6","5,,C,04,","10.5","1,C,27,","3042.0","C","428.0","1,C","32.6","5,,,C","0","5,T,,C","2.51","1,C","6.00","1,,,C","-0.98",",,,C"
"CA001142574","1991-03","50.2333","-116.9667","549.0","DUNCAN LAKE DAM, BC CA","0.0","C","0.0",",C","10","1,C","4","1,C","1","1,C","15",",C","3","1,C","0",",C","27",",C","2",",C","0",",C","0",",C","19910302",",,C","19910303",",,C","19910301",",1,C","19910301",",1,C","19910331",",,C","-9.5",",C,02,","340",",,C,03,","300","1,,C,01,","30.0","1,,C,01,","16.5",",C,31,","3560.8","C","518.8",",C","63.6","1,,,C","470","1,,,C","1.60",",C","6.68",",,,C","-3.48",",,,C"
"CA001142574","1991-04","50.2333","-116.9667","549.0","DUNCAN LAKE DAM, BC CA","0.0","C","0.0",",C","14",",C","7",",C","0",",C","1",",C","1",",C","0",",C","15",",C","0",",C","3",",C","0",",C","19910418","+,,C","19910407",",,C","19910406",",,C","19910404",",,C","19910421",",,C","-3.0",",C,18,+","50",",,C,07,","52",",,C,06,","17.8",",,C,04,","23.5",",C,21,","3895.0","C","334.2",",C","63.0",",,,C","52",",,,C","7.19",",C","14.45",",,,C","-0.07",",,,C"
"CA001142574","1991-05","50.2333","-116.9667","549.0","DUNCAN LAKE DAM, BC CA","0.0","C","0.0",",C","16",",C","5",",C","0",",C","0",",C","0",",C","0",",C","3",",C","0",",C","8",",C","0",",C","19910502",",,C","19910531","+,,C","19910531","+,,C","19910524",",,C","19910530",",,C","-2.0",",C,02,","0",",,C,31,+","0",",,C,31,+","16.4",",,C,24,","25.0",",C,30,","4105.6","C","210.6",",C","49.2",",,,C","0",",,,C","11.54",",C","17.95",",,,C","5.13",",,,C"
"CA001142574","1991-06","50.2333","-116.9667","549.0","DUNCAN LAKE DAM, BC CA","0.2","C","0.2",",C","15",",C","5",",C","0",",C","0",",C","0",",C","0",",C","0",",C","0",",C","11",",C","0",",C","19910604",",,C","19910630","+,,C","19910630","+,,C","19910611",",,C","19910628",",,C","2.0",",C,04,","0",",,C,30,+","0",",,C,30,+","12.2",",,C,11,","26.5",",C,28,","4235.0","C","129.4",",C","43.4",",,,C","0",",,,C","14.03",",C","19.95",",,,C","8.10",",,,C"
"CA001142574","1991-07","50.2333","-116.9667","549.0","DUNCAN LAKE DAM, BC CA","12.0","C","11.8",",C","15",",C","5",",C","0",",C","0",",C","0",",C","0",",C","0",",C","0",",C","25",",C","1",",C","19910707","+,,C","19910731","+,,C","19910731","+,,C","19910716",",,C","19910724",",,C","4.0",",C,07,+","0",",,C,31,+","0",",,C,31,+","10.0",",,C,16,","32.5",",C,24,","43.3","C","43.3",",C","41.4",",,,C","0",",,,C","17.31",",C","25.16",",,,C","9.47",",,,C"
"CA001142574","1991-08","50.2333","-116.9667","549.0","DUNCAN LAKE DAM, BC CA","36.0","C","24.0",",C","14",",C","6",",C","1",",C","0",",C","0",",C","0",",C","0",",C","0",",C","28",",C","1",",C","19910826",",,C","19910831","+,,C","19910831","+,,C","19910809",",,C","19910809",",,C","3.5",",C,26,","0",",,C,31,+","0",",,C,31,+","25.6",",,C,09,","33.0",",C,09,","79.9","C","36.6",",C","64.6",",,,C","0",",,,C","17.93",",C","25.56",",,,C","10.29",",,,C"
"CA001142574","1991-09","50.2333","-116.9667","549.0","DUNCAN LAKE DAM, BC CA","36.0","C","0.0",",C","5",",C","2",",C","0",",C","0",",C","0",",C","0",",C","1",",C","0",",C","16",",C","0",",C","19910922",",,C","19910930","+,,C","19910930","+,,C","19910908",",,C","19910905",",,C","-1.5",",C,22,","0",",,C,30,+","0",",,C,30,+","10.0",",,C,08,","26.5",",C,05,","250.9","C","171.0",",C","17.9",",,,C","0",",,,C","12.63",",C","21.08",",,,C","4.18",",,,C"
"CA001142574","1991-10","50.2333","-116.9667","549.0","DUNCAN LAKE DAM, BC CA","36.0","C","0.0",",C","11",",C","5",",C","0",",C","2","1,C","1",",C","0",",C","27",",C","1",",C","1",",C","0",",C","19911029",",,C","19911027",",1,C","19911026",",,C","19911024",",,C","19911001",",,C","-10.5",",C,29,","60","1,,C,27,","60",",,C,26,","7.6",",,C,24,","23.5",",C,01,","658.7","C","407.8",",C","36.6",",,,C","80",",,,C","5.18",",C","12.45",",,,C","-2.10",",,,C"
"CA001142574","1991-11","50.2333","-116.9667","549.0","DUNCAN LAKE DAM, BC CA","36.0","C","0.0",",C","19",",C","13",",C","0",",C","14","3,C","6",",C","0",",C","22",",C","3",",C","0",",C","0",",C","19911103","+,,C","19911106",",3,C","19911103",",,C","19911119",",,C","19911112",",,C","-9.0",",C,03,+","170","3,,C,06,","110",",,C,03,","14.4",",,C,19,","10.5",",C,12,","1181.4","C","522.7",",C","96.0",",,,C","424",",,,C","0.91",",C","3.87",",,,C","-2.05",",,,C"
"CA001142574","1991-12","50.2333","-116.9667","549.0","DUNCAN LAKE DAM, BC CA","36.0","C","0.0",",C","13",",C","9",",C","0",",C","26",",C","4",",C","0",",C","29",",C","8",",C","0",",C","0",",C","19911214",",,C","19911203",",,C","19911212",",,C","19911205",",,C","19911208","+,,C","-11.0",",C,14,","150",",,C,03,","62",",,C,12,","22.7",",,C,05,","5.5",",C,08,+","1786.5","C","605.1",",C","73.5",",,,C","245",",,,C","-1.19",",C","1.29",",,,C","-3.66",",,,C"
"CA001142574","1992-01","50.2333","-116.9667","549.0","DUNCAN LAKE DAM, BC CA","0.0","C","0.0",",C","22",",C","15",",C","1",",C","31",",C","8",",C","0",",C","27",",C","7",",C","0",",C","0",",C","19920108",",,C","19920124",",,C","19920123",",,C","19920123",",,C","19920131",",,C","-8.0",",C,08,","610",",,C,24,","324",",,C,23,","32.4",",,C,23,","7.0",",C,31,","2358.6","C","572.1",",C","148.4",",,,C","830",",,,C","-0.12",",C","2.06",",,,C","-2.31",",,,C"
"CA001142574","1992-02","50.2333","-116.9667","549.0","DUNCAN LAKE DAM, BC CA","0.0","C","0.0",",C","18",",C","7",",C","0",",C","3","2,C","2",",C","0",",C","21",",C","0",",C","0",",C","0",",C","19920208",",,C","19920221","+,2,C","19920220",",,C","19920221",",,C","19920226","+,,C","-6.0",",C,08,","60","2,,C,21,+","60",",,C,20,","7.2",",,C,21,","11.0",",C,26,+","2829.8","C","471.2",",C","46.6",",,,C","154",",,,C","2.09",",C","5.22",",,,C","-1.05",",,,C"
"CA001142574","1992-03","50.2333","-116.9667","549.0","DUNCAN LAKE DAM, BC CA","0.0","C","0.0",",C","10",",C","2",",C","0",",C","0",",C","0",",C","0",",C","24",",C","0",",C","0",",C","0",",C","19920328",",,C","19920331","+,,C","19920331","+,,C","19920301",",,C","19920331","+,,C","-6.5",",C,28,","0",",,C,31,+","0",",,C,31,+","4.8",",,C,01,","17.5",",C,31,+","3226.4","C","396.6",",C","17.2",",,,C","0",",,,C","5.54",",C","12.85",",,,C","-1.77",",,,C"
"CA001142574","1992-04","50.2333","-116.9667","549.0","DUNCAN LAKE DAM, BC CA","0.0","C","0.0",",C","15",",C","7",",C","0",",C","0","1,C","0",",C","0",",C","13",",C","0",",C","1",",C","0",",C","19920411","+,,C","19920430","+,1,C","19920404",",,C","19920416",",,C","19920426",",,C","-5.0",",C,11,+","0","1,,C,30,+","10",",,C,04,","14.2",",,C,16,","23.5",",C,26,","3536.9","C","310.5",",C","66.4",",,,C","15",",,,C","7.98",",C","14.08",",,,C","1.88",",,,C"
"CA001142574","1992-05","50.2333","-116.9667","549.0","DUNCAN LAKE DAM, BC CA","0.0","C","0.0",",C","16",",C","7",",C","0",",C","0",",C","0",",C","0",",C","2",",C","0",",C","12",",C","0",",C","19920513",",,C","19920531","+,,C","19920531","+,,C","19920520",",,C","19920525",",,C","-1.5",",C,13,","0",",,C,31,+","0",",,C,31,+","16.0",",,C,20,","29.0",",C,25,","3724.5","C","187.6",",C","56.6",",,,C","0",",,,C","12.28",",C","19.87",",,,C","4.69",",,,C"
"CA001142574","1992-06","50.2333","-116.9667","549.0","DUNCAN LAKE DAM, BC CA","37.6","C","37.6",",C","9",",C","5",",C","0",",C","0",",C","0",",C","0",",C","0",",C","0",",C","25",",C","4",",C","19920603",",,C","19920630","+,,C","19920630","+,,C","19920629",",,C","19920623",",,C","2.0",",C,03,","0",",,C,30,+","0",",,C,30,+","18.2",",,C,29,","35.0",",C,23,","3778.6","C","54.1",",C","54.8",",,,C","0",",,,C","17.78",",C","25.77",",,,C","9.80",",,,C"
"CA001142574","1992-07","50.2333","-116.9667","549.0","DUNCAN LAKE DAM, BC CA","54.9","C","17.3",",C","13",",C","7",",C","0",",C","0",",C","0",",C","0",",C","0",",C","0",",C","23",",C","0",",C","19920715",",,C","19920731","+,,C","19920731","+,,C","19920707",",,C","19920730","+,,C","5.5",",C,15,","0",",,C,31,+","0",",,C,31,+","15.2",",,C,07,","31.0",",C,30,+","41.1","C","41.1",",C","51.6",",,,C","0",",,,C","17.56",",C","24.58",",,,C","10.55",",,,C"
"CA001142574","1992-08","50.2333","-116.9667","549.0","DUNCAN LAKE DAM, BC CA","79.9","C","25.0",",C","13",",C","4",",C","0",",C","0",",C","0",",C","0",",C","0",",C","0",",C","22",",C","1",",C","19920829",",,C","19920831","+,,C","19920831","+,,C","19920808",",,C","19920816",",,C","1.0",",C,29,","0",",,C,31,+","0",",,C,31,+","14.0",",,C,08,","33.0",",C,16,","110.4","C","69.3",",C","42.1",",,,C","0",",,,C","16.90",",C","25.03",",,,C","8.77",",,,C"
"CA001142574","1992-09","50.2333","-116.9667","549.0","DUNCAN LAKE DAM, BC CA","79.9","C","0.0",",C","17",",C","5",",C","0",",C","0",",C","0",",C","0",",C","5",",C","0",",C","4",",C","0",",C","19920916",",,C","19920930","+,,C","19920930","+,,C","19920924",",,C","19920902",",,C","-2.5",",C,16,","0",",,C,30,+","0",",,C,30,+","15.0",",,C,24,","25.0",",C,02,","361.4","C","251.0",",C","67.2",",,,C","0",",,,C","9.97",",C","16.58",",,,C","3.35",",,,C"
"CA001142574","1992-10","50.2333","-116.9667","549.0","DUNCAN LAKE DAM, BC CA","79.9","C","0.0",",C","19",",C","8",",C","0",",C","0",",C","0",",C","0",",C","10",",C","0",",C","1",",C","0",",C","19921028",",,C","19921031","+,,C","19921014",",,C","19921012",",,C","19921002",",,C","-4.5",",C,28,","0",",,C,31,+","6",",,C,14,","11.0",",,C,12,","24.0",",C,02,","713.5","C","352.1",",C","61.0",",,,C","6",",,,C","6.98",",C","12.00",",,,C","1.95",",,,C"
"CA001142574","1992-11","50.2333","-116.9667","549.0","DUNCAN LAKE DAM, BC CA","79.9","C","0.0",",C","18",",C","10",",C","0",",C","","","3",",C","0",",C","18",",C","5",",C","0",",C","0",",C","19921129","+,,C","","","19921127",",,C","19921106",",,C","19921101",",,C","-6.5",",C,29,+","","","60",",,C,27,","9.2",",,C,06,","11.0",",C,01,","1208.2","C","494.7",",C","63.9",",,,C","160",",,,C","1.84",",C","4.22",",,,C","-0.53",",,,C"
"CA001142574","1992-12","50.2333","-116.9667","549.0","DUNCAN LAKE DAM, BC CA","79.9","C","0.0",",C","16",",C","10",",C","1",",C","29","2,C","9",",C","3",",C","31",",C","19",",C","0",",C","0",",C","19921230",",,C","19921221",",2,C","19921219",",,C","19921219",",,C","19921224",",,C","-19.0",",C,30,","660","2,,C,21,","330",",,C,19,","33.0",",,C,19,","4.0",",C,24,","1952.3","C","744.1",",C","109.0",",,,C","1010",",,,C","-5.67",",C","-2.32",",,,C","-9.02",",,,C"
"CA001142574","1993-01","50.2333","-116.9667","549.0","DUNCAN LAKE DAM, BC CA","0.0","C","0.0",",C","10",",C","6",",C","1",",C","31",",C","6",",C","9",",C","31",",C","22",",C","0",",C","0",",C","19930113",",,C","19930127","+,,C","19930124",",,C","19930124",",,C","19930120",",,C","-24.5",",C,13,","840",",,C,27,+","280",",,C,24,","28.0",",,C,24,","4.5",",C,20,","2763.1","C","810.8",",C","89.4",",,,C","670",",,,C","-7.82",",C","-3.60",",,,C","-12.05",",,,C"
"CA001142574","1993-02","50.2333","-116.9667","549.0","DUNCAN LAKE DAM, BC CA","0.0","C","0.0",",C","4",",C","1",",C","0",",C","28",",C","1",",C","6",",C","28",",C","12",",C","0",",C","0",",C","19930218",",,C","19930201",",,C","19930219",",,C","19930219",",,C","19930208",",,C","-23.0",",C,18,","730",",,C,01,","70",",,C,19,","7.0",",,C,19,","7.0",",C,08,","3399.9","C","636.8",",C","9.6",",,,C","90",",,,C","-4.41",",C","0.66",",,,C","-9.48",",,,C"
"CA001142574","1993-03","50.2333","-116.9667","549.0","DUNCAN LAKE DAM, BC CA","0.0","C","0.0","1,C","12",",C","7",",C","0",",C","26","1,C","2",",C","0","1,C","25","1,C","0",",C","0",",C","0",",C","19930313","+,1,C","19930302",",1,C","19930317",",,C","19930322",",,C","19930331",",,C","-12.0","1,C,13,+","680","1,,C,02,","70",",,C,17,","19.0",",,C,22,","13.5",",C,31,","3893.1","C","493.2",",C","63.2",",,,C","105",",,,C","1.88","1,C","7.47",",,,C","-3.72","1,,,C"
"CA001142574","1993-04","50.2333","-116.9667","549.0","DUNCAN LAKE DAM, BC CA","0.0","C","0.0",",C","19",",C","6",",C","0",",C","0",",C","0",",C","0",",C","4",",C","0",",C","0",",C","0",",C","19930415","+,,C","19930430","+,,C","19930430","+,,C","19930425",",,C","19930430",",,C","-2.5",",C,15,+","0",",,C,30,+","0",",,C,30,+","8.8",",,C,25,","17.0",",C,30,","4212.6","C","319.5",",C","41.6",",,,C","0",",,,C","7.68",",C","12.80",",,,C","2.57",",,,C"
"CA001142574","1993-05","50.2333","-116.9667","549.0","DUNCAN LAKE DAM, BC CA","4.3","C","4.3","2,C","13",",C","5",",C","0",",C","0",",C","0",",C","0","2,C","1","2,C","0",",C","20",",C","1",",C","19930503",",2,C","19930531","+,,C","19930531","+,,C","19930531",",,C","19930512",",,C","-1.5","2,C,03,","0",",,C,31,+","0",",,C,31,+","18.2",",,C,31,","34.0",",C,12,","4329.0","C","116.4",",C","51.0",",,,C","0",",,,C","14.52","2,C","22.87",",,,C","6.17","2,,,C"
"CA001142574","1993-06","50.2333","-116.9667","549.0","DUNCAN LAKE DAM, BC CA","4.5","C","0.2",",C","20",",C","12",",C","0",",C","0",",C","0",",C","0",",C","0",",C","0",",C","13",",C","0",",C","19930606","+,,C","19930630","+,,C","19930630","+,,C","19930626",",,C","19930620",",,C","5.0",",C,06,+","0",",,C,30,+","0",",,C,30,+","16.0",",,C,26,","30.0",",C,20,","4433.4","C","104.4",",C","106.1",",,,C","0",",,,C","14.86",",C","20.78",",,,C","8.93",",,,C"
"CA001142574","1993-07","50.2333","-116.9667","549.0","DUNCAN LAKE DAM, BC CA","7.7","C","3.2",",C","23",",C","12",",C","0",",C","0",",C","0",",C","0",",C","0",",C","0",",C","14",",C","0",",C","19930714",",,C","19930731","+,,C","19930731","+,,C","19930711",",,C","19930728",",,C","6.0",",C,14,","0",",,C,31,+","0",",,C,31,+","13.4",",,C,11,","27.0",",C,28,","79.0","C","79.0",",C","80.0",",,,C","0",",,,C","15.89",",C","21.24",",,,C","10.53",",,,C"
"CA001142574","1993-08","50.2333","-116.9667","549.0","DUNCAN LAKE DAM, BC CA","17.0","C","9.3",",C","17",",C","10",",C","0",",C","0",",C","0",",C","0",",C","0",",C","0",",C","20",",C","0",",C","19930830",",,C","19930831","+,,C","19930831","+,,C","19930816",",,C","19930804",",,C","3.5",",C,30,","0",",,C,31,+","0",",,C,31,+","7.3",",,C,16,","30.5",",C,04,","159.3","C","80.3",",C","48.2",",,,C","0",",,,C","16.04",",C","23.15",",,,C","8.94",",,,C"
"CA001142574","1993-09","50.2333","-116.9667","549.0","DUNCAN LAKE DAM, BC CA","17.0","C","0.0",",C","8",",C","6",",C","0",",C","0",",C","0",",C","0",",C","3",",C","0",",C","11",",C","0",",C","19930924","+,,C","19930930","+,,C","19930930","+,,C","19930914",",,C","19930909",",,C","0.0",",C,24,+","0",",,C,30,+","0",",,C,30,+","8.6",",,C,14,","27.0",",C,09,","346.3","C","187.0",",C","38.4",",,,C","0",",,,C","12.10",",C","19.92",",,,C","4.28",",,,C"
"CA001142574","1993-10","50.2333","-116.9667","549.0","DUNCAN LAKE DAM, BC CA","17.0","C","0.0",",C","12",",C","4",",C","0",",C","0",",C","0",",C","0",",C","12",",C","0",",C","1",",C","0",",C","19931020",",,C","19931031","+,,C","19931031","+,,C","19931023",",,C","19931001",",,C","-4.5",",C,20,","0",",,C,31,+","0",",,C,31,+","9.0",",,C,23,","23.0",",C,01,","677.9","C","331.6",",C","40.5",",,,C","0",",,,C","7.64",",C","13.77",",,,C","1.50",",,,C"
"CA001142574","1993-11","50.2333","-116.9667","549.0","DUNCAN LAKE DAM, BC CA","17.0","C","0.0","1,C","16",",C","7",",C","0",",C","9",",C","3",",C","1",",C","26",",C","7","1,C","0","1,C","0","1,C","19931123",",,C","19931129",",,C","19931121",",,C","19931121",",,C","19931101",",1,C","-21.0",",C,23,","190",",,C,29,","120",",,C,21,","12.2",",,C,21,","9.0","1,C,01,","1239.6","C","561.7","1,C","48.5",",,,C","245",",,,C","-0.98","1,C","2.57","1,,,C","-4.53",",,,C"
"CA001142574","1993-12","50.2333","-116.9667","549.0","DUNCAN LAKE DAM, BC CA","17.0","C","0.0",",C","17",",C","12",",C","0",",C","16",",C","5",",C","0",",C","27",",C","16",",C","0",",C","0",",C","19931223",",,C","19931231",",,C","19931230",",,C","19931203",",,C","19931210",",,C","-10.5",",C,23,","170",",,C,31,","80",",,C,30,","12.2",",,C,03,","7.0",",C,10,","1842.2","C","602.6",",C","77.5",",,,C","345",",,,C","-1.10",",C","1.29",",,,C","-3.50",",,,C"
"CA001142574","1994-01","50.2333","-116.9667","549.0","DUNCAN LAKE DAM, BC CA","0.0","C","0.0",",C","17",",C","10",",C","0",",C","9",",C","3",",C","0",",C","22",",C","3",",C","0",",C","0",",C","19940131",",,C","19940109",",,C","19940107",",,C","19940107","+,,C","19940112",",,C","-7.5",",C,31,","170",",,C,09,","100",",,C,07,","10.0",",,C,07,+","6.0",",C,12,","2390.0","C","547.8",",C","62.8",",,,C","180",",,,C","0.66",",C","3.11",",,,C","-1.79",",,,C"
"CA001142574","1994-02","50.2333","-116.9667","549.0","DUNCAN LAKE DAM, BC CA","0.0","C","0.0",",C","17",",C","8",",C","1",",C","8",",C","2",",C","1",",C","25",",C","11",",C","0",",C","0",",C","19940208",",,C","19940209",",,C","19940208",",,C","19940208",",,C","19940218",",,C","-20.5",",C,08,","290",",,C,09,","290",",,C,08,","29.0",",,C,08,","6.0",",C,18,","2967.1","C","577.1",",C","75.6",",,,C","475",",,,C","-2.28",",C","0.89",",,,C","-5.45",",,,C"
"CA001142574","1994-03","50.2333","-116.9667","549.0","DUNCAN LAKE DAM, BC CA","0.0","C","0.0",",C","12",",C","5",",C","0",",C","","","0",",C","0",",C","22",",C","0",",C","0",",C","0",",C","19940308","+,,C","","","19940321","+,,C","19940318",",,C","19940331",",,C","-7.5",",C,08,+","","","0",",T,C,21,+","11.6",",,C,18,","21.0",",C,31,","3417.7","C","450.6",",C","43.8",",,,C","0",",T,,C","3.80",",C","9.94",",,,C","-2.34",",,,C"
"CA001142574","1994-04","50.2333","-116.9667","549.0","DUNCAN LAKE DAM, BC CA","0.0","C","0.0",",C","15",",C","8",",C","0",",C","0",",C","0",",C","0",",C","4",",C","0",",C","1",",C","0",",C","19940429",",,C","19940430","+,,C","19940430","+,,C","19940403",",,C","19940420",",,C","-2.0",",C,29,","0",",,C,30,+","0",",,C,30,+","23.2",",,C,03,","23.5",",C,20,","3705.9","C","288.2",",C","70.8",",,,C","0",",,,C","8.73",",C","14.87",",,,C","2.58",",,,C"
"CA001142574","1994-05","50.2333","-116.9667","549.0","DUNCAN LAKE DAM, BC CA","0.0","C","0.0",",C","19",",C","9",",C","0",",C","0",",C","0",",C","0",",C","2",",C","0",",C","12",",C","0",",C","19940504","+,,C","19940531","+,,C","19940531","+,,C","19940512",",,C","19940507",",,C","0.0",",C,04,+","0",",,C,31,+","0",",,C,31,+","7.8",",,C,12,","28.0",",C,07,","3895.2","C","189.3",",C","48.6",",,,C","0",",,,C","12.23",",C","19.31",",,,C","5.15",",,,C"
"CA001142574","1994-06","50.2333","-116.9667","549.0","DUNCAN LAKE DAM, BC CA","3.9","C","3.9",",C","18",",C","12",",C","0",",C","0",",C","0",",C","0",",C","0",",C","0",",C","14",",C","0",",C","19940610",",,C","19940630","+,,C","19940630","+,,C","19940606",",,C","19940623","+,,C","3.5",",C,10,","0",",,C,30,+","0",",,C,30,+","14.0",",,C,06,","31.0",",C,23,+","4010.6","C","115.4",",C","69.5",",,,C","0",",,,C","14.62",",C","21.20",",,,C","8.03",",,,C"
"CA001142574","1994-07","50.2333","-116.9667","549.0","DUNCAN LAKE DAM, BC CA","51.8","C","47.9",",C","7",",C","3",",C","1",",C","0",",C","0",",C","0",",C","0",",C","0",",C","28",",C","5",",C","19940705",",,C","19940731","+,,C","19940731","+,,C","19940701",",,C","19940723",",,C","6.0",",C,05,","0",",,C,31,+","0",",,C,31,+","25.6",",,C,01,","35.0",",C,23,","24.5","C","24.5",",C","42.0",",,,C","0",",,,C","19.09",",C","28.16",",,,C","10.02",",,,C"
"CA001142574","1994-08","50.2333","-116.9667","549.0","DUNCAN LAKE DAM, BC CA","86.9","C","35.1",",C","12",",C","6",",C","0",",C","0",",C","0",",C","0",",C","0",",C","0",",C","28",",C","5",",C","19940828",",,C","19940831","+,,C","19940831","+,,C","19940825",",,C","19940802",",,C","5.0",",C,28,","0",",,C,31,+","0",",,C,31,+","10.2",",,C,25,","34.0",",C,02,","61.9","C","37.4",",C","45.7",",,,C","0",",,,C","18.26",",C","27.27",",,,C","9.24",",,,C"
"CA001142574","1994-09","50.2333","-116.9667","549.0","DUNCAN LAKE DAM, BC CA","86.9","C","0.0",",C","7",",C","2",",C","0",",C","0",",C","0",",C","0",",C","0",",C","0",",C","20",",C","0",",C","19940924","+,,C","19940930","+,,C","19940930","+,,C","19940909",",,C","19940918",",,C","2.0",",C,24,+","0",",,C,30,+","0",",,C,30,+","8.0",",,C,09,","27.5",",C,18,","197.4","C","135.5",",C","17.6",",,,C","0",",,,C","13.82",",C","22.63",",,,C","5.00",",,,C"
"CA001142574","1994-10","50.2333","-116.9667","549.0","DUNCAN LAKE DAM, BC CA","86.9","C","0.0",",C","15",",C","8",",C","0",",C","0",",C","0",",C","0",",C","14",",C","0",",C","0",",C","0",",C","19941025",",,C","19941031","+,,C","19941031",",,C","19941026",",,C","19941003",",,C","-3.0",",C,25,","0",",,C,31,+","0",",T,C,31,","12.4",",,C,26,","20.0",",C,03,","542.0","C","344.6",",C","66.2",",,,C","0",",T,,C","7.22",",C","12.81",",,,C","1.63",",,,C"
"CA001142574","1994-11","50.2333","-116.9667","549.0","DUNCAN LAKE DAM, BC CA","86.9","C","0.0",",C","18",",C","12",",C","0",",C","","","3",",C","0",",C","25",",C","3",",C","0",",C","0",",C","19941122","+,,C","","","19941125",",,C","19941116","+,,C","19941130","+,,C","-10.5",",C,22,+","","","70",",,C,25,","7.8",",,C,16,+","7.5",",C,30,+","1080.0","C","538.0",",C","68.3",",,,C","278",",,,C","0.40",",C","3.17",",,,C","-2.37",",,,C"
"CA001142574","1994-12","50.2333","-116.9667","549.0","DUNCAN LAKE DAM, BC CA","86.9","C","0.0",",C","18",",C","14",",C","0",",C","","","5",",C","0",",C","29",",C","14",",C","0",",C","0",",C","19941205",",,C","","","19941215",",,C","19941217",",,C","19941220",",,C","-15.0",",C,05,","","","110",",,C,15,","24.4",",,C,17,","7.0",",C,20,","1697.6","C","617.6",",C","112.7",",,,C","390",",,,C","-1.59",",C","0.65",",,,C","-3.82",",,,C"
"CA001142574","1995-01","50.2333","-116.9667","549.0","DUNCAN LAKE DAM, BC CA","0.0","C","0.0","1,C","16",",C","9",",C","0",",C","23","4,C","3",",C","0",",C","30",",C","14","1,C","0","1,C","0","1,C","19950105","+,,C","19950111","+,4,C","19950109",",,C","19950109",",,C","19950131","+,1,C","-17.0",",C,05,+","200","4,,C,11,+","130",",,C,09,","13.0",",,C,09,","4.0","1,C,31,+","2359.8","C","662.2","1,C","68.0",",,,C","300",",,,C","-3.66","1,C","-0.87","1,,,C","-6.45",",,,C"
"CA001142574","1995-02","50.2333","-116.9667","549.0","DUNCAN LAKE DAM, BC CA","0.0","C","0.0",",C","11",",C","6",",C","0",",C","3",",C","1",",C","0",",C","25",",C","4",",C","0",",C","0",",C","19950214","+,,C","19950201",",,C","19950215",",,C","19950218",",,C","19950207",",,C","-17.5",",C,14,+","40",",,C,01,","30",",,C,15,","16.0",",,C,18,","9.5",",C,07,","2888.4","C","528.6",",C","49.6",",,,C","30",",,,C","-0.54",",C","3.46",",,,C","-4.55",",,,C"
"CA001142574","1995-03","50.2333","-116.9667","549.0","DUNCAN LAKE DAM, BC CA","0.0","C","0.0",",C","16",",C","6",",C","0",",C","","","1",",C","0",",C","24",",C","1",",C","0",",C","0",",C","19950302",",,C","","","19950308",",,C","19950308",",,C","19950328","+,,C","-13.0",",C,02,","","","210",",,C,08,","21.0",",,C,08,","16.0",",C,28,+","3380.2","C","491.8",",C","67.8",",,,C","220",",,,C","2.47",",C","8.37",",,,C","-3.44",",,,C"
"CA001142574","1995-04","50.2333","-116.9667","549.0","DUNCAN LAKE DAM, BC CA","0.0","C","0.0",",C","10",",C","5",",C","0",",C","0","1,C","0",",C","0",",C","20",",C","0",",C","0",",C","0",",C","19950417","+,,C","19950430","+,1,C","19950412",",,C","19950413","+,,C","19950423",",,C","-4.0",",C,17,+","0","1,,C,30,+","15",",,C,12,","5.2",",,C,13,+","20.5",",C,23,","3739.9","C","359.7",",C","26.0",",,,C","15",",,,C","6.34",",C","13.27",",,,C","-0.58",",,,C"
"CA001142574","1995-05","50.2333","-116.9667","549.0","DUNCAN LAKE DAM, BC CA","0.3","C","0.3","2,C","9",",C","5",",C","0",",C","0",",C","0",",C","0","1,C","6","1,C","0","1,C","14","1,C","0","1,C","19950501",",1,C","19950531","+,,C","19950531","+,,C","19950511",",,C","19950531","+,1,C","-1.5","1,C,01,","0",",,C,31,+","0",",,C,31,+","8.0",",,C,11,","30.0","1,C,31,+","3911.4","C","171.5","1,C","27.5",",,,C","0",",,,C","12.47","2,C","21.40","1,,,C","3.53","1,,,C"
"CA001142574","1995-06","50.2333","-116.9667","549.0","DUNCAN LAKE DAM, BC CA","3.7","C","3.4",",C","17",",C","11",",C","0",",C","0",",C","0",",C","0",",C","0",",C","0",",C","21",",C","0",",C","19950607",",,C","19950630","+,,C","19950630","+,,C","19950605",",,C","19950630",",,C","2.0",",C,07,","0",",,C,30,+","0",",,C,30,+","7.2",",,C,05,","29.5",",C,30,","3992.1","C","80.7",",C","54.8",",,,C","0",",,,C","15.76",",C","23.10",",,,C","8.42",",,,C"
"CA001142574","1995-07","50.2333","-116.9667","549.0","DUNCAN LAKE DAM, BC CA","9.5","C","5.8",",C","17",",C","12",",C","0",",C","0",",C","0",",C","0",",C","0",",C","0",",C","24",",C","0",",C","19950708",",,C","19950731","+,,C","19950731","+,,C","19950725",",,C","19950719",",,C","6.0",",C,08,","0",",,C,31,+","0",",,C,31,+","17.8",",,C,25,","31.5",",C,19,","38.1","C","38.1",",C","88.8",",,,C","0",",,,C","17.29",",C","23.92",",,,C","10.66",",,,C"
"CA001142574","1995-08","50.2333","-116.9667","549.0","DUNCAN LAKE DAM, BC CA","11.3","C","1.8",",C","18",",C","9",",C","0",",C","0",",C","0",",C","0",",C","0",",C","0",",C","16",",C","0",",C","19950825",",,C","19950831","+,,C","19950831","+,,C","19950806",",,C","19950804",",,C","3.5",",C,25,","0",",,C,31,+","0",",,C,31,+","24.2",",,C,06,","29.5",",C,04,","146.4","C","108.3",",C","112.6",",,,C","0",",,,C","14.90",",C","21.08",",,,C","8.71",",,,C"
"CA001142574","1995-09","50.2333","-116.9667","549.0","DUNCAN LAKE DAM, BC CA","11.3","C","0.0",",C","7",",C","4",",C","0",",C","0",",C","0",",C","0",",C","3",",C","0",",C","16",",C","0",",C","19950922","+,,C","19950930","+,,C","19950930","+,,C","19950905",",,C","19950903",",,C","-1.5",",C,22,+","0",",,C,30,+","0",",,C,30,+","12.8",",,C,05,","27.0",",C,03,","301.4","C","155.0",",C","37.6",",,,C","0",",,,C","13.17",",C","21.55",",,,C","4.78",",,,C"
"CA001142574","1995-10","50.2333","-116.9667","549.0","DUNCAN LAKE DAM, BC CA","11.3","C","0.0",",C","19",",C","13",",C","0",",C","0",",C","0",",C","0",",C","8",",C","0",",C","0",",C","0",",C","19951030",",,C","19951031","+,,C","19951031","+,,C","19951010",",,C","19951001",",,C","-6.0",",C,30,","0",",,C,31,+","0",",,C,31,+","24.6",",,C,10,","15.5",",C,01,","671.5","C","370.1",",C","123.0",",,,C","0",",,,C","6.40",",C","10.32",",,,C","2.47",",,,C"
"CA001142574","1995-11","50.2333","-116.9667","549.0","DUNCAN LAKE DAM, BC CA","11.3","C","0.0",",C","24",",C","19",",C","1",",C","20",",C","5",",C","0",",C","21",",C","3",",C","0",",C","0",",C","19951102",",,C","19951112",",,C","19951107",",,C","19951128",",,C","19951129",",,C","-9.0",",C,02,","380",",,C,12,","250",",,C,07,","32.0",",,C,28,","9.0",",C,29,","1194.0","C","522.5",",C","228.3",",,,C","585",",,,C","0.92",",C","3.98",",,,C","-2.15",",,,C"
"CA001142574","1995-12","50.2333","-116.9667","549.0","DUNCAN LAKE DAM, BC CA","11.3","C","0.0",",C","14",",C","8",",C","0",",C","","","5",",C","0",",C","29",",C","17",",C","0",",C","0",",C","19951209",",,C","","","19951210",",,C","19951212",",,C","19951201",",,C","-16.5",",C,09,","","","220",",,C,10,","23.2",",,C,12,","7.0",",C,01,","1841.3","C","647.3",",C","95.3",",,,C","600",",,,C","-2.55",",C","-0.31",",,,C","-4.79",",,,C"
"CA001142574","1996-01","50.2333","-116.9667","549.0","DUNCAN LAKE DAM, BC CA","0.0","C","0.0",",C","15",",C","8",",C","0",",C","31",",C","6",",C","3",",C","26",",C","21",",C","0",",C","0",",C","19960131","+,,C","19960108",",,C","19960102",",,C","19960114",",,C","19960111",",,C","-24.0",",C,31,+","460",",,C,08,","160",",,C,02,","16.8",",,C,14,","6.5",",C,11,","2593.9","C","752.6",",C","84.2",",,,C","550",",,,C","-5.94",",C","-2.71",",,,C","-9.18",",,,C"
"CA001142574","1996-02","50.2333","-116.9667","549.0","DUNCAN LAKE DAM, BC CA","0.0","C","0.0",",C","12",",C","10",",C","0",",C","29",",C","4",",C","3",",C","27",",C","8",",C","0",",C","0",",C","19960201",",,C","19960206",",,C","19960205",",,C","19960208",",,C","19960218",",,C","-23.0",",C,01,","230",",,C,06,","80",",,C,05,","11.0",",,C,08,","7.0",",C,18,","3227.8","C","633.9",",C","68.1",",,,C","280",",,,C","-3.53",",C","1.66",",,,C","-8.71",",,,C"
"CA001142574","1996-03","50.2333","-116.9667","549.0","DUNCAN LAKE DAM, BC CA","0.0","C","0.0","1,C","10",",C","7",",C","0",",C","15",",C","3",",C","0","1,C","29","1,C","3",",C","0",",C","0",",C","19960305",",1,C","19960304",",,C","19960303",",,C","19960303",",,C","19960318","+,,C","-15.0","1,C,05,","170",",,C,04,","110",",,C,03,","11.0",",,C,03,","12.5",",C,18,+","3758.5","C","530.7",",C","50.0",",,,C","230",",,,C","0.54","1,C","6.03",",,,C","-4.95","1,,,C"
"CA001142574","1996-04","50.2333","-116.9667","549.0","DUNCAN LAKE DAM, BC CA","0.0","C","0.0",",C","22",",C","6",",C","0",",C","1","4,C","0",",C","0",",C","10",",C","0",",C","0",",C","0",",C","19960403",",,C","19960401",",4,C","19960430","+,,C","19960423",",,C","19960408",",,C","-4.5",",C,03,","60","4,,C,01,","0",",,C,30,+","18.4",",,C,23,","20.0",",C,08,","4095.2","C","336.7",",C","61.3",",,,C","0",",,,C","7.11",",C","13.08",",,,C","1.13",",,,C"
"CA001142574","1996-05","50.2333","-116.9667","549.0","DUNCAN LAKE DAM, BC CA","0.0","C","0.0",",C","20",",C","12",",C","0",",C","0",",C","0",",C","0",",C","1",",C","0",",C","4",",C","0",",C","19960508",",,C","19960508",",,C","19960507",",,C","19960507",",,C","19960526",",,C","0.0",",C,08,","20",",,C,08,","15",",,C,07,","14.8",",,C,07,","25.5",",C,26,","4353.5","C","258.3",",C","79.6",",,,C","15",",,,C","10.00",",C","15.21",",,,C","4.79",",,,C"
"CA001142574","1996-06","50.2333","-116.9667","549.0","DUNCAN LAKE DAM, BC CA","0.6","C","0.6",",C","15",",C","5",",C","0",",C","0",",C","0",",C","0",",C","0",",C","0",",C","20",",C","0",",C","19960620","+,,C","19960630","+,,C","19960630","+,,C","19960617",",,C","19960608","+,,C","3.0",",C,20,+","0",",,C,30,+","0",",,C,30,+","8.5",",,C,17,","28.0",",C,08,+","4457.1","C","103.6",",C","36.6",",,,C","0",",,,C","14.90",",C","22.02",",,,C","7.78",",,,C"
"CA001142574","1996-07","50.2333","-116.9667","549.0","DUNCAN LAKE DAM, BC CA","28.9","C","28.3",",C","12",",C","7",",C","0",",C","0",",C","0",",C","0",",C","0",",C","0",",C","25",",C","2",",C","19960707","+,,C","19960731","+,,C","19960731","+,,C","19960718",",,C","19960714",",,C","5.0",",C,07,+","0",",,C,31,+","0",",,C,31,+","12.2",",,C,18,","33.0",",C,14,","33.3","C","33.3",",C","57.7",",,,C","0",",,,C","18.17",",C","26.69",",,,C","9.65",",,,C"
"CA001142574","1996-08","50.2333","-116.9667","549.0","DUNCAN LAKE DAM, BC CA","38.0","C","9.1",",C","13",",C","2",",C","0",",C","0",",C","0",",C","0",",C","0",",C","0",",C","23",",C","0",",C","19960821",",,C","19960831","+,,C","19960831","+,,C","19960814",",,C","19960811",",,C","4.0",",C,21,","0",",,C,31,+","0",",,C,31,+","12.0",",,C,14,","31.0",",C,11,","94.5","C","61.2",",C","30.5",",,,C","0",",,,C","16.65",",C","25.27",",,,C","8.03",",,,C"
"CA001142574","1996-09","50.2333","-116.9667","549.0","DUNCAN LAKE DAM, BC CA","38.0","C","0.0",",C","12",",C","7",",C","0",",C","0",",C","0",",C","0",",C","2",",C","0",",C","6",",C","0",",C","19960924",",,C","19960930","+,,C","19960930","+,,C","19960912",",,C","19960911",",,C","-2.5",",C,24,","0",",,C,30,+","0",",,C,30,+","5.8",",,C,12,","26.5",",C,11,","301.2","C","206.7",",C","34.0",",,,C","0",",,,C","11.44",",C","17.42",",,,C","5.47",",,,C"
"CA001142574","1996-10","50.2333","-116.9667","549.0","DUNCAN LAKE DAM, BC CA","38.0","C","0.0",",C","16",",C","12",",C","0",",C","0",",C","0",",C","0",",C","12",",C","0",",C","0",",C","0",",C","19961026",",,C","19961027",",,C","19961026",",,C","19961004",",,C","19961009",",,C","-4.5",",C,26,","10",",,C,27,","10",",,C,26,","17.0",",,C,04,","18.0",",C,09,","676.3","C","375.1",",C","84.3",",,,C","10",",,,C","6.23",",C","10.61",",,,C","1.85",",,,C"
"CA001142574","1996-11","50.2333","-116.9667","549.0","DUNCAN LAKE DAM, BC CA","38.0","C","0.0",",C","24",",C","19",",C","0",",C","15",",C","10",",C","0",",C","23",",C","9",",C","0",",C","0",",C","19961123",",,C","19961120",",,C","19961119","+,,C","19961119","+,,C","19961112",",,C","-13.0",",C,23,","270",",,C,20,","130",",,C,19,+","13.0",",,C,19,+","7.5",",C,12,","1231.8","C","555.5",",C","140.1",",,,C","760",",,,C","-0.18",",C","2.17",",,,C","-2.53",",,,C"
"CA001142574","1996-12","50.2333","-116.9667","549.0","DUNCAN LAKE DAM, BC CA","38.0","C","0.0",",C","24",",C","15",",C","0",",C","31",",C","14",",C","2",",C","31",",C","21",",C","0",",C","0",",C","19961227",",,C","19961231",",,C","19961210",",,C","19961210",",,C","19961231",",,C","-20.0",",C,27,","860",",,C,31,","220",",,C,10,","22.0",",,C,10,","5.5",",C,31,","1972.4","C","740.6",",C","160.7",",,,C","1395",",,,C","-5.56",",C","-2.50",",,,C","-8.61",",,,C"
"CA001142574","1997-01","50.2333","-116.9667","549.0","DUNCAN LAKE DAM, BC CA","0.0","C","0.0",",C","19",",C","11",",C","0",",C","31",",C","9",",C","3",",C","31",",C","16",",C","0",",C","0",",C","19970127",",,C","19970130",",,C","19970129",",,C","19970129",",,C","19970101",",,C","-22.0",",C,27,","830",",,C,30,","160",",,C,29,","16.0",",,C,29,","9.0",",C,01,","2657.5","C","685.1",",C","101.3",",,,C","820",",,,C","-3.77",",C","-0.48",",,,C","-7.05",",,,C"
"CA001142574","1997-02","50.2333","-116.9667","549.0","DUNCAN LAKE DAM, BC CA","0.0","C","0.0",",C","12",",C","7",",C","0",",C","28",",C","2",",C","0",",C","26",",C","7",",C","0",",C","0",",C","19970207",",,C","19970213",",,C","19970211",",,C","19970214",",,C","19970227",",,C","-17.5",",C,07,","770",",,C,13,","40",",,C,11,","7.2",",,C,14,","8.0",",C,27,","3223.3","C","565.8",",C","37.3",",,,C","100",",,,C","-1.88",",C","2.64",",,,C","-6.39",",,,C"
"CA001142574","1997-03","50.2333","-116.9667","549.0","DUNCAN LAKE DAM, BC CA","0.0","C","0.0",",C","19",",C","14",",C","0",",C","27","1,C","5",",C","0",",C","26",",C","1",",C","0",",C","0",",C","19970315",",,C","19970316",",1,C","19970315",",,C","19970318",",,C","19970325",",,C","-11.0",",C,15,","530","1,,C,16,","150",",,C,15,","22.4",",,C,18,","13.0",",C,25,","3748.6","C","525.3",",C","113.9",",,,C","360",",,,C","1.39",",C","5.82",",,,C","-3.05",",,,C"
"CA001142574","1997-04","50.2333","-116.9667","549.0","DUNCAN LAKE DAM, BC CA","0.0","C","0.0",",C","14",",C","6",",C","0",",C","0",",C","0",",C","0",",C","15",",C","0",",C","0",",C","0",",C","19970411",",,C","19970430","+,,C","19970430","+,,C","19970419",",,C","19970422",",,C","-7.5",",C,11,","0",",,C,30,+","0",",,C,30,+","9.2",",,C,19,","17.0",",C,22,","4126.6","C","378.0",",C","43.2",",,,C","0",",,,C","5.73",",C","12.28",",,,C","-0.82",",,,C"
"CA001142574","1997-05","50.2333","-116.9667","549.0","DUNCAN LAKE DAM, BC CA","0.0","C","0.0",",C","13",",C","5",",C","0",",C","0",",C","0",",C","0",",C","2",",C","0",",C","8",",C","0",",C","19970508",",,C","19970531","+,,C","19970531","+,,C","19970531",",,C","19970512",",,C","-2.0",",C,08,","0",",,C,31,+","0",",,C,31,+","6.2",",,C,31,","26.5",",C,12,","4332.4","C","205.8",",C","36.0",",,,C","0",",,,C","11.69",",C","18.60",",,,C","4.79",",,,C"
"CA001142574","1997-06","50.2333","-116.9667","549.0","DUNCAN LAKE DAM, BC CA","2.3","C","2.3",",C","19",",C","10",",C","0",",C","0",",C","0",",C","0",",C","0",",C","0",",C","14",",C","0",",C","19970609","+,,C","19970630","+,,C","19970630","+,,C","19970621",",,C","19970610",",,C","5.0",",C,09,+","0",",,C,30,+","0",",,C,30,+","15.2",",,C,21,","29.0",",C,10,","4433.1","C","100.7",",C","77.4",",,,C","0",",,,C","15.05",",C","21.40",",,,C","8.70",",,,C"
"CA001142574","1997-07","50.2333","-116.9667","549.0","DUNCAN LAKE DAM, BC CA","13.7","C","11.4",",C","16",",C","9",",C","0",",C","0",",C","0",",C","0",",C","0",",C","0",",C","25",",C","1",",C","19970726",",,C","19970731","+,,C","19970731","+,,C","19970708",",,C","19970729",",,C","5.5",",C,26,","0",",,C,31,+","0",",,C,31,+","16.8",",,C,08,","34.0",",C,29,","44.0","C","44.0",",C","72.9",",,,C","0",",,,C","17.28",",C","24.35",",,,C","10.21",",,,C"
"CA001142574","1997-08","50.2333","-116.9667","549.0","DUNCAN LAKE DAM, BC CA","32.9","C","19.2",",C","17",",C","5",",C","0",",C","0",",C","0",",C","0",",C","0",",C","0",",C","25",",C","0",",C","19970828","+,,C","19970831","+,,C","19970831","+,,C","19970824",",,C","19970805","+,,C","5.5",",C,28,+","0",",,C,31,+","0",",,C,31,+","11.2",",,C,24,","32.0",",C,05,+","99.0","C","55.0",",C","51.8",",,,C","0",",,,C","17.18",",C","24.89",",,,C","9.47",",,,C"
"CA001142574","1997-09","50.2333","-116.9667","549.0","DUNCAN LAKE DAM, BC CA","32.9","C","0.0","3,C","17",",C","12",",C","0",",C","0",",C","0",",C","0","3,C","0","3,C","0",",C","12",",C","0",",C","19970925","+,3,C","19970930","+,,C","19970930","+,,C","19970903",",,C","19970901",",,C","3.0","3,C,25,+","0",",,C,30,+","0",",,C,30,+","15.8",",,C,03,","27.0",",C,01,","233.0","C","134.0",",C","101.0",",,,C","0",",,,C","13.34","3,C","19.57",",,,C","7.11","3,,,C"
"CA001142574","1997-10","50.2333","-116.9667","549.0","DUNCAN LAKE DAM, BC CA","32.9","C","0.0",",C","19",",C","9",",C","1",",C","0",",C","0",",C","0",",C","5",",C","0",",C","0",",C","0",",C","19971024","+,,C","19971031","+,,C","19971031","+,,C","19971004",",,C","19971001",",,C","-2.5",",C,24,+","0",",,C,31,+","0",",,C,31,+","31.5",",,C,04,","15.0",",C,01,","576.6","C","343.6",",C","98.7",",,,C","0",",,,C","7.25",",C","11.13",",,,C","3.37",",,,C"
"CA001142574","1997-11","50.2333","-116.9667","549.0","DUNCAN LAKE DAM, BC CA","32.9","C","0.0","1,C","13",",C","7",",C","0",",C","0",",C","0",",C","0",",C","22",",C","0","1,C","0","1,C","0","1,C","19971116","+,,C","19971120","+,,C","19971119","+,,C","19971103",",,C","19971101",",1,C","-8.5",",C,16,+","0",",T,C,20,+","0",",T,C,19,+","18.0",",,C,03,","11.0","1,C,01,","1040.8","C","464.2","1,C","60.2",",,,C","0",",T,,C","2.36","1,C","6.33","1,,,C","-1.62",",,,C"
"CA001142574","1997-12","50.2333","-116.9667","549.0","DUNCAN LAKE DAM, BC CA","32.9","C","0.0",",C","12",",C","6",",C","0",",C","10","1,C","3",",C","0",",C","29",",C","11",",C","0",",C","0",",C","19971207",",,C","19971229",",1,C","19971228",",,C","19971228","+,,C","19971217","+,,C","-7.5",",C,07,","140","1,,C,29,","90",",,C,28,","10.0",",,C,28,+","6.5",",C,17,+","1632.1","C","591.3",",C","45.1",",,,C","195",",,,C","-0.74",",C","1.44",",,,C","-2.92",",,,C"
"CA001142574","1998-01","50.2333","-116.9667","549.0","DUNCAN LAKE DAM, BC CA","0.0","C","0.0",",C","23",",C","12",",C","0",",C","30","1,C","9",",C","3",",C","28",",C","6",",C","0",",C","0",",C","19980112",",,C","19980115",",1,C","19980113",",,C","19980101",",,C","19980131","+,,C","-22.5",",C,12,","310","1,,C,15,","130",",,C,13,","18.2",",,C,01,","6.0",",C,31,+","2257.7","C","625.6",",C","131.2",",,,C","695",",,,C","-1.85",",C","0.74",",,,C","-4.44",",,,C"
"CA001142574","1998-02","50.2333","-116.9667","549.0","DUNCAN LAKE DAM, BC CA","0.0","C","0.0",",C","10",",C","5",",C","0",",C","12",",C","0",",C","0",",C","22",",C","0",",C","0",",C","0",",C","19980225",",,C","19980205","+,,C","19980222",",,C","19980221",",,C","19980220",",,C","-8.5",",C,25,","110",",,C,05,+","20",",,C,22,","5.8",",,C,21,","8.5",",C,20,","2722.3","C","464.6",",C","29.2",",,,C","20",",,,C","1.74",",C","5.04",",,,C","-1.55",",,,C"
"CA001142574","1998-03","50.2333","-116.9667","549.0","DUNCAN LAKE DAM, BC CA","0.0","C","0.0",",C","18",",C","8",",C","0",",C","0",",C","0",",C","0",",C","18",",C","0",",C","0",",C","0",",C","19980329",",,C","19980305","+,,C","19980304",",,C","19980322",",,C","19980319","+,,C","-5.5",",C,29,","0",",T,C,05,+","0",",T,C,04,","10.4",",,C,22,","13.0",",C,19,+","3162.1","C","439.8",",C","58.7",",,,C","0",",T,,C","4.15",",C","8.44",",,,C","-0.15",",,,C"
"CA001142574","1998-04","50.2333","-116.9667","549.0","DUNCAN LAKE DAM, BC CA","0.0","C","0.0",",C","9",",C","5",",C","0",",C","0",",C","0",",C","0",",C","15",",C","0",",C","5",",C","0",",C","19980415","+,,C","19980430","+,,C","19980430","+,,C","19980423",",,C","19980430",",,C","-4.0",",C,15,+","0",",,C,30,+","0",",,C,30,+","24.2",",,C,23,","26.0",",C,30,","3472.8","C","310.7",",C","40.8",",,,C","0",",,,C","7.98",",C","15.70",",,,C","0.25",",,,C"
"CA001142574","1998-05","50.2333","-116.9667","549.0","DUNCAN LAKE DAM, BC CA","0.0","C","0.0",",C","15",",C","8",",C","1",",C","0",",C","0",",C","0",",C","0",",C","0",",C","18",",C","0",",C","19980520","+,,C","19980531","+,,C","19980531","+,,C","19980527",",,C","19980505",",,C","3.0",",C,20,+","0",",,C,31,+","0",",,C,31,+","26.0",",,C,27,","27.5",",C,05,","3618.9","C","146.1",",C","92.3",",,,C","0",",,,C","13.62",",C","21.06",",,,C","6.18",",,,C"
"CA001142574","1998-06","50.2333","-116.9667","549.0","DUNCAN LAKE DAM, BC CA","3.3","C","3.3",",C","18",",C","7",",C","0",",C","0",",C","0",",C","0",",C","0",",C","0",",C","16",",C","0",",C","19980603",",,C","19980630","+,,C","19980630","+,,C","19980617",",,C","19980630",",,C","3.5",",C,03,","0",",,C,30,+","0",",,C,30,+","9.4",",,C,17,","29.0",",C,30,","3703.1","C","84.2",",C","47.0",",,,C","0",",,,C","15.63",",C","21.88",",,,C","9.38",",,,C"
"CA001142574","1998-07","50.2333","-116.9667","549.0","DUNCAN LAKE DAM, BC CA","64.0","C","60.7",",C","15",",C","9",",C","0",",C","0",",C","0",",C","0",",C","0",",C","0",",C","27",",C","3",",C","19980714",",,C","19980731","+,,C","19980731","+,,C","19980711",",,C","19980727",",,C","7.5",",C,14,","0",",,C,31,+","0",",,C,31,+","19.8",",,C,11,","36.0",",C,27,","11.5","C","11.5",",C","78.0",",,,C","0",",,,C","19.92",",C","27.23",",,,C","12.61",",,,C"
"CA001142574","1998-08","50.2333","-116.9667","549.0","DUNCAN LAKE DAM, BC CA","102.7","C","38.7",",C","10",",C","3",",C","0",",C","0",",C","0",",C","0",",C","0",",C","0",",C","29",",C","2",",C","19980822",",,C","19980831","+,,C","19980831","+,,C","19980816",",,C","19980813",",,C","5.5",",C,22,","0",",,C,31,+","0",",,C,31,+","17.8",",,C,16,","33.0",",C,13,","41.2","C","29.7",",C","41.8",",,,C","0",",,,C","18.62",",C","27.55",",,,C","9.69",",,,C"
"CA001142574","1998-09","50.2333","-116.9667","549.0","DUNCAN LAKE DAM, BC CA","105.9","C","3.2",",C","6",",C","3",",C","0",",C","0",",C","0",",C","0",",C","0",",C","0",",C","20",",C","0",",C","19980928","+,,C","19980930","+,,C","19980930","+,,C","19980925",",,C","19980906","+,,C","2.0",",C,28,+","0",",,C,30,+","0",",,C,30,+","5.0",",,C,25,","30.0",",C,06,+","136.4","C","95.2",",C","16.7",",,,C","0",",,,C","15.27",",C","23.80",",,,C","6.73",",,,C"
"CA001142574","1998-10","50.2333","-116.9667","549.0","DUNCAN LAKE DAM, BC CA","105.9","C","0.0","1,C","16",",C","7",",C","0",",C","0",",C","0",",C","0",",C","10",",C","0","1,C","0","1,C","0","1,C","19981020","+,,C","19981031","+,,C","19981031","+,,C","19981014",",,C","19981006",",1,C","-2.0",",C,20,+","0",",,C,31,+","0",",,C,31,+","22.4",",,C,14,","18.0","1,C,06,","479.6","C","343.2","1,C","69.7",",,,C","0",",,,C","6.85","1,C","11.45","1,,,C","2.26",",,,C"
"CA001142574","1998-11","50.2333","-116.9667","549.0","DUNCAN LAKE DAM, BC CA","105.9","C","0.0",",C","19",",C","14",",C","0",",C","2","1,C","3",",C","0",",C","12",",C","0",",C","0",",C","0",",C","19981129",",,C","19981130",",1,C","19981130",",,C","19981112",",,C","19981116",",,C","-3.0",",C,29,","50","1,,C,30,","76",",,C,30,","24.8",",,C,12,","10.0",",C,16,","917.6","C","438.0",",C","133.3",",,,C","166",",,,C","3.73",",C","6.47",",,,C","1.00",",,,C"
"CA001142574","1998-12","50.2333","-116.9667","549.0","DUNCAN LAKE DAM, BC CA","105.9","C","0.0",",C","20",",C","12",",C","1",",C","","","6",",C","4",",C","27",",C","10",",C","0",",C","0",",C","19981221","+,,C","","","19981227",",,C","19981227",",,C","19981213",",,C","-18.5",",C,21,+","","","430",",,C,27,","43.0",",,C,27,","7.0",",C,13,","1571.2","C","653.6",",C","166.1",",,,C","984",",,,C","-2.75",",C","-0.45",",,,C","-5.05",",,,C"
"CA001142574","1999-01","50.2333","-116.9667","549.0","DUNCAN LAKE DAM, BC CA","0.0","C","0.0",",C","17",",C","10",",C","1",",C","29","2,C","5",",C","0",",C","27",",C","9",",C","0",",C","0",",C","19990127","+,,C","19990118",",2,C","19990117",",,C","19990110",",,C","19990130","+,,C","-12.0",",C,27,+","380","2,,C,18,","120",",,C,17,","26.0",",,C,10,","6.5",",C,30,+","2158.8","C","587.6",",C","93.6",",,,C","293",",,,C","-0.62",",C","2.13",",,,C","-3.37",",,,C"
"CA001142574","1999-02","50.2333","-116.9667","549.0","DUNCAN LAKE DAM, BC CA","0.0","C","0.0","1,C","20",",C","13",",C","0",",C","28",",C","2",",C","0","1,C","25","1,C","1",",C","0",",C","0",",C","19990215",",1,C","19990224",",,C","19990223",",,C","19990223",",,C","19990226",",,C","-10.0","1,C,15,","280",",,C,24,","180",",,C,23,","18.0",",,C,23,","7.0",",C,26,","2641.8","C","483.0",",C","108.3",",,,C","248",",,,C","0.39","1,C","3.18",",,,C","-2.39","1,,,C"
"CA001142574","1999-03","50.2333","-116.9667","549.0","DUNCAN LAKE DAM, BC CA","0.0","C","0.0","1,C","15",",C","7",",C","0",",C","5","1,C","2",",C","0","1,C","25","1,C","0",",C","0",",C","0",",C","19990307",",1,C","19990303",",1,C","19990302",",,C","19990318",",,C","19990320",",,C","-7.5","1,C,07,","120","1,,C,03,","80",",,C,02,","12.0",",,C,18,","16.5",",C,20,","3104.8","C","463.0",",C","64.4",",,,C","154",",,,C","2.86","1,C","7.69",",,,C","-1.97","1,,,C"
"CA001142574","1999-04","50.2333","-116.9667","549.0","DUNCAN LAKE DAM, BC CA","0.0","C","0.0","3,C","9",",C","3",",C","0",",C","0",",C","0",",C","0","3,C","17","3,C","0",",C","1",",C","0",",C","19990411",",3,C","19990430","+,,C","19990430","+,,C","19990425",",,C","19990424",",,C","-5.5","3,C,11,","0",",,C,30,+","0",",,C,30,+","6.8",",,C,25,","23.0",",C,24,","3417.8","C","313.0",",C","22.4",",,,C","0",",,,C","6.70","3,C","14.15",",,,C","-0.76","3,,,C"
"CA001142574","1999-05","50.2333","-116.9667","549.0","DUNCAN LAKE DAM, BC CA","0.0","C","0.0","2,C","14",",C","4",",C","0",",C","0",",C","0",",C","0","2,C","5","2,C","0",",C","7",",C","0",",C","19990509",",2,C","19990531","+,,C","19990531","+,,C","19990531",",,C","19990524",",,C","-4.0","2,C,09,","0",",,C,31,+","0",",,C,31,+","6.0",",,C,31,","30.0",",C,24,","3650.2","C","232.4",",C","27.9",",,,C","0",",,,C","10.30","2,C","17.60",",,,C","3.00","2,,,C"
"CA001142574","1999-06","50.2333","-116.9667","549.0","DUNCAN LAKE DAM, BC CA","2.8","C","2.8",",C","18",",C","9",",C","0",",C","0",",C","0",",C","0",",C","1",",C","0",",C","13",",C","0",",C","19990608",",,C","19990630","+,,C","19990630","+,,C","19990605",",,C","19990615",",,C","0.0",",C,08,","0",",,C,30,+","0",",,C,30,+","14.4",",,C,05,","31.0",",C,15,","3787.7","C","137.5",",C","60.1",",,,C","0",",,,C","13.84",",C","20.08",",,,C","7.60",",,,C"
"CA001142574","1999-07","50.2333","-116.9667","549.0","DUNCAN LAKE DAM, BC CA","10.8","C","8.0",",C","11",",C","2",",C","0",",C","0",",C","0",",C","0",",C","0",",C","0",",C","19",",C","1",",C","19990717",",,C","19990731","+,,C","19990731","+,,C","19990704",",,C","19990728",",,C","2.0",",C,17,","0",",,C,31,+","0",",,C,31,+","4.2",",,C,04,","36.0",",C,28,","79.1","C","79.1",",C","19.2",",,,C","0",",,,C","16.04",",C","24.13",",,,C","7.95",",,,C"
"CA001142574","1999-08","50.2333","-116.9667","549.0","DUNCAN LAKE DAM, BC CA","28.2","C","17.4","1,C","17",",C","6",",C","1",",C","0",",C","0",",C","0","1,C","0","1,C","0",",C","25",",C","1",",C","19990822",",1,C","19990831","+,,C","19990831","+,,C","19990814",",,C","19990803",",,C","5.0","1,C,22,","0",",,C,31,+","0",",,C,31,+","25.5",",,C,14,","34.0",",C,03,","117.0","C","37.9",",C","74.5",",,,C","0",",,,C","17.68","1,C","25.21",",,,C","10.15","1,,,C"
"CA001142574","1999-09","50.2333","-116.9667","549.0","DUNCAN LAKE DAM, BC CA","28.2","C","0.0","4,C","9",",C","3",",C","0",",C","0",",C","0",",C","0","4,C","2","4,C","0",",C","14",",C","0",",C","19990928",",4,C","19990930","+,,C","19990930","+,,C","19990905",",,C","19990918",",,C","-4.0","4,C,28,","0",",,C,30,+","0",",,C,30,+","25.0",",,C,05,","25.0",",C,18,","298.4","C","181.4",",C","46.5",",,,C","0",",,,C","11.07","4,C","19.23",",,,C","2.90","4,,,C"
"CA001142574","1999-10","50.2333","-116.9667","549.0","DUNCAN LAKE DAM, BC CA","28.2","C","0.0",",C","15",",C","10",",C","0",",C","0",",C","0",",C","0",",C","20",",C","0",",C","0",",C","0",",C","19991016",",,C","19991031","+,,C","19991031","+,,C","19991030",",,C","19991004",",,C","-4.5",",C,16,","0",",,C,31,+","0",",,C,31,+","22.0",",,C,30,","16.5",",C,04,","693.0","C","394.6",",C","85.7",",,,C","0",",,,C","5.60",",C","11.53",",,,C","-0.32",",,,C"
"CA001142574","1999-11","50.2333","-116.9667","549.0","DUNCAN LAKE DAM, BC CA","28.2","C","0.0",",C","23",",C","15",",C","0",",C","1","2,C","2",",C","0",",C","14",",C","1",",C","0",",C","0",",C","19991105",",,C","19991106",",2,C","19991105",",,C","19991111",",,C","19991112",",,C","-5.5",",C,05,","50","2,,C,06,","50",",,C,05,","23.8",",,C,11,","12.5",",C,12,","1139.0","C","446.0",",C","141.6",",,,C","96",",,,C","3.47",",C","6.23",",,,C","0.70",",,,C"
"CA001142574","1999-12","50.2333","-116.9667","549.0","DUNCAN LAKE DAM, BC CA","28.2","C","0.0",",C","18",",C","11",",C","0",",C","","","4",",C","0",",C","25",",C","13",",C","0",",C","0",",C","19991221",",,C","","","19991214",",,C","19991215",",,C","19991201",",,C","-6.5",",C,21,","","","100",",,C,14,","15.6",",,C,15,","6.0",",C,01,","1721.6","C","582.6",",C","76.9",",,,C","285",",,,C","-0.46",",C","1.35",",,,C","-2.27",",,,C"
"CA001142574","2000-01","50.2333","-116.9667","549.0","DUNCAN LAKE DAM, BC CA","0.0","C","0.0",",C","20",",C","12",",C","0",",C","29","2,C","11",",C","0",",C","31",",C","15",",C","0",",C","0",",C","20000120",",,C","20000117",",2,C","20000114",",,C","20000114",",,C","20000117",",,C","-15.5",",C,20,","430","2,,C,17,","170",",,C,14,","17.0",",,C,14,","4.0",",C,17,","2372.7","C","651.1",",C","104.1",",,,C","916",",,,C","-2.67",",C","0.21",",,,C","-5.55",",,,C"
"CA001142574","2000-02","50.2333","-116.9667","549.0","DUNCAN LAKE DAM, BC CA","0.0","C","0.0",",C","14",",C","7",",C","0",",C","29",",C","2",",C","0",",C","28",",C","2",",C","0",",C","0",",C","20000220",",,C","20000201",",,C","20000221",",,C","20000208",",,C","20000229",",,C","-13.5",",C,20,","400",",,C,01,","80",",,C,21,","15.0",",,C,08,","7.0",",C,29,","2924.6","C","551.9",",C","62.3",",,,C","195",",,,C","-0.70",",C","3.36",",,,C","-4.76",",,,C"
"CA001142574","2000-03","50.2333","-116.9667","549.0","DUNCAN LAKE DAM, BC CA","","","","","20",",C","7",",C","0",",C","9","2,C","1",",C","","","","","0","1,C","0","1,C","0","1,C","","","20000301",",2,C","20000313",",,C","20000303",",,C","20000330",",1,C","","","250","2,,C,01,","45",",,C,13,","13.0",",,C,03,","14.0","1,C,30,","","","","","67.0",",,,C","65",",,,C","","","8.08","1,,,C","",""
"CA001142574","2000-04","50.2333","-116.9667","549.0","DUNCAN LAKE DAM, BC CA","","","0.0",",C","21",",C","16",",C","0",",C","0","4,C","2",",C","0",",C","14",",C","0",",C","0",",C","0",",C","20000408","+,,C","20000430","+,4,C","20000414",",,C","20000413",",,C","20000427",",,C","-3.5",",C,08,+","0","4,,C,30,+","150",",,C,14,","19.0",",,C,13,","20.0",",C,27,","","","338.0",",C","118.0",",,,C","240",",,,C","7.07",",C","13.53",",,,C","0.60",",,,C"
"CA001142574","2000-05","50.2333","-116.9667","549.0","DUNCAN LAKE DAM, BC CA","","","0.0",",C","20",",C","9",",C","0",",C","0",",C","0",",C","0",",C","3",",C","0",",C","4",",C","0",",C","20000508",",,C","20000531","+,,C","20000531","+,,C","20000509",",,C","20000516",",,C","-2.5",",C,08,","0",",,C,31,+","0",",,C,31,+","12.4",",,C,09,","25.0",",C,16,","","","233.8",",C","68.0",",,,C","0",",,,C","10.79",",C","17.23",",,,C","4.35",",,,C"
"CA001142574","2000-06","50.2333","-116.9667","549.0","DUNCAN LAKE DAM, BC CA","","","0.0",",C","14","1,C","8","1,C","0","1,C","0",",C","0",",C","0",",C","1",",C","0",",C","14",",C","0",",C","20000601",",,C","20000630","+,,C","20000630","+,,C","20000602",",1,C","20000627",",,C","0.0",",C,01,","0",",,C,30,+","0",",,C,30,+","15.0","1,,C,02,","29.0",",C,27,","","","123.0",",C","59.3","1,,,C","0",",,,C","14.23",",C","21.12",",,,C","7.35",",,,C"
"CA001142574","2000-07","50.2333","-116.9667","549.0","DUNCAN LAKE DAM, BC CA","","","23.7",",C","12",",C","7",",C","0",",C","0",",C","0",",C","0",",C","0",",C","0",",C","25",",C","1",",C","20000703",",,C","20000731","+,,C","20000731","+,,C","20000701",",,C","20000730",",,C","5.0",",C,03,","0",",,C,31,+","0",",,C,31,+","10.0",",,C,01,","33.5",",C,30,","43.7","C","43.7",",C","51.5",",,,C","0",",,,C","17.69",",C","25.71",",,,C","9.66",",,,C"
"CA001142574","2000-08","50.2333","-116.9667","549.0","DUNCAN LAKE DAM, BC CA","","","13.8",",C","10",",C","3",",C","0",",C","0",",C","0",",C","0",",C","0",",C","0",",C","25",",C","1",",C","20000828",",,C","20000831","+,,C","20000831","+,,C","20000819",",,C","20000809",",,C","0.5",",C,28,","0",",,C,31,+","0",",,C,31,+","9.2",",,C,19,","33.5",",C,09,","112.8","C","69.1",",C","22.1",",,,C","0",",,,C","16.55",",C","25.39",",,,C","7.71",",,,C"
"CA001142574","2000-09","50.2333","-116.9667","549.0","DUNCAN LAKE DAM, BC CA","","","0.0",",C","17",",C","6",",C","0",",C","0",",C","0",",C","0",",C","8",",C","0",",C","6",",C","0",",C","20000923",",,C","20000930","+,,C","20000930","+,,C","20000929",",,C","20000917",",,C","-5.0",",C,23,","0",",,C,30,+","0",",,C,30,+","14.6",",,C,29,","24.0",",C,17,","327.0","C","214.2",",C","62.5",",,,C","0",",,,C","11.19",",C","17.77",",,,C","4.62",",,,C"
"CA001142574","2000-10","50.2333","-116.9667","549.0","DUNCAN LAKE DAM, BC CA","","","0.0","1,C","12",",C","5",",C","0",",C","0",",C","0",",C","0","1,C","9","1,C","0",",C","0",",C","0",",C","20001007",",1,C","20001031","+,,C","20001031","+,,C","20001020",",,C","20001011","+,,C","-5.0","1,C,07,","0",",,C,31,+","0",",,C,31,+","14.4",",,C,20,","19.0",",C,11,+","664.2","C","337.2",",C","52.0",",,,C","0",",,,C","7.11","1,C","12.66",",,,C","1.57","1,,,C"
"CA001142574","2000-11","50.2333","-116.9667","549.0","DUNCAN LAKE DAM, BC CA","","","0.0","1,C","11",",C","6",",C","0",",C","","","2",",C","0","1,C","27","1,C","0",",C","0",",C","0",",C","20001123","+,1,C","","","20001123",",,C","20001104",",,C","20001101",",,C","-9.0","1,C,23,+","","","90",",,C,23,","10.6",",,C,04,","9.0",",C,01,","1207.4","C","543.2",",C","43.5",",,,C","152",",,,C","-0.30","1,C","3.62",",,,C","-4.22","1,,,C"
"CA001142574","2000-12","50.2333","-116.9667","549.0","DUNCAN LAKE DAM, BC CA","","","0.0",",C","15",",C","6",",C","0",",C","23","1,C","5",",C","0",",C","30",",C","20",",C","0",",C","0",",C","20001216","+,,C","20001217",",1,C","20001216",",,C","20001216",",,C","20001227","+,,C","-17.0",",C,16,+","390","1,,C,17,","200",",,C,16,","20.0",",,C,16,","5.0",",C,27,+","1910.0","C","702.6",",C","70.4",",,,C","645",",,,C","-4.33",",C","-1.47",",,,C","-7.19",",,,C"
"CA001142574","2001-01","50.2333","-116.9667","549.0","DUNCAN LAKE DAM, BC CA","0.0","C","0.0","3,C","13",",C","4",",C","0",",C","28","3,C","4",",C","0","2,C","29","2,C","16","1,C","0","1,C","0","1,C","20010124",",2,C","20010131",",3,C","20010121",",,C","20010121",",,C","20010105",",1,C","-15.0","2,C,24,","320","3,,C,31,","53",",,C,21,","5.3",",,C,21,","6.0","1,C,05,","2504.1","C","594.1","1,C","29.8",",,,C","266",",,,C","-3.01","3,C","0.23","1,,,C","-6.26","2,,,C"
"CA001142574","2001-02","50.2333","-116.9667","549.0","DUNCAN LAKE DAM, BC CA","0.0","C","0.0",",C","9",",C","3",",C","0",",C","27","1,C","3",",C","0",",C","27",",C","10",",C","0",",C","0",",C","20010208",",,C","20010201",",1,C","20010223","+,,C","20010223","+,,C","20010221",",,C","-16.0",",C,08,","300","1,,C,01,","40",",,C,23,+","4.0",",,C,23,+","6.5",",C,21,","3094.9","C","590.8",",C","20.0",",,,C","146",",,,C","-2.77",",C","1.82",",,,C","-7.36",",,,C"
"CA001142574","2001-03","50.2333","-116.9667","549.0","DUNCAN LAKE DAM, BC CA","0.0","C","0.0",",C","15",",C","8",",C","0",",C","13",",C","1",",C","0",",C","25",",C","0",",C","0",",C","0",",C","20010304",",,C","20010301",",,C","20010304",",,C","20010318",",,C","20010324",",,C","-8.5",",C,04,","240",",,C,01,","30",",,C,04,","9.4",",,C,18,","16.0",",C,24,","3563.0","C","468.1",",C","40.0",",,,C","50",",,,C","3.23",",C","8.24",",,,C","-1.77",",,,C"
"CA001142574","2001-04","50.2333","-116.9667","549.0","DUNCAN LAKE DAM, BC CA","0.0","C","0.0",",C","18",",C","8",",C","0",",C","0",",C","0",",C","0",",C","9",",C","0",",C","0",",C","0",",C","20010412",",,C","20010430","+,,C","20010430","+,,C","20010427",",,C","20010426",",,C","-5.5",",C,12,","0",",,C,30,+","0",",,C,30,+","16.0",",,C,27,","21.0",",C,26,","3917.7","C","354.7",",C","51.8",",,,C","0",",,,C","6.51",",C","12.23",",,,C","0.78",",,,C"
"CA001142574","2001-05","50.2333","-116.9667","549.0","DUNCAN LAKE DAM, BC CA","2.8","C","2.8",",C","15",",C","6",",C","0",",C","0",",C","0",",C","0",",C","4",",C","0",",C","9",",C","0",",C","20010503",",,C","20010531","+,,C","20010531","+,,C","20010524",",,C","20010527",",,C","-3.0",",C,03,","0",",,C,31,+","0",",,C,31,+","11.8",",,C,24,","30.5",",C,27,","4116.0","C","198.3",",C","50.3",",,,C","0",",,,C","12.02",",C","19.34",",,,C","4.71",",,,C"
"CA001142574","2001-06","50.2333","-116.9667","549.0","DUNCAN LAKE DAM, BC CA","4.5","C","1.7",",C","18","2,C","7","2,C","0","2,C","0",",C","0",",C","0",",C","0",",C","0",",C","9",",C","0",",C","20010619",",,C","20010630","+,,C","20010630","+,,C","20010628",",2,C","20010622","+,,C","3.0",",C,19,","0",",,C,30,+","0",",,C,30,+","16.0","2,,C,28,","27.5",",C,22,+","4255.4","C","139.4",",C","81.4",",a,,C","0",",,,C","13.74",",C","20.15",",,,C","7.33",",,,C"
"CA001142574","2001-07","50.2333","-116.9667","549.0","DUNCAN LAKE DAM, BC CA","27.1","C","22.6",",C","11",",C","4",",C","0",",C","0",",C","0",",C","0",",C","0",",C","0",",C","25",",C","2",",C","20010730",",,C","20010731","+,,C","20010731","+,,C","20010721",",,C","20010710",",,C","5.0",",C,30,","0",",,C,31,+","0",",,C,31,+","11.6",",,C,21,","33.5",",C,10,","47.2","C","47.2",",C","37.3",",,,C","0",",,,C","17.54",",C","25.58",",,,C","9.50",",,,C"
"CA001142574","2001-08","50.2333","-116.9667","549.0","DUNCAN LAKE DAM, BC CA","52.8","C","25.7",",C","5",",C","1",",C","1",",C","0",",C","0",",C","0",",C","0",",C","0",",C","28",",C","5",",C","20010825",",,C","20010831","+,,C","20010831","+,,C","20010823",",,C","20010815",",,C","5.5",",C,25,","0",",,C,31,+","0",",,C,31,+","33.2",",,C,23,","34.0",",C,15,","68.9","C","21.7",",C","38.1",",,,C","0",",,,C","18.46",",C","27.89",",,,C","9.03",",,,C"
"CA001142574","2001-09","50.2333","-116.9667","549.0","DUNCAN LAKE DAM, BC CA","52.8","C","0.0","1,C","10",",C","6",",C","0",",C","0",",C","0",",C","0","1,C","0","1,C","0",",C","16",",C","0",",C","20010908",",1,C","20010930","+,,C","20010930","+,,C","20010906",",,C","20010914",",,C","0.5","1,C,08,","0",",,C,30,+","0",",,C,30,+","8.2",",,C,06,","28.5",",C,14,","214.3","C","145.4",",C","38.7",",,,C","0",",,,C","13.24","1,C","21.45",",,,C","5.03","1,,,C"
"CA001142574","2001-10","50.2333","-116.9667","549.0","DUNCAN LAKE DAM, BC CA","52.8","C","0.0",",C","19",",C","10",",C","0",",C","0",",C","0",",C","0",",C","12",",C","0",",C","0",",C","0",",C","20011015","+,,C","20011031","+,,C","20011031","+,,C","20011022",",,C","20011003",",,C","-4.0",",C,15,+","0",",,C,31,+","0",",,C,31,+","9.0",",,C,22,","19.5",",C,03,","603.6","C","389.3",",C","73.3",",,,C","0",",,,C","5.77",",C","10.79",",,,C","0.76",",,,C"
"CA001142574","2001-11","50.2333","-116.9667","549.0","DUNCAN LAKE DAM, BC CA","52.8","C","0.0",",C","17",",C","9",",C","0",",C","2",",C","2",",C","0",",C","16",",C","0",",C","0",",C","0",",C","20011119",",,C","20011130",",,C","20011128",",,C","20011114",",,C","20011116","+,,C","-6.0",",C,19,","110",",,C,30,","60",",,C,28,","13.6",",,C,14,","12.0",",C,16,+","1035.3","C","431.7",",C","61.0",",,,C","130",",,,C","3.94",",C","7.22",",,,C","0.67",",,,C"
"CA001142574","2001-12","50.2333","-116.9667","549.0","DUNCAN LAKE DAM, BC CA","52.8","C","0.0",",C","18",",C","10",",C","0",",C","24","1,C","7",",C","0",",C","26",",C","15",",C","0",",C","0",",C","20011224","+,,C","20011214",",1,C","20011212",",,C","20011213",",,C","20011202",",,C","-13.0",",C,24,+","130","1,,C,14,","110",",,C,12,","24.0",",,C,13,","6.5",",C,02,","1676.1","C","640.8",",C","92.0",",,,C","480",",,,C","-2.34",",C","-0.08",",,,C","-4.60",",,,C"
"CA001142574","2002-01","50.2333","-116.9667","549.0","DUNCAN LAKE DAM, BC CA","0.0","C","0.0",",C","20","2,C","12","2,C","0","2,C","13","2,C","5",",C","0",",C","26",",C","14",",C","0",",C","0",",C","20020102",",,C","20020122","+,2,C","20020118",",,C","20020107",",2,C","20020107",",,C","-16.0",",C,02,","100","2,,C,22,+","64",",,C,18,","17.4","2,,C,07,","8.0",",C,07,","2322.2","C","646.1",",C","81.6",",a,,C","290",",a,,C","-2.51",",C","0.66",",,,C","-5.68",",,,C"
"CA001142574","2002-02","50.2333","-116.9667","549.0","DUNCAN LAKE DAM, BC CA","0.0","C","0.0",",C","13",",C","7",",C","1",",C","14",",C","4",",C","0",",C","27",",C","5",",C","0",",C","0",",C","20020225",",,C","20020228",",,C","20020221",",,C","20020221",",,C","20020220",",,C","-13.5",",C,25,","100",",,C,28,","100",",,C,21,","40.0",",,C,21,","8.0",",C,20,","2862.8","C","540.6",",C","91.9",",,,C","297",",,,C","-0.97",",C","2.63",",,,C","-4.57",",,,C"
"CA001142574","2002-03","50.2333","-116.9667","549.0","DUNCAN LAKE DAM, BC CA","0.0","C","0.0",",C","14","3,C","7","3,C","0","3,C","13","2,C","3","2,C","1",",C","27",",C","8",",C","0",",C","0",",C","20020321",",,C","20020320",",2,C","20020316",",2,C","20020311",",3,C","20020325",",,C","-18.0",",C,21,","110","2,,C,20,","50","2,,C,16,","10.6","3,,C,11,","12.5",",C,25,","3440.1","C","577.3",",C","51.9","3,,,C","180","2,,,C","-0.29",",C","4.13",",,,C","-4.71",",,,C"
"CA001142574","2002-04","50.2333","-116.9667","549.0","DUNCAN LAKE DAM, BC CA","0.0","C","0.0","1,C","12",",C","5",",C","0",",C","0",",C","0",",C","0","1,C","18","1,C","0",",C","0",",C","0",",C","20020408",",1,C","20020430","+,,C","20020430","+,,C","20020413",",,C","20020430","+,,C","-5.0","1,C,08,","0",",,C,30,+","0",",,C,30,+","12.4",",,C,13,","21.0",",C,30,+","3780.5","C","340.4",",C","43.4",",,,C","0",",,,C","6.53","1,C","13.53",",,,C","-0.47","1,,,C"
"CA001142574","2002-05","50.2333","-116.9667","549.0","DUNCAN LAKE DAM, BC CA","0.0","C","0.0",",C","19",",C","9",",C","2",",C","0",",C","0",",C","0",",C","9",",C","0",",C","4",",C","0",",C","20020508",",,C","20020531","+,,C","20020506","+,,C","20020521",",,C","20020513",",,C","-4.0",",C,08,","0",",,C,31,+","0",",T,C,06,+","42.4",",,C,21,","23.5",",C,13,","4043.3","C","262.8",",C","139.8",",,,C","0",",T,,C","9.85",",C","16.27",",,,C","3.44",",,,C"
"CA001142574","2002-06","50.2333","-116.9667","549.0","DUNCAN LAKE DAM, BC CA","6.9","C","6.9",",C","17",",C","9",",C","0",",C","0",",C","0",",C","0",",C","0",",C","0",",C","19",",C","1",",C","20020607",",,C","20020630","+,,C","20020630","+,,C","20020618",",,C","20020626",",,C","1.0",",C,07,","0",",,C,30,+","0",",,C,30,+","14.6",",,C,18,","32.5",",C,26,","4132.0","C","88.7",",C","65.2",",,,C","0",",,,C","15.61",",C","22.92",",,,C","8.30",",,,C"
"CA001142574","2002-07","50.2333","-116.9667","549.0","DUNCAN LAKE DAM, BC CA","39.8","C","32.9","1,C","10",",C","4",",C","0",",C","0",",C","0",",C","0","1,C","0","1,C","0",",C","26",",C","1",",C","20020706","+,1,C","20020731","+,,C","20020731","+,,C","20020708",",,C","20020712",",,C","4.5","1,C,06,+","0",",,C,31,+","0",",,C,31,+","25.2",",,C,08,","33.0",",C,12,","35.7","C","35.7",",C","52.6",",,,C","0",",,,C","18.17","1,C","26.47",",,,C","9.87","1,,,C"
"CA001142574","2002-08","50.2333","-116.9667","549.0","DUNCAN LAKE DAM, BC CA","44.7","C","4.9",",C","9","2,C","4","2,C","0","2,C","0",",C","0",",C","0",",C","0",",C","0",",C","27",",C","0",",C","20020817",",,C","20020831","+,,C","20020831","+,,C","20020815",",2,C","20020813",",,C","3.0",",C,17,","0",",,C,31,+","0",",,C,31,+","8.2","2,,C,15,","32.0",",C,13,","109.4","C","73.7",",C","30.7",",a,,C","0",",,,C","16.11",",C","25.19",",,,C","7.03",",,,C"
"CA001142574","2002-09","50.2333","-116.9667","549.0","DUNCAN LAKE DAM, BC CA","44.7","C","0.0",",C","12",",C","5",",C","0",",C","0",",C","0",",C","0",",C","1",",C","0",",C","6",",C","0",",C","20020921",",,C","20020930","+,,C","20020930","+,,C","20020930",",,C","20020912",",,C","-1.0",",C,21,","0",",,C,30,+","0",",,C,30,+","14.2",",,C,30,","26.5",",C,12,","299.9","C","190.5",",C","60.4",",,,C","0",",,,C","11.98",",C","18.90",",,,C","5.07",",,,C"
"CA001142574","2002-10","50.2333","-116.9667","549.0","DUNCAN LAKE DAM, BC CA","44.7","C","0.0","1,C","7",",C","1",",C","0",",C","0",",C","0",",C","0","1,C","23","1,C","0",",C","0",",C","0",",C","20021031","+,1,C","20021031","+,,C","20021031","+,,C","20021028",",,C","20021007",",,C","-10.0","1,C,31,+","0",",,C,31,+","0",",,C,31,+","7.7",",,C,28,","17.5",",C,07,","724.4","C","424.5",",C","14.8",",,,C","0",",,,C","4.24","1,C","11.35",",,,C","-2.88","1,,,C"
"CA001142574","2002-11","50.2333","-116.9667","549.0","DUNCAN LAKE DAM, BC CA","44.7","C","0.0",",C","18",",C","6",",C","0",",C","0","1,C","0",",C","0",",C","14",",C","0",",C","0",",C","0",",C","20021125","+,,C","20021106",",1,C","20021105",",,C","20021108",",,C","20021122",",,C","-8.0",",C,25,+","20","1,,C,06,","20",",,C,05,","9.0",",,C,08,","9.5",",C,22,","1211.6","C","487.2",",C","44.6",",,,C","20",",,,C","2.09",",C","5.15",",,,C","-0.97",",,,C"
"CA001142574","2002-12","50.2333","-116.9667","549.0","DUNCAN LAKE DAM, BC CA","44.7","C","0.0",",C","16",",C","8",",C","0",",C","4",",C","3",",C","0",",C","25",",C","9",",C","0",",C","0",",C","20021230",",,C","20021231",",,C","20021227",",,C","20021214",",,C","20021215",",,C","-9.5",",C,30,","130",",,C,31,","60",",,C,27,","21.0",",,C,14,","8.5",",C,15,","1781.9","C","570.3",",C","70.8",",,,C","190",",,,C","-0.06",",C","2.23",",,,C","-2.35",",,,C"
"CA001142574","2003-01","50.2333","-116.9667","549.0","DUNCAN LAKE DAM, BC CA","0.0","C","0.0",",C","18",",C","11",",C","0",",C","30","1,C","7",",C","0",",C","29",",C","12",",C","0",",C","0",",C","20030110",",,C","20030124",",1,C","20030123",",,C","20030123",",,C","20030103",",,C","-12.0",",C,10,","380","1,,C,24,","150",",,C,23,","15.0",",,C,23,","5.5",",C,03,","2395.5","C","613.6",",C","96.3",",,,C","643",",,,C","-1.46",",C","0.95",",,,C","-3.87",",,,C"
"CA001142574","2003-02","50.2333","-116.9667","549.0","DUNCAN LAKE DAM, BC CA","0.0","C","0.0",",C","7",",C","3",",C","0",",C","28",",C","1",",C","0",",C","26",",C","4",",C","0",",C","0",",C","20030224",",,C","20030203",",,C","20030202",",,C","20030216",",,C","20030215",",,C","-14.0",",C,24,","220",",,C,03,","30",",,C,02,","7.2",",,C,16,","8.0",",C,15,","2936.3","C","540.8",",C","19.0",",,,C","60",",,,C","-0.98",",C","3.68",",,,C","-5.64",",,,C"
"CA001142574","2003-03","50.2333","-116.9667","549.0","DUNCAN LAKE DAM, BC CA","0.0","C","0.0",",C","22",",C","12",",C","0",",C","11",",C","1",",C","0",",C","21",",C","3",",C","0",",C","0",",C","20030307",",,C","20030310",",,C","20030309",",,C","20030312",",,C","20030331",",,C","-9.5",",C,07,","170",",,C,10,","130",",,C,09,","25.0",",,C,12,","13.0",",C,31,","3419.6","C","483.3",",C","120.0",",,,C","220",",,,C","2.74",",C","7.05",",,,C","-1.56",",,,C"
"CA001142574","2003-04","50.2333","-116.9667","549.0","DUNCAN LAKE DAM, BC CA","0.0","C","0.0",",C","19",",C","7",",C","0",",C","0","2,C","0",",C","0",",C","8",",C","0",",C","1",",C","0",",C","20030410",",,C","20030430","+,2,C","20030403",",,C","20030426",",,C","20030421",",,C","-2.5",",C,10,","0","2,,C,30,+","20",",,C,03,","17.4",",,C,26,","22.5",",C,21,","3742.3","C","322.7",",C","56.5",",,,C","20",",,,C","7.58",",C","13.25",",,,C","1.90",",,,C"
"CA001142574","2003-05","50.2333","-116.9667","549.0","DUNCAN LAKE DAM, BC CA","0.0","C","0.0",",C","16",",C","5",",C","0",",C","0",",C","0",",C","0",",C","4",",C","0",",C","7",",C","0",",C","20030519",",,C","20030531","+,,C","20030531","+,,C","20030525","+,,C","20030524",",,C","-2.0",",C,19,","0",",,C,31,+","0",",,C,31,+","11.6",",,C,25,+","28.5",",C,24,","3968.9","C","226.6",",C","51.3",",,,C","0",",,,C","11.02",",C","17.39",",,,C","4.66",",,,C"
"CA001142574","2003-06","50.2333","-116.9667","549.0","DUNCAN LAKE DAM, BC CA","3.7","C","3.7",",C","14",",C","7",",C","0",",C","0",",C","0",",C","0",",C","0",",C","0",",C","22",",C","0",",C","20030603",",,C","20030630","+,,C","20030630","+,,C","20030601",",,C","20030629",",,C","2.0",",C,03,","0",",,C,30,+","0",",,C,30,+","11.0",",,C,01,","32.0",",C,29,","4046.6","C","77.7",",C","51.5",",,,C","0",",,,C","15.87",",C","23.67",",,,C","8.07",",,,C"
"CA001142574","2003-07","50.2333","-116.9667","549.0","DUNCAN LAKE DAM, BC CA","61.4","C","57.7",",C","5",",C","2",",C","0",",C","0",",C","0",",C","0",",C","0",",C","0",",C","29",",C","12",",C","20030725",",,C","20030731","+,,C","20030731","+,,C","20030713",",,C","20030730","+,,C","4.0",",C,25,","0",",,C,31,+","0",",,C,31,+","5.0",",,C,13,","36.0",",C,30,+","26.7","C","26.7",",C","12.3",",,,C","0",",,,C","19.33",",C","29.65",",,,C","9.02",",,,C"
"CA001142574","2003-08","50.2333","-116.9667","549.0","DUNCAN LAKE DAM, BC CA","88.8","C","27.4",",C","6",",C","2",",C","0",",C","0",",C","0",",C","0",",C","0",",C","0",",C","31",",C","3",",C","20030824",",,C","20030831","+,,C","20030831","+,,C","20030822",",,C","20030801",",,C","4.0",",C,24,","0",",,C,31,+","0",",,C,31,+","8.0",",,C,22,","35.5",",C,01,","49.4","C","22.7",",C","16.6",",,,C","0",",,,C","18.48",",C","28.24",",,,C","8.73",",,,C"
"CA001142574","2003-09","50.2333","-116.9667","549.0","DUNCAN LAKE DAM, BC CA","89.0","C","0.2",",C","14",",C","7",",C","0",",C","0",",C","0",",C","0",",C","1",",C","0",",C","11",",C","0",",C","20030924",",,C","20030930","+,,C","20030930","+,,C","20030908",",,C","20030906","+,,C","0.0",",C,24,","0",",,C,30,+","0",",,C,30,+","20.0",",,C,08,","29.0",",C,06,+","205.6","C","156.2",",C","60.6",",,,C","0",",,,C","13.13",",C","20.40",",,,C","5.87",",,,C"
"CA001142574","2003-10","50.2333","-116.9667","549.0","DUNCAN LAKE DAM, BC CA","89.0","C","0.0",",C","18",",C","11",",C","2",",C","0",",C","0",",C","0",",C","7",",C","0",",C","5",",C","0",",C","20031031",",,C","20031031","+,,C","20031031",",,C","20031020",",,C","20031004",",,C","-10.0",",C,31,","0",",,C,31,+","0",",T,C,31,","35.8",",,C,20,","22.5",",C,04,","523.7","C","318.1",",C","124.8",",,,C","0",",T,,C","8.07",",C","13.05",",,,C","3.10",",,,C"
"CA001142574","2003-11","50.2333","-116.9667","549.0","DUNCAN LAKE DAM, BC CA","89.0","C","0.0",",C","14",",C","9",",C","0",",C","8",",C","3",",C","0",",C","25",",C","6",",C","0",",C","0",",C","20031105",",,C","20031126",",,C","20031123",",,C","20031128",",,C","20031111",",,C","-13.0",",C,05,","260",",,C,26,","190",",,C,23,","25.3",",,C,28,","7.0",",C,11,","1111.7","C","588.0",",C","103.9",",,,C","340",",,,C","-1.27",",C","2.25",",,,C","-4.78",",,,C"
"CA001142574","2003-12","50.2333","-116.9667","549.0","DUNCAN LAKE DAM, BC CA","89.0","C","0.0",",C","20",",C","11",",C","0",",C","30","1,C","8",",C","0",",C","30",",C","17",",C","0",",C","0",",C","20031210",",,C","20031231",",1,C","20031230",",,C","20031230",",,C","20031217",",,C","-16.5",",C,10,","480","1,,C,31,","160",",,C,30,","16.0",",,C,30,","4.0",",C,17,","1781.0","C","669.3",",C","83.5",",,,C","638",",,,C","-3.26",",C","-0.69",",,,C","-5.82",",,,C"
"CA001142574","2004-01","50.2333","-116.9667","549.0","DUNCAN LAKE DAM, BC CA","0.0","C","0.0",",C","23",",C","12",",C","0",",C","31",",C","8",",C","4",",C","30",",C","13",",C","0",",C","0",",C","20040105","+,,C","20040130",",,C","20040124",",,C","20040124",",,C","20040130",",,C","-24.0",",C,05,+","700",",,C,30,","180",",,C,24,","18.0",",,C,24,","5.0",",C,30,","2459.6","C","678.6",",C","122.8",",,,C","929",",,,C","-3.56",",C","-1.02",",,,C","-6.10",",,,C"
"CA001142574","2004-02","50.2333","-116.9667","549.0","DUNCAN LAKE DAM, BC CA","0.0","C","0.0",",C","13",",C","4",",C","0",",C","29",",C","3",",C","0",",C","28",",C","6",",C","0",",C","0",",C","20040202",",,C","20040215","+,,C","20040206",",,C","20040206",",,C","20040225",",,C","-14.5",",C,02,","550",",,C,15,+","48",",,C,06,","4.8",",,C,06,","9.0",",C,25,","3030.0","C","570.4",",C","28.3",",,,C","124",",,,C","-1.34",",C","3.24",",,,C","-5.91",",,,C"
"CA001142574","2004-03","50.2333","-116.9667","549.0","DUNCAN LAKE DAM, BC CA","0.0","C","0.0",",C","18",",C","8",",C","0",",C","20",",C","0",",C","0",",C","24",",C","0",",C","0",",C","0",",C","20040303",",,C","20040307","+,,C","20040306",",,C","20040307",",,C","20040330",",,C","-7.5",",C,03,","320",",,C,07,+","22",",,C,06,","12.0",",,C,07,","18.5",",C,30,","3482.1","C","452.1",",C","64.2",",,,C","52",",,,C","3.75",",C","9.11",",,,C","-1.61",",,,C"
"CA001142574","2004-04","50.2333","-116.9667","549.0","DUNCAN LAKE DAM, BC CA","0.0","C","0.0",",C","9",",C","2",",C","0",",C","0",",C","0",",C","0",",C","17",",C","0",",C","2",",C","0",",C","20040403","+,,C","20040430","+,,C","20040430","+,,C","20040427",",,C","20040430",",,C","-3.0",",C,03,+","0",",,C,30,+","0",",,C,30,+","7.6",",,C,27,","24.0",",C,30,","3764.3","C","282.2",",C","21.4",",,,C","0",",,,C","8.93",",C","17.27",",,,C","0.58",",,,C"
"CA001142574","2004-05","50.2333","-116.9667","549.0","DUNCAN LAKE DAM, BC CA","0.0","C","0.0",",C","18",",C","9",",C","0",",C","0",",C","0",",C","0",",C","1",",C","0",",C","6",",C","0",",C","20040514",",,C","20040531","+,,C","20040531","+,,C","20040521",",,C","20040518",",,C","0.0",",C,14,","0",",,C,31,+","0",",,C,31,+","9.6",",,C,21,","27.0",",C,18,","3963.1","C","198.8",",C","50.7",",,,C","0",",,,C","11.92",",C","18.44",",,,C","5.40",",,,C"
"CA001142574","2004-06","50.2333","-116.9667","549.0","DUNCAN LAKE DAM, BC CA","11.9","C","11.9",",C","14",",C","7",",C","0",",C","0",",C","0",",C","0",",C","0",",C","0",",C","18",",C","0",",C","20040616","+,,C","20040630","+,,C","20040630","+,,C","20040605",",,C","20040624","+,,C","2.5",",C,16,+","0",",,C,30,+","0",",,C,30,+","12.2",",,C,05,","31.0",",C,24,+","4050.5","C","87.4",",C","47.1",",,,C","0",",,,C","15.82",",C","23.57",",,,C","8.07",",,,C"
"CA001142574","2004-07","50.2333","-116.9667","549.0","DUNCAN LAKE DAM, BC CA","51.2","C","39.3",",C","10",",C","4",",C","0",",C","0",",C","0",",C","0",",C","0",",C","0",",C","28",",C","3",",C","20040710",",,C","20040731","+,,C","20040731","+,,C","20040719",",,C","20040717",",,C","6.0",",C,10,","0",",,C,31,+","0",",,C,31,+","15.4",",,C,19,","33.0",",C,17,","21.4","C","21.4",",C","39.1",",,,C","0",",,,C","18.91",",C","27.26",",,,C","10.56",",,,C"
"CA001142574","2004-08","50.2333","-116.9667","549.0","DUNCAN LAKE DAM, BC CA","88.4","C","37.2",",C","13",",C","10",",C","1",",C","0",",C","0",",C","0",",C","0",",C","0",",C","23",",C","5",",C","20040809",",,C","20040831","+,,C","20040831","+,,C","20040821",",,C","20040814",",,C","7.0",",C,09,","0",",,C,31,+","0",",,C,31,+","26.0",",,C,21,","35.0",",C,14,","47.1","C","25.7",",C","84.9",",,,C","0",",,,C","18.70",",C","26.00",",,,C","11.40",",,,C"
"CA001142574","2004-09","50.2333","-116.9667","549.0","DUNCAN LAKE DAM, BC CA","88.4","C","0.0",",C","18",",C","11",",C","0",",C","0",",C","0",",C","0",",C","0",",C","0",",C","3",",C","0",",C","20040920",",,C","20040930","+,,C","20040930","+,,C","20040917",",,C","20040927",",,C","1.0",",C,20,","0",",,C,30,+","0",",,C,30,+","21.4",",,C,17,","22.5",",C,27,","230.3","C","183.2",",C","92.4",",,,C","0",",,,C","12.23",",C","17.65",",,,C","6.80",",,,C"
"CA001142574","2004-10","50.2333","-116.9667","549.0","DUNCAN LAKE DAM, BC CA","88.4","C","0.0",",C","16",",C","7",",C","0",",C","0",",C","0",",C","0",",C","11",",C","0",",C","0",",C","0",",C","20041028","+,,C","20041031","+,,C","20041023",",,C","20041017",",,C","20041012","+,,C","-4.0",",C,28,+","0",",,C,31,+","0",",T,C,23,","8.9",",,C,17,","18.0",",C,12,+","575.6","C","345.3",",C","48.1",",,,C","0",",T,,C","7.19",",C","12.34",",,,C","2.05",",,,C"
"CA001142574","2004-11","50.2333","-116.9667","549.0","DUNCAN LAKE DAM, BC CA","88.4","C","0.0",",C","15",",C","10",",C","0",",C","8",",C","3",",C","0",",C","22",",C","0",",C","0",",C","0",",C","20041129","+,,C","20041125",",,C","20041124",",,C","20041101",",,C","20041117",",,C","-6.0",",C,29,+","120",",,C,25,","90",",,C,24,","14.8",",,C,01,","8.5",",C,17,","1080.1","C","504.5",",C","71.0",",,,C","176",",,,C","1.52",",C","4.48",",,,C","-1.45",",,,C"
"CA001142574","2004-12","50.2333","-116.9667","549.0","DUNCAN LAKE DAM, BC CA","88.4","C","0.0",",C","23",",C","13",",C","0",",C","18",",C","6",",C","0",",C","27",",C","11",",C","0",",C","0",",C","20041223","+,,C","20041231",",,C","20041225",",,C","20041225",",,C","20041210",",,C","-9.0",",C,23,+","220",",,C,31,","145",",,C,25,","14.5",",,C,25,","7.0",",C,10,","1661.2","C","581.1",",C","88.4",",,,C","475",",,,C","-0.41",",C","1.95",",,,C","-2.77",",,,C"
"CA001142574","2005-01","50.2333","-116.9667","549.0","DUNCAN LAKE DAM, BC CA","0.0","C","0.0",",C","20",",C","10",",C","0",",C","31",",C","4",",C","3",",C","26",",C","17",",C","0",",C","0",",C","20050114",",,C","20050118",",,C","20050117",",,C","20050118","+,,C","20050131","+,,C","-23.0",",C,14,","440",",,C,18,","240",",,C,17,","24.0",",,C,18,+","6.5",",C,31,+","2362.0","C","700.8",",C","122.8",",,,C","400",",,,C","-4.27",",C","-1.11",",,,C","-7.44",",,,C"
"CA001142574","2005-02","50.2333","-116.9667","549.0","DUNCAN LAKE DAM, BC CA","0.0","C","0.0",",C","5",",C","1",",C","0",",C","2","2,C","0",",C","0",",C","27",",C","1",",C","0",",C","0",",C","20050216",",,C","20050201",",2,C","20050219","+,,C","20050204",",,C","20050227",",,C","-12.0",",C,16,","70","2,,C,01,","20",",,C,19,+","5.0",",,C,04,","11.0",",C,27,","2911.8","C","549.8",",C","10.6",",,,C","50",",,,C","-1.30",",C","4.57",",,,C","-7.18",",,,C"
"CA001142574","2005-03","50.2333","-116.9667","549.0","DUNCAN LAKE DAM, BC CA","0.0","C","0.0",",C","16",",C","4",",C","0",",C","1",",C","1",",C","0",",C","28",",C","0",",C","0",",C","0",",C","20050310",",,C","20050320",",,C","20050319",",,C","20050327",",,C","20050312",",,C","-6.0",",C,10,","50",",,C,20,","50",",,C,19,","9.0",",,C,27,","14.5",",C,12,","3371.9","C","460.1",",C","34.2",",,,C","50",",,,C","3.49",",C","9.58",",,,C","-2.60",",,,C"
"CA001142574","2005-04","50.2333","-116.9667","549.0","DUNCAN LAKE DAM, BC CA","0.0","C","0.0",",C","9",",C","3",",C","0",",C","0",",C","0",",C","0",",C","13",",C","0",",C","6",",C","0",",C","20050430","+,,C","20050430","+,,C","20050430","+,,C","20050401",",,C","20050425",",,C","-4.0",",C,30,+","0",",,C,30,+","0",",,C,30,+","11.0",",,C,01,","26.5",",C,25,","3684.9","C","313.0",",C","33.0",",,,C","0",",,,C","7.90",",C","15.35",",,,C","0.45",",,,C"
"CA001142574","2005-05","50.2333","-116.9667","549.0","DUNCAN LAKE DAM, BC CA","0.2","C","0.2",",C","14",",C","7",",C","0",",C","0",",C","0",",C","0",",C","2",",C","0",",C","13",",C","0",",C","20050501",",,C","20050531","+,,C","20050531","+,,C","20050531",",,C","20050529","+,,C","-4.0",",C,01,","0",",,C,31,+","0",",,C,31,+","22.6",",,C,31,","31.0",",C,29,+","3853.1","C","168.2",",C","66.4",",,,C","0",",,,C","12.91",",C","20.63",",,,C","5.19",",,,C"
"CA001142574","2005-06","50.2333","-116.9667","549.0","DUNCAN LAKE DAM, BC CA","0.9","C","0.7",",C","23",",C","14",",C","0",",C","0",",C","0",",C","0",",C","0",",C","0",",C","9",",C","0",",C","20050616",",,C","20050630","+,,C","20050630","+,,C","20050617",",,C","20050621",",,C","3.0",",C,16,","0",",,C,30,+","0",",,C,30,+","25.0",",,C,17,","31.0",",C,21,","3973.0","C","119.9",",C","141.9",",,,C","0",",,,C","14.36",",C","19.82",",,,C","8.90",",,,C"
"CA001142574","2005-07","50.2333","-116.9667","549.0","DUNCAN LAKE DAM, BC CA","12.3","C","11.4",",C","10",",C","6",",C","0",",C","0",",C","0",",C","0",",C","0",",C","0",",C","30",",C","0",",C","20050726",",,C","20050731","+,,C","20050731","+,,C","20050706",",,C","20050731","+,,C","6.0",",C,26,","0",",,C,31,+","0",",,C,31,+","16.6",",,C,06,","30.5",",C,31,+","28.5","C","28.5",",C","60.9",",,,C","0",",,,C","17.78",",C","25.95",",,,C","9.61",",,,C"
"CA001142574","2005-08","50.2333","-116.9667","549.0","DUNCAN LAKE DAM, BC CA","20.1","C","7.8",",C","6",",C","2",",C","0",",C","0",",C","0",",C","0",",C","0",",C","0",",C","27",",C","0",",C","20050819",",,C","20050831","+,,C","20050831","+,,C","20050817",",,C","20050808",",,C","3.5",",C,19,","0",",,C,31,+","0",",,C,31,+","6.5",",,C,17,","31.5",",C,08,","82.7","C","54.2",",C","17.5",",,,C","0",",,,C","16.84",",C","26.13",",,,C","7.55",",,,C"
"CA001142574","2005-09","50.2333","-116.9667","549.0","DUNCAN LAKE DAM, BC CA","20.1","C","0.0",",C","16",",C","7",",C","1",",C","0",",C","0",",C","0",",C","4",",C","0",",C","6",",C","0",",C","20050928",",,C","20050930","+,,C","20050930","+,,C","20050929",",,C","20050904","+,,C","-1.0",",C,28,","0",",,C,30,+","0",",,C,30,+","32.0",",,C,29,","24.5",",C,04,+","279.7","C","197.0",",C","104.0",",,,C","0",",,,C","11.77",",C","18.53",",,,C","5.00",",,,C"
"CA001142574","2005-10","50.2333","-116.9667","549.0","DUNCAN LAKE DAM, BC CA","20.1","C","0.0",",C","18",",C","10",",C","1",",C","0",",C","0",",C","0",",C","4",",C","0",",C","0",",C","0",",C","20051021",",,C","20051031","+,,C","20051031","+,,C","20051017",",,C","20051001",",,C","-1.5",",C,21,","0",",,C,31,+","0",",,C,31,+","27.8",",,C,17,","16.0",",C,01,","603.3","C","323.6",",C","99.0",",,,C","0",",,,C","7.90",",C","12.24",",,,C","3.55",",,,C"
"CA001142574","2005-11","50.2333","-116.9667","549.0","DUNCAN LAKE DAM, BC CA","20.1","C","0.0","1,C","20",",C","8",",C","0",",C","5",",C","1",",C","0",",C","17",",C","1","1,C","0","1,C","0","1,C","20051130","+,,C","20051128","+,,C","20051125",",,C","20051113",",,C","20051110","+,1,C","-5.0",",C,30,+","90",",,C,28,+","90",",,C,25,","14.1",",,C,13,","8.5","1,C,10,+","1066.5","C","463.2","1,C","65.5",",,,C","165",",,,C","2.28","1,C","4.64","1,,,C","-0.08",",,,C"
"CA001142574","2005-12","50.2333","-116.9667","549.0","DUNCAN LAKE DAM, BC CA","20.1","C","0.0","1,C","15","2,C","11","2,C","0","2,C","27",",C","6",",C","0",",C","25",",C","20","1,C","0","1,C","0","1,C","20051219",",,C","20051221",",,C","20051220","+,,C","20051223",",2,C","20051227","+,1,C","-16.0",",C,19,","220",",,C,21,","70",",,C,20,+","8.0","2,,C,23,","5.5","1,C,27,+","1713.5","C","647.0","1,C","71.7",",a,,C","310",",,,C","-3.14","1,C","-0.40","1,,,C","-5.89",",,,C"
"CA001142574","2006-01","50.2333","-116.9667","549.0","DUNCAN LAKE DAM, BC CA","0.0","C","0.0","1,C","28",",C","16",",C","0",",C","13",",C","5",",C","0",",C","23",",C","0","1,C","0","1,C","0","1,C","20060116",",,C","20060123",",,C","20060116",",,C","20060110",",,C","20060115",",1,C","-3.5",",C,16,","160",",,C,23,","90",",,C,16,","20.6",",,C,10,","5.5","1,C,15,","2218.2","C","504.7","1,C","132.0",",,,C","355",",,,C","1.51","1,C","3.23","1,,,C","-0.21",",,,C"
"CA001142574","2006-02","50.2333","-116.9667","549.0","DUNCAN LAKE DAM, BC CA","0.0","C","0.0",",C","17",",C","10",",C","0",",C","8",",C","6",",C","1",",C","25",",C","10",",C","0",",C","0",",C","20060217",",,C","20060227",",,C","20060225",",,C","20060225",",,C","20060227","+,,C","-19.0",",C,17,","420",",,C,27,","230",",,C,25,","23.0",",,C,25,","7.0",",C,27,+","2788.8","C","570.6",",C","93.1",",,,C","575",",,,C","-2.04",",C","2.18",",,,C","-6.27",",,,C"
"CA001142574","2006-03","50.2333","-116.9667","549.0","DUNCAN LAKE DAM, BC CA","0.0","C","0.0","1,C","9",",C","5",",C","0",",C","6",",C","1",",C","0",",C","25",",C","0","1,C","0","1,C","0","1,C","20060313","+,,C","20060301",",,C","20060308",",,C","20060306",",,C","20060329",",1,C","-9.5",",C,13,+","120",",,C,01,","30",",,C,08,","5.8",",,C,06,","16.5","1,C,29,","3254.3","C","465.5","1,C","19.4",",,,C","30",",,,C","2.86","1,C","8.12","1,,,C","-2.40",",,,C"
"CA001142574","2006-04","50.2333","-116.9667","549.0","DUNCAN LAKE DAM, BC CA","0.0","C","0.0",",C","15",",C","9",",C","0",",C","0",",C","0",",C","0",",C","8",",C","0",",C","2",",C","0",",C","20060418","+,,C","20060430","+,,C","20060430","+,,C","20060429",",,C","20060424",",,C","-4.0",",C,18,+","0",",,C,30,+","0",",,C,30,+","17.2",",,C,29,","22.0",",C,24,","3561.5","C","307.2",",C","63.5",",,,C","0",",,,C","8.09",",C","14.40",",,,C","1.78",",,,C"
"CA001142574","2006-05","50.2333","-116.9667","549.0","DUNCAN LAKE DAM, BC CA","1.8","C","1.8",",C","13",",C","5",",C","0",",C","0",",C","0",",C","0",",C","5",",C","0",",C","8",",C","0",",C","20060510",",,C","20060531","+,,C","20060531","+,,C","20060522",",,C","20060516",",,C","-3.0",",C,10,","0",",,C,31,+","0",",,C,31,+","7.2",",,C,22,","31.0",",C,16,","3746.8","C","185.3",",C","34.6",",,,C","0",",,,C","12.41",",C","20.06",",,,C","4.76",",,,C"
"CA001142574","2006-06","50.2333","-116.9667","549.0","DUNCAN LAKE DAM, BC CA","15.5","C","13.7",",C","17",",C","9",",C","0",",C","0",",C","0",",C","0",",C","0",",C","0",",C","17",",C","1",",C","20060621",",,C","20060630","+,,C","20060630","+,,C","20060608",",,C","20060626",",,C","4.5",",C,21,","0",",,C,30,+","0",",,C,30,+","15.4",",,C,08,","33.0",",C,26,","3813.7","C","66.9",",C","70.0",",,,C","0",",,,C","16.56",",C","23.47",",,,C","9.65",",,,C"
"CA001142574","2006-07","50.2333","-116.9667","549.0","DUNCAN LAKE DAM, BC CA","83.3","C","67.8",",C","11",",C","7",",C","0",",C","0",",C","0",",C","0",",C","0",",C","0",",C","30",",C","5",",C","20060719",",,C","20060731","+,,C","20060731","+,,C","20060709",",,C","20060724","+,,C","8.0",",C,19,","0",",,C,31,+","0",",,C,31,+","22.0",",,C,09,","35.0",",C,24,+","9.3","C","9.3",",C","56.9",",,,C","0",",,,C","20.22",",C","28.47",",,,C","11.97",",,,C"
"CA001142574","2006-08","50.2333","-116.9667","549.0","DUNCAN LAKE DAM, BC CA","87.6","C","4.3",",C","11",",C","5",",C","0",",C","0",",C","0",",C","0",",C","0",",C","0",",C","27",",C","0",",C","20060806",",,C","20060831","+,,C","20060831","+,,C","20060810",",,C","20060807",",,C","5.0",",C,06,","0",",,C,31,+","0",",,C,31,+","12.0",",,C,10,","30.5",",C,07,","64.6","C","55.3",",C","41.0",",,,C","0",",,,C","16.69",",C","25.45",",,,C","7.92",",,,C"
"CA001142574","2006-09","50.2333","-116.9667","549.0","DUNCAN LAKE DAM, BC CA","87.6","C","0.0",",C","6",",C","5",",C","1",",C","0",",C","0",",C","0",",C","0",",C","0",",C","14",",C","0",",C","20060930","+,,C","20060930","+,,C","20060930","+,,C","20060913",",,C","20060906","+,,C","2.5",",C,30,+","0",",,C,30,+","0",",,C,30,+","31.5",",,C,13,","28.0",",C,06,+","210.6","C","146.0",",C","60.5",",,,C","0",",,,C","13.47",",C","21.12",",,,C","5.82",",,,C"
"CA001142574","2006-10","50.2333","-116.9667","549.0","DUNCAN LAKE DAM, BC CA","87.6","C","0.0",",C","9",",C","4",",C","0",",C","0",",C","0",",C","0",",C","13",",C","0",",C","0",",C","0",",C","20061031",",,C","20061031","+,,C","20061031","+,,C","20061014",",,C","20061001",",,C","-9.0",",C,31,","0",",,C,31,+","0",",,C,31,+","7.0",",,C,14,","20.0",",C,01,","564.2","C","353.6",",C","28.1",",,,C","0",",,,C","6.93",",C","12.60",",,,C","1.26",",,,C"
"CA001142574","2006-11","50.2333","-116.9667","549.0","DUNCAN LAKE DAM, BC CA","87.6","C","0.0",",C","25",",C","18",",C","0",",C","9",",C","7",",C","0",",C","16",",C","5",",C","0",",C","0",",C","20061129",",,C","20061130",",,C","20061129",",,C","20061106",",,C","20061105",",,C","-14.0",",C,29,","370",",,C,30,","230",",,C,29,","24.8",",,C,06,","12.0",",C,05,","1089.7","C","525.5",",C","213.2",",,,C","710",",,,C","0.82",",C","3.60",",,,C","-1.97",",,,C"
"CA001142574","2006-12","50.2333","-116.9667","549.0","DUNCAN LAKE DAM, BC CA","87.6","C","0.0","1,C","15",",C","10",",C","0",",C","29",",C","7",",C","0",",C","29",",C","10","1,C","0","1,C","0","1,C","20061229",",,C","20061228","+,,C","20061214",",,C","20061214",",,C","20061212","+,1,C","-14.0",",C,29,","290",",,C,28,+","200",",,C,14,","20.0",",,C,14,","5.5","1,C,12,+","1678.9","C","589.2","1,C","76.5",",,,C","615",",,,C","-1.35","1,C","0.97","1,,,C","-3.66",",,,C"
"CA001142574","2007-01","50.2333","-116.9667","549.0","DUNCAN LAKE DAM, BC CA","0.0","C","0.0",",C","19",",C","13",",C","0",",C","31",",C","10",",C","1",",C","31",",C","17",",C","0",",C","0",",C","20070114",",,C","20070124",",,C","20070101",",,C","20070101",",,C","20070109",",,C","-19.0",",C,14,","570",",,C,24,","130",",,C,01,","13.0",",,C,01,","5.0",",C,09,","2383.7","C","704.8",",C","107.8",",,,C","810",",,,C","-4.40",",C","-1.02",",,,C","-7.79",",,,C"
"CA001142574","2007-02","50.2333","-116.9667","549.0","DUNCAN LAKE DAM, BC CA","0.0","C","0.0",",C","12",",C","7",",C","0",",C","28",",C","3",",C","0",",C","23",",C","5",",C","0",",C","0",",C","20070202",",,C","20070205",",,C","20070228","+,,C","20070215",",,C","20070218",",,C","-11.5",",C,02,","460",",,C,05,","40",",,C,28,+","10.2",",,C,15,","7.5",",C,18,","2895.8","C","512.1",",C","40.4",",,,C","130",",,,C","0.04",",C","3.07",",,,C","-2.98",",,,C"
"CA001142574","2007-03","50.2333","-116.9667","549.0","DUNCAN LAKE DAM, BC CA","0.0","C","0.0",",C","18",",C","9",",C","0",",C","11",",C","1",",C","0",",C","22",",C","0",",C","0",",C","0",",C","20070315",",,C","20070301",",,C","20070316",",,C","20070316",",,C","20070330",",,C","-7.0",",C,15,","230",",,C,01,","30",",,C,16,","22.0",",,C,16,","15.0",",C,30,","3348.4","C","452.6",",C","105.7",",,,C","60",",,,C","3.73",",C","8.55",",,,C","-1.08",",,,C"
"CA001142574","2007-04","50.2333","-116.9667","549.0","DUNCAN LAKE DAM, BC CA","0.0","C","0.0",",C","16",",C","6",",C","0",",C","1",",C","1",",C","0",",C","20",",C","0",",C","0",",C","0",",C","20070404",",,C","20070402",",,C","20070401",",,C","20070409",",,C","20070423",",,C","-6.0",",C,04,","50",",,C,02,","50",",,C,01,","6.6",",,C,09,","21.0",",C,23,","3702.4","C","354.0",",C","42.4",",,,C","50",",,,C","6.53",",C","13.38",",,,C","-0.32",",,,C"
"CA001142574","2007-05","50.2333","-116.9667","549.0","DUNCAN LAKE DAM, BC CA","0.0","C","0.0","1,C","13",",C","9",",C","0",",C","0",",C","0",",C","0",",C","2",",C","0","1,C","11","1,C","0","1,C","20070525","+,,C","20070531","+,,C","20070531","+,,C","20070519",",,C","20070530",",1,C","-0.5",",C,25,+","0",",,C,31,+","0",",,C,31,+","10.2",",,C,19,","27.0","1,C,30,","3908.1","C","205.7","1,C","54.2",",,,C","0",",,,C","11.46","1,C","18.93","1,,,C","3.98",",,,C"
"CA001142574","2007-06","50.2333","-116.9667","549.0","DUNCAN LAKE DAM, BC CA","5.7","C","5.7","3,C","17","2,C","10","2,C","0","2,C","0","1,C","0","2,C","0","1,C","0","1,C","0","3,C","12","3,C","1","3,C","20070619","+,1,C","20070630","+,1,C","20070630","+,2,C","20070604",",2,C","20070603",",3,C","4.5","1,C,19,+","0","1,,C,30,+","0","2,,C,30,+","15.0","2,,C,04,","33.0","3,C,03,","3997.8","C","89.7","3,C","67.9","2,,,C","0","2,,,C","15.29","3,C","21.76","3,,,C","8.83","1,,,C"
"CA001142574","2007-07","50.2333","-116.9667","549.0","DUNCAN LAKE DAM, BC CA","80.9","C","75.2","3,C","8","2,C","3","2,C","1","2,C","0","1,C","0","2,C","0","1,C","0","1,C","0","3,C","28","3,C","8","3,C","20070701",",1,C","20070731","+,1,C","20070731","+,2,C","20070718",",2,C","20070713","+,3,C","5.5","1,C,01,","0","1,,C,31,+","0","2,,C,31,+","25.4","2,,C,18,","36.5","3,C,13,+","5.7","C","5.7","3,C","40.0","2,,,C","0","2,,,C","20.83","3,C","30.05","3,,,C","11.60","1,,,C"
"CA001142574","2007-08","50.2333","-116.9667","549.0","DUNCAN LAKE DAM, BC CA","90.2","C","9.3","1,C","10",",C","3",",C","0",",C","0",",C","0",",C","0",",C","0",",C","0","1,C","23","1,C","0","1,C","20070828",",,C","20070831","+,,C","20070831","+,,C","20070809",",,C","20070816",",1,C","2.0",",C,28,","0",",,C,31,+","0",",,C,31,+","8.0",",,C,09,","31.5","1,C,16,","69.4","C","63.7","1,C","25.4",",,,C","0",",,,C","16.49","1,C","25.03","1,,,C","7.95",",,,C"
"CA001142574","2007-09","50.2333","-116.9667","549.0","DUNCAN LAKE DAM, BC CA","90.6","C","0.4","1,C","12",",C","3",",C","0",",C","0",",C","0",",C","0",",C","1",",C","0","1,C","14","1,C","0","1,C","20070918",",,C","20070930","+,,C","20070930","+,,C","20070928",",,C","20070904",",1,C","-0.5",",C,18,","0",",,C,30,+","0",",,C,30,+","18.2",",,C,28,","27.0","1,C,04,","246.2","C","176.8","1,C","42.0",",,,C","0",",,,C","12.27","1,C","19.81","1,,,C","4.73",",,,C"
"CA001142574","2007-10","50.2333","-116.9667","549.0","DUNCAN LAKE DAM, BC CA","90.6","C","0.0",",C","18",",C","8",",C","0",",C","0",",C","0",",C","0",",C","8",",C","0",",C","0",",C","0",",C","20071028","+,,C","20071031","+,,C","20071031","+,,C","20071002",",,C","20071009",",,C","-6.5",",C,28,+","0",",,C,31,+","0",",,C,31,+","17.8",",,C,02,","16.0",",C,09,","615.3","C","369.1",",C","67.0",",,,C","0",",,,C","6.43",",C","11.08",",,,C","1.77",",,,C"
"CA001142574","2007-11","50.2333","-116.9667","549.0","DUNCAN LAKE DAM, BC CA","90.6","C","0.0",",C","17",",C","8",",C","0",",C","6",",C","2",",C","0",",C","24",",C","9",",C","0",",C","0",",C","20071130",",,C","20071127",",,C","20071126",",,C","20071115",",,C","20071109",",,C","-15.5",",C,30,","100",",,C,27,","70",",,C,26,","13.6",",,C,15,","10.5",",C,09,","1169.8","C","554.5",",C","65.3",",,,C","120",",,,C","-0.15",",C","3.48",",,,C","-3.78",",,,C"
"CA001142574","2007-12","50.2333","-116.9667","549.0","DUNCAN LAKE DAM, BC CA","90.6","C","0.0",",C","21",",C","11",",C","0",",C","25","2,C","8","1,C","0",",C","28",",C","14",",C","0",",C","0",",C","20071201",",,C","20071225",",2,C","20071222",",1,C","20071203",",,C","20071203",",,C","-15.5",",C,01,","330","2,,C,25,","160","1,,C,22,","23.7",",,C,03,","6.0",",C,03,","1804.6","C","634.8",",C","127.6",",,,C","786","1,,,C","-2.15",",C","0.76",",,,C","-5.05",",,,C"
"CA001142574","2008-01","50.2333","-116.9667","549.0","DUNCAN LAKE DAM, BC CA","0.0","C","0.0",",C","17",",C","12",",C","0",",C","29","2,C","8","1,C","2",",C","28",",C","17",",C","0",",C","0",",C","20080122",",,C","20080131",",2,C","20080126",",1,C","20080126",",,C","20080105",",,C","-19.0",",C,22,","360","2,,C,31,","100","1,,C,26,","10.0",",,C,26,","6.5",",C,05,","2493.7","C","689.1",",C","67.3",",,,C","440","1,,,C","-3.90",",C","-0.58",",,,C","-7.21",",,,C"
"CA001142574","2008-02","50.2333","-116.9667","549.0","DUNCAN LAKE DAM, BC CA","0.0","C","0.0",",C","15",",C","7",",C","0",",C","29",",C","3",",C","0",",C","29",",C","2",",C","0",",C","0",",C","20080205","+,,C","20080210",",,C","20080209",",,C","20080209",",,C","20080225",",,C","-15.0",",C,05,+","470",",,C,10,","130",",,C,09,","13.0",",,C,09,","7.0",",C,25,","3055.6","C","561.9",",C","57.3",",,,C","330",",,,C","-1.04",",C","3.29",",,,C","-5.38",",,,C"
"CA001142574","2008-03","50.2333","-116.9667","549.0","DUNCAN LAKE DAM, BC CA","0.0","C","0.0",",C","14",",C","4",",C","0",",C","21",",C","2",",C","0",",C","30",",C","0",",C","0",",C","0",",C","20080331",",,C","20080303",",,C","20080329",",,C","20080311",",,C","20080322","+,,C","-8.0",",C,31,","280",",,C,03,","60",",,C,29,","6.6",",,C,11,","9.0",",C,22,+","3565.7","C","510.1",",C","32.4",",,,C","140",",,,C","1.88",",C","7.13",",,,C","-3.37",",,,C"
"CA001142574","2008-04","50.2333","-116.9667","549.0","DUNCAN LAKE DAM, BC CA","0.0","C","0.0",",C","15",",C","3",",C","0",",C","2",",C","1",",C","0",",C","24",",C","0",",C","0",",C","0",",C","20080422","+,,C","20080419",",,C","20080418",",,C","20080418",",,C","20080428","+,,C","-5.0",",C,22,+","70",",,C,19,","70",",,C,18,","8.4",",,C,18,","19.0",",C,28,+","3969.9","C","404.2",",C","37.6",",,,C","70",",,,C","4.86",",C","11.52",",,,C","-1.80",",,,C"
"CA001142574","2008-05","50.2333","-116.9667","549.0","DUNCAN LAKE DAM, BC CA","0.0","C","0.0",",C","13",",C","4",",C","0",",C","0",",C","0",",C","0",",C","6",",C","0",",C","10",",C","0",",C","20080502",",,C","20080531","+,,C","20080531","+,,C","20080520",",,C","20080516",",,C","-3.5",",C,02,","0",",,C,31,+","0",",,C,31,+","11.4",",,C,20,","28.5",",C,16,","4172.7","C","202.8",",C","35.6",",,,C","0",",,,C","11.79",",C","19.32",",,,C","4.26",",,,C"
"CA001142574","2008-06","50.2333","-116.9667","549.0","DUNCAN LAKE DAM, BC CA","6.5","C","6.5","2,C","13","1,C","5","1,C","1","1,C","0","1,C","0","1,C","0","1,C","0","1,C","0","2,C","14","2,C","1","2,C","20080615",",1,C","20080630","+,1,C","20080630","+,1,C","20080621",",1,C","20080629",",2,C","2.0","1,C,15,","0","1,,C,30,+","0","1,,C,30,+","29.0","1,,C,21,","32.5","2,C,29,","4282.5","C","109.8","2,C","52.6","1,,,C","0","1,,,C","14.65","2,C","21.63","2,,,C","7.67","1,,,C"
"CA001142574","2008-07","50.2333","-116.9667","549.0","DUNCAN LAKE DAM, BC CA","25.8","C","19.3",",C","12",",C","5",",C","0",",C","0",",C","0",",C","0",",C","0",",C","0",",C","30",",C","0",",C","20080712",",,C","20080731","+,,C","20080731","+,,C","20080722",",,C","20080721","+,,C","4.0",",C,12,","0",",,C,31,+","0",",,C,31,+","9.6",",,C,22,","31.5",",C,21,+","29.0","C","29.0",",C","39.4",",,,C","0",",,,C","18.02",",C","26.47",",,,C","9.57",",,,C"
"CA001142574","2008-08","50.2333","-116.9667","549.0","DUNCAN LAKE DAM, BC CA","49.6","C","23.8",",C","16",",C","10",",C","0",",C","0",",C","0",",C","0",",C","0",",C","0",",C","19",",C","3",",C","20080804","+,,C","20080831","+,,C","20080831","+,,C","20080820",",,C","20080818","+,,C","6.0",",C,04,+","0",",,C,31,+","0",",,C,31,+","23.6",",,C,20,","32.5",",C,18,+","99.9","C","70.9",",C","105.8",",,,C","0",",,,C","16.81",",C","24.21",",,,C","9.42",",,,C"
"CA001142574","2008-09","50.2333","-116.9667","549.0","DUNCAN LAKE DAM, BC CA","49.6","C","0.0",",C","12",",C","2",",C","0",",C","0",",C","0",",C","0",",C","0",",C","0",",C","6",",C","0",",C","20080929",",,C","20080930","+,,C","20080930","+,,C","20080921",",,C","20080920",",,C","1.5",",C,29,","0",",,C,30,+","0",",,C,30,+","15.4",",,C,21,","23.5",",C,20,","312.4","C","212.5",",C","30.9",",,,C","0",",,,C","11.25",",C","18.42",",,,C","4.08",",,,C"
"CA001142574","2008-10","50.2333","-116.9667","549.0","DUNCAN LAKE DAM, BC CA","49.6","C","0.0",",C","16",",C","8",",C","0",",C","0",",C","0",",C","0",",C","22",",C","0",",C","0",",C","0",",C","20081027",",,C","20081031","+,,C","20081031","+,,C","20081004",",,C","20081001",",,C","-6.5",",C,27,","0",",,C,31,+","0",",,C,31,+","9.3",",,C,04,","21.0",",C,01,","709.5","C","397.1",",C","51.7",",,,C","0",",,,C","5.52",",C","11.61",",,,C","-0.56",",,,C"
"CA001142574","2008-11","50.2333","-116.9667","549.0","DUNCAN LAKE DAM, BC CA","49.6","C","0.0",",C","19",",C","10",",C","0",",C","0",",C","1",",C","0",",C","18",",C","1",",C","0",",C","0",",C","20081128","+,,C","20081126","+,,C","20081125",",,C","20081111",",,C","20081101",",,C","-7.0",",C,28,+","20",",,C,26,+","25",",,C,25,","16.4",",,C,11,","13.0",",C,01,","1190.7","C","481.2",",C","79.4",",,,C","55",",,,C","2.29",",C","5.15",",,,C","-0.57",",,,C"
"CA001142574","2008-12","50.2333","-116.9667","549.0","DUNCAN LAKE DAM, BC CA","49.6","C","0.0","1,C","19",",C","14",",C","0",",C","26",",C","11",",C","3","1,C","28","1,C","17","1,C","0","1,C","0","1,C","20081221",",1,C","20081228",",,C","20081227",",,C","20081227",",,C","20081201",",1,C","-21.5","1,C,21,","410",",,C,28,","180",",,C,27,","18.0",",,C,27,","7.5","1,C,01,","1905.7","C","715.0","1,C","91.4",",,,C","775",",,,C","-5.50","1,C","-2.23","1,,,C","-8.77","1,,,C"
"CA001142574","2009-01","50.2333","-116.9667","549.0","DUNCAN LAKE DAM, BC CA","0.0","C","0.0",",C","14",",C","8",",C","1",",C","31",",C","6",",C","2",",C","31",",C","18",",C","0",",C","0",",C","20090104",",,C","20090107",",,C","20090106",",,C","20090106",",,C","20090117","+,,C","-22.0",",C,04,","760",",,C,07,","310",",,C,06,","31.0",",,C,06,","4.0",",C,17,+","2606.3","C","700.6",",C","95.9",",,,C","700",",,,C","-4.27",",C","-1.06",",,,C","-7.47",",,,C"
"CA001142574","2009-02","50.2333","-116.9667","549.0","DUNCAN LAKE DAM, BC CA","0.0","C","0.0",",C","7",",C","5",",C","0",",C","26","2,C","3","1,C","0",",C","27",",C","0",",C","0",",C","0",",C","20090217",",,C","20090203","+,2,C","20090225",",1,C","20090225",",,C","20090226",",,C","-11.5",",C,17,","520","2,,C,03,+","110","1,,C,25,","11.0",",,C,25,","6.5",",C,26,","3170.1","C","563.8",",C","33.4",",,,C","240","1,,,C","-1.80",",C","3.02",",,,C","-6.63",",,,C"
"CA001142574","2009-04","50.2333","-116.9667","549.0","DUNCAN LAKE DAM, BC CA","","","0.0","1,C","7","1,C","3","1,C","0","1,C","0",",C","0","1,C","0",",C","23",",C","0","1,C","0","1,C","0","1,C","20090401",",,C","20090430","+,,C","20090401",",1,C","20090412",",1,C","20090421",",1,C","-6.0",",C,01,","0",",,C,30,+","0","1,T,C,01,","5.0","1,,C,12,","20.0","1,C,21,","","","360.4","1,C","13.8","1,,,C","0","1,T,,C","5.89","1,C","13.19","1,,,C","-1.42",",,,C"
"CA001142574","2009-06","50.2333","-116.9667","549.0","DUNCAN LAKE DAM, BC CA","","","0.7",",C","10",",C","4",",C","0",",C","0","1,C","0",",C","0",",C","0",",C","0",",C","21",",C","0",",C","20090609","+,,C","20090630","+,1,C","20090630","+,,C","20090617",",,C","20090604",",,C","1.5",",C,09,+","0","1,,C,30,+","0",",,C,30,+","10.6",",,C,17,","31.0",",C,04,","","","97.9",",C","29.9",",,,C","0",",,,C","15.09",",C","23.23",",,,C","6.95",",,,C"
"CA001142574","2009-07","50.2333","-116.9667","549.0","DUNCAN LAKE DAM, BC CA","","","34.5",",C","13",",C","6",",C","0",",C","0",",C","0",",C","0",",C","0",",C","0",",C","26",",C","0",",C","20090702",",,C","20090731","+,,C","20090731","+,,C","20090713",",,C","20090728",",,C","4.0",",C,02,","0",",,C,31,+","0",",,C,31,+","21.0",",,C,13,","32.0",",C,28,","21.1","C","21.1",",C","71.2",",,,C","0",",,,C","18.77",",C","27.18",",,,C","10.35",",,,C"
"CA001142574","2009-08","50.2333","-116.9667","549.0","DUNCAN LAKE DAM, BC CA","","","24.0",",C","11",",C","7",",C","0",",C","0",",C","0",",C","0",",C","0",",C","0",",C","27",",C","0",",C","20090825",",,C","20090831","+,,C","20090831","+,,C","20090811",",,C","20090802",",,C","4.5",",C,25,","0",",,C,31,+","0",",,C,31,+","8.6",",,C,11,","32.0",",C,02,","51.9","C","30.8",",C","33.8",",,,C","0",",,,C","18.11",",C","26.58",",,,C","9.65",",,,C"
"CA001142574","2009-09","50.2333","-116.9667","549.0","DUNCAN LAKE DAM, BC CA","","","1.6",",C","10",",C","7",",C","0",",C","0",",C","0",",C","0",",C","2",",C","0",",C","17",",C","0",",C","20090928",",,C","20090930","+,,C","20090930","+,,C","20090903",",,C","20090901",",,C","-0.5",",C,28,","0",",,C,30,+","0",",,C,30,+","9.8",",,C,03,","29.0",",C,01,","195.2","C","143.3",",C","44.3",",,,C","0",",,,C","13.61",",C","21.92",",,,C","5.30",",,,C"
"CA001142574","2009-10","50.2333","-116.9667","549.0","DUNCAN LAKE DAM, BC CA","","","0.0","2,C","19","2,C","12","2,C","0","2,C","0","1,C","0","2,C","0","1,C","15","1,C","0","2,C","0","2,C","0","2,C","20091012",",1,C","20091031","+,1,C","20091031","+,2,C","20091017",",2,C","20091005","+,2,C","-7.0","1,C,12,","0","1,,C,31,+","0","2,,C,31,+","14.2","2,,C,17,","16.0","2,C,05,+","588.1","C","392.9","2,C","101.2","2,,,C","0","2,,,C","4.82","2,C","9.19","2,,,C","0.45","1,,,C"
"CA001142574","2009-11","50.2333","-116.9667","549.0","DUNCAN LAKE DAM, BC CA","","","0.0",",C","20",",C","10",",C","0",",C","1",",C","1",",C","0",",C","14",",C","1",",C","0",",C","0",",C","20091128",",,C","20091129",",,C","20091128",",,C","20091105",",,C","20091117","+,,C","-5.0",",C,28,","30",",,C,29,","30",",,C,28,","11.4",",,C,05,","8.5",",C,17,+","1048.8","C","460.7",",C","70.1",",,,C","30",",,,C","2.98",",C","5.80",",,,C","0.15",",,,C"
"CA001142574","2010-01","50.2333","-116.9667","549.0","DUNCAN LAKE DAM, BC CA","0.0","C","0.0","1,C","18",",C","10",",C","0",",C","29","2,C","1","1,C","0",",C","28",",C","5","1,C","0","1,C","0","1,C","20100108","+,,C","20100103",",2,C","20100130",",1,C","20100111",",,C","20100114","+,1,C","-14.5",",C,08,+","230","2,,C,03,","30","1,,C,30,","10.6",",,C,11,","5.5","1,C,14,+","","","582.5","1,C","63.9",",,,C","110","1,,,C","-1.05","1,C","1.72","1,,,C","-3.82",",,,C"
"CA001142574","2010-02","50.2333","-116.9667","549.0","DUNCAN LAKE DAM, BC CA","0.0","C","0.0",",C","11",",C","5",",C","0",",C","9",",C","1",",C","0",",C","23",",C","0",",C","0",",C","0",",C","20100222",",,C","20100201",",,C","20100209",",,C","20100213",",,C","20100228",",,C","-8.0",",C,22,","80",",,C,01,","30",",,C,09,","4.2",",,C,13,","9.0",",C,28,","","","465.3",",C","22.0",",,,C","30",",,,C","1.71",",C","5.54",",,,C","-2.11",",,,C"
"CA001142574","2010-03","50.2333","-116.9667","549.0","DUNCAN LAKE DAM, BC CA","0.0","C","0.0",",C","11",",C","6",",C","0",",C","0",",C","0",",C","0",",C","25",",C","0",",C","0",",C","0",",C","20100320","+,,C","20100331","+,,C","20100331","+,,C","20100312",",,C","20100324",",,C","-6.0",",C,20,+","0",",,C,31,+","0",",,C,31,+","14.0",",,C,12,","14.5",",C,24,","","","449.1",",C","45.9",",,,C","0",",,,C","3.85",",C","10.31",",,,C","-2.61",",,,C"
"CA001142574","2010-04","50.2333","-116.9667","549.0","DUNCAN LAKE DAM, BC CA","0.0","C","0.0",",C","12",",C","5",",C","0",",C","0",",C","0",",C","0",",C","19",",C","0",",C","4",",C","0",",C","20100410",",,C","20100430","+,,C","20100408",",,C","20100407",",,C","20100420",",,C","-6.0",",C,10,","0",",,C,30,+","0",",T,C,08,","9.8",",,C,07,","26.5",",C,20,","","","340.5",",C","31.1",",,,C","0",",T,,C","6.98",",C","14.17",",,,C","-0.20",",,,C"
"CA001142574","2010-05","50.2333","-116.9667","549.0","DUNCAN LAKE DAM, BC CA","0.0","C","0.0",",C","16",",C","6",",C","0",",C","0",",C","0",",C","0",",C","8",",C","0",",C","10",",C","0",",C","20100510","+,,C","20100531","+,,C","20100531","+,,C","20100503",",,C","20100517",",,C","-2.0",",C,10,+","0",",,C,31,+","0",",,C,31,+","7.0",",,C,03,","25.5",",C,17,","","","238.3",",C","48.5",",,,C","0",",,,C","10.65",",C","17.71",",,,C","3.58",",,,C"
"CA001142574","2010-06","50.2333","-116.9667","549.0","DUNCAN LAKE DAM, BC CA","0.8","C","0.8","1,C","20",",C","7",",C","0",",C","0",",C","0",",C","0",",C","0",",C","0","1,C","14","1,C","0","1,C","20100604",",,C","20100630","+,,C","20100630","+,,C","20100602",",,C","20100629","+,1,C","2.0",",C,04,","0",",,C,30,+","0",",,C,30,+","21.8",",,C,02,","27.0","1,C,29,+","","","112.5","1,C","57.8",",,,C","0",",,,C","14.45","1,C","20.62","1,,,C","8.28",",,,C"
"CA001142574","2010-07","50.2333","-116.9667","549.0","DUNCAN LAKE DAM, BC CA","24.3","C","23.5",",C","12",",C","3",",C","0",",C","0",",C","0",",C","0",",C","0",",C","0",",C","25",",C","2",",C","20100701",",,C","20100731","+,,C","20100731","+,,C","20100702",",,C","20100726",",,C","4.5",",C,01,","0",",,C,31,+","0",",,C,31,+","10.6",",,C,02,","33.5",",C,26,","49.3","C","49.3",",C","25.5",",,,C","0",",,,C","17.50",",C","25.98",",,,C","9.02",",,,C"
"CA001142574","2010-08","50.2333","-116.9667","549.0","DUNCAN LAKE DAM, BC CA","30.9","C","6.6",",C","13",",C","6",",C","0",",C","0",",C","0",",C","0",",C","0",",C","0",",C","24",",C","0",",C","20100830",",,C","20100831","+,,C","20100831","+,,C","20100809",",,C","20100826",",,C","4.5",",C,30,","0",",,C,31,+","0",",,C,31,+","10.0",",,C,09,","31.5",",C,26,","111.7","C","62.4",",C","41.4",",,,C","0",",,,C","16.53",",C","24.56",",,,C","8.50",",,,C"
"CA001142574","2010-09","50.2333","-116.9667","549.0","DUNCAN LAKE DAM, BC CA","30.9","C","0.0",",C","22",",C","9",",C","0",",C","0",",C","0",",C","0",",C","0",",C","0",",C","5",",C","0",",C","20100923",",,C","20100930","+,,C","20100930","+,,C","20100920",",,C","20100904",",,C","1.0",",C,23,","0",",,C,30,+","0",",,C,30,+","10.8",",,C,20,","25.0",",C,04,","298.4","C","186.7",",C","74.4",",,,C","0",",,,C","12.11",",C","17.77",",,,C","6.45",",,,C"
"CA001142574","2010-10","50.2333","-116.9667","549.0","DUNCAN LAKE DAM, BC CA","30.9","C","0.0",",C","13",",C","3",",C","0",",C","0",",C","0",",C","0",",C","9",",C","0",",C","0",",C","0",",C","20101017",",,C","20101031","+,,C","20101031","+,,C","20101028",",,C","20101002","+,,C","-5.0",",C,17,","0",",,C,31,+","0",",,C,31,+","7.2",",,C,28,","21.0",",C,02,+","627.0","C","328.6",",C","30.6",",,,C","0",",,,C","7.73",",C","13.26",",,,C","2.21",",,,C"
"CA001142574","2010-11","50.2333","-116.9667","549.0","DUNCAN LAKE DAM, BC CA","30.9","C","0.0","1,C","22",",C","13",",C","0",",C","11",",C","6",",C","0","1,C","20","1,C","8","1,C","0","1,C","0","1,C","20101124",",1,C","20101126",",,C","20101125",",,C","20101115",",,C","20101102",",1,C","-17.5","1,C,24,","240",",,C,26,","180",",,C,25,","20.4",",,C,15,","14.0","1,C,02,","1147.2","C","520.2","1,C","131.9",",,,C","580",",,,C","0.40","1,C","3.74","1,,,C","-2.95","1,,,C"
"CA001142574","2010-12","50.2333","-116.9667","549.0","DUNCAN LAKE DAM, BC CA","30.9","C","0.0","1,C","16",",C","9",",C","0",",C","31",",C","6",",C","0",",C","31",",C","14","1,C","0","1,C","0","1,C","20101231","+,,C","20101208","+,,C","20101227",",,C","20101227",",,C","20101209",",1,C","-16.5",",C,31,+","290",",,C,08,+","100",",,C,27,","10.0",",,C,27,","4.5","1,C,09,","1775.2","C","628.0","1,C","69.0",",,,C","440",",,,C","-2.78","1,C","0.15","1,,,C","-5.71",",,,C"
"CA001142574","2011-01","50.2333","-116.9667","549.0","DUNCAN LAKE DAM, BC CA","0.0","C","0.0",",C","23",",C","15",",C","0",",C","31",",C","8",",C","2",",C","29",",C","17",",C","0",",C","0",",C","20110111","+,,C","20110113",",,C","20110112",",,C","20110112",",,C","20110115",",,C","-18.0",",C,11,+","800",",,C,13,","190",",,C,12,","19.0",",,C,12,","6.0",",C,15,","2452.0","C","676.8",",C","171.1",",,,C","980",",,,C","-3.50",",C","-0.26",",,,C","-6.74",",,,C"
"CA001142574","2011-02","50.2333","-116.9667","549.0","DUNCAN LAKE DAM, BC CA","0.0","C","0.0",",C","17",",C","9",",C","0",",C","26","2,C","6","1,C","3",",C","26",",C","14",",C","0",",C","0",",C","20110225",",,C","20110207",",2,C","20110227",",1,C","20110227",",,C","20110215",",,C","-23.0",",C,25,","680","2,,C,07,","210","1,,C,27,","21.0",",,C,27,","7.5",",C,15,","3107.3","C","655.3",",C","98.4",",,,C","790","1,,,C","-5.07",",C","-0.25",",,,C","-9.89",",,,C"
"CA001142574","2011-03","50.2333","-116.9667","549.0","DUNCAN LAKE DAM, BC CA","0.0","C","0.0",",C","21",",C","11",",C","0",",C","25",",C","2",",C","0",",C","21",",C","0",",C","0",",C","0",",C","20110301",",,C","20110301",",,C","20110304","+,,C","20110315",",,C","20110328","+,,C","-6.5",",C,01,","700",",,C,01,","30",",,C,04,+","11.2",",,C,15,","10.5",",C,28,+","3586.6","C","479.3",",C","77.8",",,,C","90",",,,C","2.87",",C","6.76",",,,C","-1.02",",,,C"
"CA001142574","2011-04","50.2333","-116.9667","549.0","DUNCAN LAKE DAM, BC CA","0.0","C","0.0",",C","19",",C","11",",C","0",",C","0",",C","0",",C","0",",C","19",",C","0",",C","0",",C","0",",C","20110408",",,C","20110430","+,,C","20110415","+,,C","20110401",",,C","20110424",",,C","-4.5",",C,08,","0",",,C,30,+","0",",T,C,15,+","7.8",",,C,01,","17.5",",C,24,","3990.8","C","404.2",",C","57.2",",,,C","0",",T,,C","4.86",",C","10.43",",,,C","-0.72",",,,C"
"CA001142574","2011-05","50.2333","-116.9667","549.0","DUNCAN LAKE DAM, BC CA","0.0","C","0.0",",C","14",",C","5",",C","0",",C","0",",C","0",",C","0",",C","4",",C","0",",C","13",",C","0",",C","20110502",",,C","20110531","+,,C","20110531","+,,C","20110526",",,C","20110514",",,C","-2.0",",C,02,","0",",,C,31,+","0",",,C,31,+","13.2",",,C,26,","26.0",",C,14,","4220.6","C","229.8",",C","35.8",",,,C","0",",,,C","10.92",",C","18.03",",,,C","3.81",",,,C"
"CA001142574","2011-06","50.2333","-116.9667","549.0","DUNCAN LAKE DAM, BC CA","0.0","C","0.0",",C","20",",C","9",",C","1",",C","0",",C","0",",C","0",",C","0",",C","0",",C","8",",C","0",",C","20110607",",,C","20110630","+,,C","20110630","+,,C","20110607",",,C","20110606",",,C","4.5",",C,07,","0",",,C,30,+","0",",,C,30,+","25.4",",,C,07,","27.5",",C,06,","4349.6","C","129.0",",C","85.1",",,,C","0",",,,C","14.03",",C","19.48",",,,C","8.58",",,,C"
"CA001142574","2011-07","50.2333","-116.9667","549.0","DUNCAN LAKE DAM, BC CA","3.9","C","3.9",",C","16",",C","10",",C","0",",C","0",",C","0",",C","0",",C","0",",C","0",",C","21",",C","0",",C","20110710",",,C","20110731","+,,C","20110731","+,,C","20110725",",,C","20110707","+,,C","5.5",",C,10,","0",",,C,31,+","0",",,C,31,+","19.0",",,C,25,","29.0",",C,07,+","62.0","C","62.0",",C","81.7",",,,C","0",",,,C","16.46",",C","23.29",",,,C","9.63",",,,C"
"CA001142574","2011-08","50.2333","-116.9667","549.0","DUNCAN LAKE DAM, BC CA","15.2","C","11.3",",C","7",",C","2",",C","0",",C","0",",C","0",",C","0",",C","0",",C","0",",C","29",",C","0",",C","20110819",",,C","20110831","+,,C","20110831","+,,C","20110814",",,C","20110828",",,C","4.5",",C,19,","0",",,C,31,+","0",",,C,31,+","5.4",",,C,14,","30.5",",C,28,","94.8","C","32.8",",C","15.6",",,,C","0",",,,C","17.64",",C","26.77",",,,C","8.50",",,,C"
"CA001142574","2011-09","50.2333","-116.9667","549.0","DUNCAN LAKE DAM, BC CA","15.2","C","0.0",",C","11",",C","2",",C","0",",C","0",",C","0",",C","0",",C","2",",C","0",",C","14",",C","0",",C","20110930","+,,C","20110930","+,,C","20110930","+,,C","20110918",",,C","20110910","+,,C","-0.5",",C,30,+","0",",,C,30,+","0",",,C,30,+","15.4",",,C,18,","28.5",",C,10,+","239.0","C","144.2",",C","30.5",",,,C","0",",,,C","13.53",",C","21.95",",,,C","5.10",",,,C"
"CA001142574","2011-10","50.2333","-116.9667","549.0","DUNCAN LAKE DAM, BC CA","15.2","C","0.0",",C","21",",C","8",",C","0",",C","0",",C","0",",C","0",",C","14",",C","0",",C","0",",C","0",",C","20111026",",,C","20111031","+,,C","20111031","+,,C","20111011",",,C","20111003",",,C","-5.0",",C,26,","0",",,C,31,+","0",",,C,31,+","9.5",",,C,11,","18.5",",C,03,","602.8","C","363.8",",C","68.0",",,,C","0",",,,C","6.60",",C","11.34",",,,C","1.85",",,,C"
"CA001142574","2011-11","50.2333","-116.9667","549.0","DUNCAN LAKE DAM, BC CA","15.2","C","0.0",",C","19",",C","11",",C","1",",C","7",",C","2",",C","0",",C","25",",C","4",",C","0",",C","0",",C","20111120","+,,C","20111119","+,,C","20111116",",,C","20111122",",,C","20111122","+,,C","-10.5",",C,20,+","150",",,C,19,+","130",",,C,16,","28.2",",,C,22,","7.0",",C,22,+","1147.0","C","544.2",",C","105.6",",,,C","225",",,,C","0.19",",C","3.68",",,,C","-3.30",",,,C"
"CA001142574","2011-12","50.2333","-116.9667","549.0","DUNCAN LAKE DAM, BC CA","15.2","C","0.0",",C","13",",C","5",",C","0",",C","6","2,C","1","1,C","0",",C","29",",C","11",",C","0",",C","0",",C","20111208",",,C","20111227",",2,C","20111223",",1,C","20111227",",,C","20111228",",,C","-10.5",",C,08,","80","2,,C,27,","30","1,,C,23,","12.4",",,C,27,","6.0",",C,28,","1766.3","C","619.3",",C","36.4",",,,C","104","1,,,C","-1.65",",C","1.19",",,,C","-4.48",",,,C"
"CA001142574","2012-01","50.2333","-116.9667","549.0","DUNCAN LAKE DAM, BC CA","0.0","C","0.0","1,C","21",",C","11",",C","0",",C","18",",C","8",",C","0","1,C","28","1,C","12","1,C","0","1,C","0","1,C","20120116",",1,C","20120130","+,,C","20120120",",,C","20120120",",,C","20120104",",1,C","-14.0","1,C,16,","290",",,C,30,+","170",",,C,20,","17.0",",,C,20,","7.5","1,C,04,","2403.8","C","637.5","1,C","96.9",",,,C","705",",,,C","-2.92","1,C","0.27","1,,,C","-6.10","1,,,C"
"CA001142574","2012-02","50.2333","-116.9667","549.0","DUNCAN LAKE DAM, BC CA","0.0","C","0.0",",C","13",",C","6",",C","1",",C","29",",C","4",",C","0",",C","28",",C","5",",C","0",",C","0",",C","20120227",",,C","20120225",",,C","20120224",",,C","20120224",",,C","20120223",",,C","-15.0",",C,27,","360",",,C,25,","255",",,C,24,","25.5",",,C,24,","6.5",",C,23,","2986.2","C","582.4",",C","50.2",",,,C","400",",,,C","-1.75",",C","2.60",",,,C","-6.10",",,,C"
"CA001142574","2012-03","50.2333","-116.9667","549.0","DUNCAN LAKE DAM, BC CA","0.0","C","0.0",",C","24",",C","16",",C","0",",C","12","2,C","2","1,C","0",",C","21",",C","0",",C","0",",C","0",",C","20120301",",,C","20120301",",2,C","20120321",",1,C","20120315","+,,C","20120325",",,C","-7.0",",C,01,","290","2,,C,01,","90","1,,C,21,","13.6",",,C,15,+","11.0",",C,25,","3477.3","C","491.1",",C","130.5",",,,C","150","1,,,C","2.49",",C","6.24",",,,C","-1.26",",,,C"
"CA001142574","2012-04","50.2333","-116.9667","549.0","DUNCAN LAKE DAM, BC CA","0.0","C","0.0",",C","15","1,C","6","1,C","0","1,C","0","1,C","0","1,C","0",",C","12",",C","0",",C","0",",C","0",",C","20120422",",,C","20120430","+,1,C","20120430","+,1,C","20120424",",1,C","20120423",",,C","-5.5",",C,22,","0","1,,C,30,+","0","1,,C,30,+","17.7","1,,C,24,","21.0",",C,23,","3804.0","C","326.7",",C","71.9","1,,,C","0","1,,,C","7.44",",C","13.68",",,,C","1.20",",,,C"
"CA001142574","2012-05","50.2333","-116.9667","549.0","DUNCAN LAKE DAM, BC CA","0.0","C","0.0",",C","14",",C","3",",C","0",",C","0",",C","0",",C","0",",C","5",",C","0",",C","9",",C","0",",C","20120511",",,C","20120531","+,,C","20120531","+,,C","20120529",",,C","20120515","+,,C","-3.5",",C,11,","0",",,C,31,+","0",",,C,31,+","8.5",",,C,29,","27.0",",C,15,+","4030.3","C","226.3",",C","31.4",",,,C","0",",,,C","11.03",",C","19.05",",,,C","3.02",",,,C"
"CA001142574","2012-06","50.2333","-116.9667","549.0","DUNCAN LAKE DAM, BC CA","0.0","C","0.0",",C","22",",C","13",",C","1",",C","0",",C","0",",C","0",",C","0",",C","0",",C","5",",C","0",",C","20120628","+,,C","20120630","+,,C","20120630","+,,C","20120630",",,C","20120621",",,C","6.0",",C,28,+","0",",,C,30,+","0",",,C,30,+","28.6",",,C,30,","26.5",",C,21,","4163.8","C","133.5",",C","179.8",",,,C","0",",,,C","13.88",",C","18.65",",,,C","9.12",",,,C"
"CA001142574","2012-07","50.2333","-116.9667","549.0","DUNCAN LAKE DAM, BC CA","45.1","C","45.1","1,C","12",",C","2",",C","0",",C","0",",C","0",",C","0",",C","0",",C","0","1,C","24","1,C","1","1,C","20120730",",,C","20120731","+,,C","20120731","+,,C","20120720",",,C","20120712",",1,C","3.0",",C,30,","0",",,C,31,+","0",",,C,31,+","12.0",",,C,20,","32.5","1,C,12,","26.6","C","26.6","1,C","27.2",",,,C","0",",,,C","18.93","1,C","26.52","1,,,C","11.34",",,,C"
"CA001142574","2012-08","50.2333","-116.9667","549.0","DUNCAN LAKE DAM, BC CA","72.5","C","27.4",",C","12",",C","2",",C","0",",C","0",",C","0",",C","0",",C","0",",C","0",",C","30",",C","0",",C","20120825",",,C","20120831","+,,C","20120831","+,,C","20120821",",,C","20120812",",,C","2.5",",C,25,","0",",,C,31,+","0",",,C,31,+","5.4",",,C,21,","31.5",",C,12,","57.6","C","31.0",",C","16.1",",,,C","0",",,,C","18.22",",C","27.25",",,,C","9.18",",,,C"
"CA001142574","2012-09","50.2333","-116.9667","549.0","DUNCAN LAKE DAM, BC CA","72.5","C","0.0",",C","7",",C","2",",C","0",",C","0",",C","0",",C","0",",C","2",",C","0",",C","22",",C","0",",C","20120913","+,,C","20120930","+,,C","20120930","+,,C","20120909",",,C","20120921",",,C","0.0",",C,13,+","0",",,C,30,+","0",",,C,30,+","12.8",",,C,09,","25.0",",C,21,","223.5","C","165.9",",C","22.6",",,,C","0",",,,C","12.80",",C","21.50",",,,C","4.10",",,,C"
"CA001142574","2012-10","50.2333","-116.9667","549.0","DUNCAN LAKE DAM, BC CA","72.5","C","0.0",",C","23",",C","16",",C","0",",C","0",",C","0",",C","0",",C","16",",C","0",",C","0",",C","0",",C","20121006",",,C","20121021",",,C","20121020",",,C","20121014",",,C","20121001",",,C","-5.0",",C,06,","10",",,C,21,","10",",,C,20,","19.6",",,C,14,","19.5",",C,01,","595.1","C","371.6",",C","153.1",",,,C","10",",,,C","6.35",",C","11.63",",,,C","1.06",",,,C"
"CA001142574","2012-11","50.2333","-116.9667","549.0","DUNCAN LAKE DAM, BC CA","72.5","C","0.0",",C","24",",C","14",",C","0",",C","2",",C","2",",C","0",",C","14",",C","0",",C","0",",C","0",",C","20121112",",,C","20121112",",,C","20121111",",,C","20121119",",,C","20121105",",,C","-8.0",",C,12,","70",",,C,12,","70",",,C,11,","24.8",",,C,19,","14.0",",C,05,","1051.3","C","456.2",",C","135.5",",,,C","110",",,,C","3.13",",C","5.62",",,,C","0.63",",,,C"
"CA001142574","2012-12","50.2333","-116.9667","549.0","DUNCAN LAKE DAM, BC CA","72.5","C","0.0",",C","22",",C","11",",C","0",",C","18","2,C","4","1,C","0",",C","24",",C","4",",C","0",",C","0",",C","20121231","+,,C","20121218",",2,C","20121217",",1,C","20121217",",,C","20121202",",,C","-6.5",",C,31,+","160","2,,C,18,","80","1,,C,17,","8.0",",,C,17,","8.0",",C,02,","1622.4","C","571.1",",C","74.0",",,,C","285","1,,,C","-0.09",",C","2.40",",,,C","-2.58",",,,C"
"CA001142574","2013-01","50.2333","-116.9667","549.0","DUNCAN LAKE DAM, BC CA","0.0","C","0.0",",C","15",",C","8",",C","0",",C","31",",C","5",",C","0",",C","31",",C","12",",C","0",",C","0",",C","20130114",",,C","20130130",",,C","20130123",",,C","20130123",",,C","20130109",",,C","-12.0",",C,14,","350",",,C,30,","120",",,C,23,","12.0",",,C,23,","5.5",",C,09,","2260.7","C","638.3",",C","59.2",",,,C","420",",,,C","-2.26",",C","0.47",",,,C","-4.98",",,,C"
"CA001142574","2013-02","50.2333","-116.9667","549.0","DUNCAN LAKE DAM, BC CA","0.0","C","0.0",",C","12",",C","4",",C","0",",C","27",",C","0",",C","0",",C","26",",C","0",",C","0",",C","0",",C","20130211",",,C","20130201",",,C","20130222",",,C","20130222",",,C","20130213",",,C","-7.0",",C,11,","320",",,C,01,","20",",,C,22,","4.0",",,C,22,","8.0",",C,13,","2736.3","C","475.6",",C","22.2",",,,C","20",",,,C","1.35",",C","4.71",",,,C","-2.02",",,,C"
"CA001142574","2013-03","50.2333","-116.9667","549.0","DUNCAN LAKE DAM, BC CA","0.0","C","0.0",",C","13",",C","8",",C","1",",C","1",",C","1",",C","0",",C","24",",C","0",",C","0",",C","0",",C","20130324",",,C","20130313",",,C","20130312",",,C","20130312",",,C","20130331",",,C","-9.0",",C,24,","80",",,C,13,","80",",,C,12,","28.5",",,C,12,","19.5",",C,31,","3204.1","C","467.8",",C","101.7",",,,C","120",",,,C","3.24",",C","9.00",",,,C","-2.52",",,,C"
"CA001142574","2013-04","50.2333","-116.9667","549.0","DUNCAN LAKE DAM, BC CA","0.0","C","0.0",",C","18",",C","7",",C","0",",C","0",",C","0",",C","0",",C","17",",C","0",",C","0",",C","0",",C","20130422","+,,C","20130430","+,,C","20130430","+,,C","20130412",",,C","20130401",",,C","-5.5",",C,22,+","0",",,C,30,+","0",",,C,30,+","7.7",",,C,12,","20.5",",C,01,","3562.1","C","358.0",",C","48.7",",,,C","0",",,,C","6.40",",C","12.78",",,,C","0.02",",,,C"
"CA001142574","2013-05","50.2333","-116.9667","549.0","DUNCAN LAKE DAM, BC CA","0.0","C","0.0",",C","15",",C","4",",C","0",",C","0",",C","0",",C","0",",C","2",",C","0",",C","13",",C","0",",C","20130501",",,C","20130531","+,,C","20130531","+,,C","20130522",",,C","20130509",",,C","-4.5",",C,01,","0",",,C,31,+","0",",,C,31,+","18.8",",,C,22,","29.5",",C,09,","3733.2","C","171.1",",C","58.4",",,,C","0",",,,C","12.81",",C","20.60",",,,C","5.03",",,,C"
"CA001142574","2013-06","50.2333","-116.9667","549.0","DUNCAN LAKE DAM, BC CA","4.5","C","4.5",",C","17",",C","8",",C","1",",C","0",",C","0",",C","0",",C","0",",C","0",",C","17",",C","0",",C","20130601",",,C","20130630","+,,C","20130630","+,,C","20130619",",,C","20130630",",,C","3.0",",C,01,","0",",,C,30,+","0",",,C,30,+","57.0",",,C,19,","32.0",",C,30,","3835.7","C","102.5",",C","100.9",",,,C","0",",,,C","15.07",",C","21.80",",,,C","8.33",",,,C"
"CA001142574","2013-07","50.2333","-116.9667","549.0","DUNCAN LAKE DAM, BC CA","53.0","C","48.5",",C","5",",C","1",",C","0",",C","0",",C","0",",C","0",",C","0",",C","0",",C","31",",C","5",",C","20130707",",,C","20130731","+,,C","20130731","+,,C","20130717",",,C","20130701",",,C","6.0",",C,07,","0",",,C,31,+","0",",,C,31,+","10.4",",,C,17,","35.0",",C,01,","12.8","C","12.8",",C","15.2",",,,C","0",",,,C","19.48",",C","28.97",",,,C","10.00",",,,C"
"CA001142574","2013-08","50.2333","-116.9667","549.0","DUNCAN LAKE DAM, BC CA","75.5","C","22.5",",C","14",",C","10",",C","0",",C","0",",C","0",",C","0",",C","0",",C","0",",C","29",",C","0",",C","20130822","+,,C","20130831","+,,C","20130831","+,,C","20130801",",,C","20130809",",,C","6.0",",C,22,+","0",",,C,31,+","0",",,C,31,+","13.6",",,C,01,","31.5",",C,09,","40.0","C","27.2",",C","69.5",",,,C","0",",,,C","18.18",",C","25.88",",,,C","10.48",",,,C"
"CA001142574","2013-09","50.2333","-116.9667","549.0","DUNCAN LAKE DAM, BC CA","76.5","C","1.0",",C","19",",C","13",",C","1",",C","0",",C","0",",C","0",",C","0",",C","0",",C","11",",C","0",",C","20130927",",,C","20130930","+,,C","20130930","+,,C","20130928",",,C","20130913","+,,C","3.0",",C,27,","0",",,C,30,+","0",",,C,30,+","26.0",",,C,28,","28.0",",C,13,+","161.0","C","121.0",",C","158.9",",,,C","0",",,,C","14.33",",C","19.93",",,,C","8.73",",,,C"
"CA001142574","2013-10","50.2333","-116.9667","549.0","DUNCAN LAKE DAM, BC CA","76.5","C","0.0",",C","12",",C","5",",C","0",",C","0",",C","0",",C","0",",C","17",",C","0",",C","0",",C","0",",C","20131029",",,C","20131031","+,,C","20131031","+,,C","20131007",",,C","20131006",",,C","-6.0",",C,29,","0",",,C,31,+","0",",,C,31,+","4.2",",,C,07,","15.5",",C,06,","568.3","C","407.3",",C","19.4",",,,C","0",",,,C","5.19",",C","10.16",",,,C","0.23",",,,C"
"CA001142574","2013-11","50.2333","-116.9667","549.0","DUNCAN LAKE DAM, BC CA","76.5","C","0.0",",C","20",",C","9",",C","0",",C","1",",C","1",",C","0",",C","25",",C","5",",C","0",",C","0",",C","20131122","+,,C","20131108",",,C","20131107",",,C","20131118",",,C","20131101",",,C","-11.5",",C,22,+","50",",,C,08,","50",",,C,07,","16.2",",,C,18,","8.5",",C,01,","1106.0","C","537.7",",C","81.8",",,,C","70",",,,C","0.41",",C","2.95",",,,C","-2.13",",,,C"
"CA001142574","2013-12","50.2333","-116.9667","549.0","DUNCAN LAKE DAM, BC CA","76.5","C","0.0",",C","25",",C","10",",C","0",",C","18",",C","7",",C","2",",C","30",",C","17",",C","0",",C","0",",C","20131207",",,C","20131210",",,C","20131209",",,C","20131209",",,C","20131215",",,C","-20.5",",C,07,","240",",,C,10,","220",",,C,09,","22.0",",,C,09,","5.0",",C,15,","1790.3","C","684.3",",C","87.6",",,,C","590",",,,C","-3.74",",C","-1.47",",,,C","-6.02",",,,C"
"CA001142574","2014-01","50.2333","-116.9667","549.0","DUNCAN LAKE DAM, BC CA","0.0","C","0.0",",C","12",",C","8",",C","0",",C","31",",C","3",",C","0",",C","31",",C","9",",C","0",",C","0",",C","20140105",",,C","20140130","+,,C","20140108",",,C","20140110",",,C","20140113",",,C","-11.5",",C,05,","230",",,C,30,+","100",",,C,08,","14.0",",,C,10,","5.0",",C,13,","2405.9","C","615.6",",C","76.5",",,,C","260",",,,C","-1.52",",C","0.65",",,,C","-3.69",",,,C"
"CA001142574","2014-02","50.2333","-116.9667","549.0","DUNCAN LAKE DAM, BC CA","0.0","C","0.0","2,C","12","1,C","10","1,C","0","1,C","27","1,C","6","1,C","8","1,C","27","1,C","14","1,C","0","1,C","0","1,C","20140206",",1,C","20140212",",1,C","20140210",",1,C","20140210",",1,C","20140214",",1,C","-23.5","1,C,06,","470","1,,C,12,","180","1,,C,10,","18.0","1,,C,10,","5.5","1,C,14,","3046.3","C","640.4","1,C","78.4","1,,,C","525","1,,,C","-6.00","2,C","-1.00","1,,,C","-11.00","1,,,C"
"CA001142574","2014-03","50.2333","-116.9667","549.0","DUNCAN LAKE DAM, BC CA","0.0","C","0.0",",C","19",",C","10",",C","0",",C","23",",C","3",",C","0",",C","26",",C","3",",C","0",",C","0",",C","20140302",",,C","20140304",",,C","20140302",",,C","20140308",",,C","20140329","+,,C","-13.0",",C,02,","580",",,C,04,","160",",,C,02,","19.2",",,C,08,","11.5",",C,29,+","3571.4","C","525.1",",C","105.4",",,,C","360",",,,C","1.40",",C","6.26",",,,C","-3.47",",,,C"
"CA001142574","2014-04","50.2333","-116.9667","549.0","DUNCAN LAKE DAM, BC CA","0.0","C","0.0",",C","21",",C","7",",C","0",",C","0",",C","0",",C","0",",C","21",",C","0",",C","1",",C","0",",C","20140414","+,,C","20140430","+,,C","20140430","+,,C","20140426",",,C","20140430",",,C","-4.0",",C,14,+","0",",,C,30,+","0",",,C,30,+","7.6",",,C,26,","22.0",",C,30,","3927.9","C","356.5",",C","46.6",",,,C","0",",,,C","6.45",",C","13.17",",,,C","-0.27",",,,C"
"CA001142574","2014-05","50.2333","-116.9667","549.0","DUNCAN LAKE DAM, BC CA","0.0","C","0.0",",C","17",",C","10",",C","0",",C","0",",C","0",",C","0",",C","5",",C","0",",C","9",",C","0",",C","20140512","+,,C","20140531","+,,C","20140531","+,,C","20140503",",,C","20140531",",,C","-1.5",",C,12,+","0",",,C,31,+","0",",,C,31,+","10.2",",,C,03,","26.0",",C,31,","4143.0","C","215.1",",C","64.3",",,,C","0",",,,C","11.40",",C","18.00",",,,C","4.79",",,,C"
"CA001142574","2014-06","50.2333","-116.9667","549.0","DUNCAN LAKE DAM, BC CA","0.2","C","0.2",",C","15",",C","7",",C","0",",C","0",",C","0",",C","0",",C","0",",C","0",",C","18",",C","0",",C","20140606",",,C","20140630","+,,C","20140630","+,,C","20140615",",,C","20140622",",,C","1.5",",C,06,","0",",,C,30,+","0",",,C,30,+","8.8",",,C,15,","28.0",",C,22,","4239.4","C","96.4",",C","52.4",",,,C","0",",,,C","15.13",",C","21.90",",,,C","8.35",",,,C"
"CA001142574","2014-07","50.2333","-116.9667","549.0","DUNCAN LAKE DAM, BC CA","54.4","C","54.2",",C","5",",C","2",",C","0",",C","0",",C","0",",C","0",",C","0",",C","0",",C","29",",C","9",",C","20140718",",,C","20140731","+,,C","20140731","+,,C","20140723",",,C","20140713",",,C","3.5",",C,18,","0",",,C,31,+","0",",,C,31,+","10.8",",,C,23,","36.5",",C,13,","15.7","C","15.7",",C","19.0",",,,C","0",",,,C","19.57",",C","29.34",",,,C","9.81",",,,C"
"CA001142574","2014-08","50.2333","-116.9667","549.0","DUNCAN LAKE DAM, BC CA","90.7","C","36.3",",C","12",",C","5",",C","0",",C","0",",C","0",",C","0",",C","0",",C","0",",C","27",",C","3",",C","20140830","+,,C","20140831","+,,C","20140831","+,,C","20140815",",,C","20140801",",,C","7.0",",C,30,+","0",",,C,31,+","0",",,C,31,+","5.5",",,C,15,","34.0",",C,01,","44.1","C","28.4",",C","27.9",",,,C","0",",,,C","18.59",",C","26.29",",,,C","10.89",",,,C"
"CA001142574","2014-09","50.2333","-116.9667","549.0","DUNCAN LAKE DAM, BC CA","90.7","C","0.0",",C","12",",C","5",",C","0",",C","0",",C","0",",C","0",",C","3",",C","0",",C","10",",C","0",",C","20140911",",,C","20140930","+,,C","20140930","+,,C","20140902",",,C","20140921",",,C","-2.5",",C,11,","0",",,C,30,+","0",",,C,30,+","15.4",",,C,02,","25.5",",C,21,","217.1","C","173.0",",C","47.8",",,,C","0",",,,C","12.57",",C","19.65",",,,C","5.48",",,,C"
"CA001142574","2014-10","50.2333","-116.9667","549.0","DUNCAN LAKE DAM, BC CA","90.7","C","0.0",",C","22",",C","10",",C","0",",C","0",",C","0",",C","0",",C","3",",C","0",",C","0",",C","0",",C","20141003",",,C","20141031","+,,C","20141031","+,,C","20141025",",,C","20141007",",,C","-2.0",",C,03,","0",",,C,31,+","0",",,C,31,+","16.8",",,C,25,","19.5",",C,07,","508.9","C","291.8",",C","94.6",",,,C","0",",,,C","8.92",",C","13.42",",,,C","4.42",",,,C"
"CA001142574","2014-11","50.2333","-116.9667","549.0","DUNCAN LAKE DAM, BC CA","90.7","C","0.0",",C","17",",C","13",",C","0",",C","2",",C","1",",C","0",",C","22",",C","10",",C","0",",C","0",",C","20141115","+,,C","20141127",",,C","20141126",",,C","20141126",",,C","20141107","+,,C","-12.5",",C,15,+","120",",,C,27,","120",",,C,26,","15.4",",,C,26,","12.0",",C,07,+","1044.6","C","535.7",",C","106.0",",,,C","150",",,,C","0.48",",C","4.00",",,,C","-3.05",",,,C"
"CA001142574","2014-12","50.2333","-116.9667","549.0","DUNCAN LAKE DAM, BC CA","90.7","C","0.0",",C","20",",C","12",",C","0",",C","11",",C","4",",C","2",",C","29",",C","14",",C","0",",C","0",",C","20141230",",,C","20141229","+,,C","20141227",",,C","20141209",",,C","20141210",",,C","-18.5",",C,30,","110",",,C,29,+","60",",,C,27,","12.7",",,C,09,","9.0",",C,10,","1679.2","C","634.6",",C","86.8",",,,C","270",",,,C","-2.14",",C","0.47",",,,C","-4.74",",,,C"
"CA001142574","2015-01","50.2333","-116.9667","549.0","DUNCAN LAKE DAM, BC CA","0.0","C","0.0",",C","19",",C","12",",C","0",",C","31",",C","9",",C","0",",C","31",",C","8",",C","0",",C","0",",C","20150101",",,C","20150118",",,C","20150115","+,,C","20150115","+,,C","20150119",",,C","-14.5",",C,01,","520",",,C,18,","150",",,C,15,+","15.0",",,C,15,+","6.0",",C,19,","2277.3","C","598.1",",C","96.0",",,,C","770",",,,C","-0.96",",C","1.34",",,,C","-3.26",",,,C"
"CA001142574","2015-02","50.2333","-116.9667","549.0","DUNCAN LAKE DAM, BC CA","0.0","C","0.0","1,C","14",",C","8",",C","0",",C","14",",C","1",",C","0","1,C","20","1,C","0","1,C","0","1,C","0","1,C","20150222",",1,C","20150202",",,C","20150201",",,C","20150205",",,C","20150225","+,1,C","-8.5","1,C,22,","400",",,C,02,","90",",,C,01,","22.6",",,C,05,","8.0","1,C,25,+","2733.8","C","456.5","1,C","82.7",",,,C","130",",,,C","1.43","1,C","5.46","1,,,C","-2.61","1,,,C"
"CA001142574","2015-03","50.2333","-116.9667","549.0","DUNCAN LAKE DAM, BC CA","0.0","C","0.0",",C","19",",C","10",",C","0",",C","0",",C","0",",C","0",",C","18",",C","0",",C","0",",C","0",",C","20150304",",,C","20150324","+,,C","20150323","+,,C","20150315",",,C","20150330","+,,C","-12.0",",C,04,","0",",T,C,24,+","0",",T,C,23,+","19.2",",,C,15,","15.0",",C,30,+","3173.6","C","439.8",",C","92.2",",,,C","0",",T,,C","4.15",",C","9.84",",,,C","-1.55",",,,C"
"CA001142574","2015-04","50.2333","-116.9667","549.0","DUNCAN LAKE DAM, BC CA","0.0","C","0.0",",C","13",",C","4",",C","0",",C","0",",C","0",",C","0",",C","18",",C","0",",C","2",",C","0",",C","20150405",",,C","20150430","+,,C","20150430","+,,C","20150429",",,C","20150420",",,C","-4.0",",C,05,","0",",,C,30,+","0",",,C,30,+","5.8",",,C,29,","23.0",",C,20,","3503.6","C","330.0",",C","27.8",",,,C","0",",,,C","7.33",",C","15.10",",,,C","-0.43",",,,C"
"CA001142574","2015-05","50.2333","-116.9667","549.0","DUNCAN LAKE DAM, BC CA","0.0","C","0.0",",C","9",",C","5",",C","0",",C","0",",C","0",",C","0",",C","5",",C","0",",C","16",",C","0",",C","20150504",",,C","20150531","+,,C","20150531","+,,C","20150530",",,C","20150522",",,C","-2.0",",C,04,","0",",,C,31,+","0",",,C,31,+","16.6",",,C,30,","30.5",",C,22,","3671.7","C","168.1",",C","56.6",",,,C","0",",,,C","12.91",",C","21.60",",,,C","4.23",",,,C"
"CA001142574","2015-06","50.2333","-116.9667","549.0","DUNCAN LAKE DAM, BC CA","32.3","C","32.3","2,C","9","2,C","4","2,C","0","2,C","0","2,C","0","2,C","0","2,C","0","2,C","0","2,C","24","2,C","4","2,C","20150613",",2,C","20150630","+,2,C","20150630","+,2,C","20150603",",2,C","20150628",",2,C","3.0","2,C,13,","0","2,,C,30,+","0","2,,C,30,+","7.0","2,,C,03,","36.0","2,C,28,","3715.0","C","43.3","2,C","29.7","2,,,C","0","2,,,C","17.94","2,C","26.48","2,,,C","9.39","2,,,C"
"CA001142574","2015-07","50.2333","-116.9667","549.0","DUNCAN LAKE DAM, BC CA","85.3","C","53.0",",C","12",",C","5",",C","0",",C","0",",C","0",",C","0",",C","0",",C","0",",C","28",",C","5",",C","20150728",",,C","20150731","+,,C","20150731","+,,C","20150713",",,C","20150703",",,C","6.5",",C,28,","0",",,C,31,+","0",",,C,31,+","10.4",",,C,13,","34.5",",C,03,","20.6","C","20.6",",C","43.2",",,,C","0",",,,C","19.38",",C","27.26",",,,C","11.50",",,,C"
"CA001142574","2015-08","50.2333","-116.9667","549.0","DUNCAN LAKE DAM, BC CA","109.1","C","23.8",",C","11",",C","6",",C","0",",C","0",",C","0",",C","0",",C","0",",C","0",",C","22",",C","2",",C","20150823",",,C","20150831","+,,C","20150831","+,,C","20150830",",,C","20150812","+,,C","3.5",",C,23,","0",",,C,31,+","0",",,C,31,+","9.6",",,C,30,","34.0",",C,12,+","78.0","C","57.4",",C","41.8",",,,C","0",",,,C","17.25",",C","24.94",",,,C","9.56",",,,C"
"CA001142574","2015-09","50.2333","-116.9667","549.0","DUNCAN LAKE DAM, BC CA","109.1","C","0.0",",C","16",",C","6",",C","0",",C","0",",C","0",",C","0",",C","3",",C","0",",C","3",",C","0",",C","20150929","+,,C","20150930","+,,C","20150930","+,,C","20150902",",,C","20150911",",,C","0.0",",C,29,+","0",",,C,30,+","0",",,C,30,+","15.6",",,C,02,","26.0",",C,11,","271.7","C","193.7",",C","62.8",",,,C","0",",,,C","11.88",",C","18.03",",,,C","5.72",",,,C"
"CA001142574","2015-10","50.2333","-116.9667","549.0","DUNCAN LAKE DAM, BC CA","109.1","C","0.0",",C","13",",C","4",",C","0",",C","0",",C","0",",C","0",",C","11",",C","0",",C","1",",C","0",",C","20151025","+,,C","20151031","+,,C","20151031","+,,C","20151030",",,C","20151003",",,C","-3.0",",C,25,+","0",",,C,31,+","0",",,C,31,+","19.6",",,C,30,","22.0",",C,03,","572.8","C","301.1",",C","54.4",",,,C","0",",,,C","8.62",",C","14.69",",,,C","2.55",",,,C"
"CA001142574","2015-11","50.2333","-116.9667","549.0","DUNCAN LAKE DAM, BC CA","109.1","C","0.0",",C","17",",C","9",",C","0",",C","7",",C","1",",C","0",",C","24",",C","6",",C","0",",C","0",",C","20151128","+,,C","20151124",",,C","20151123",",,C","20151113",",,C","20151101",",,C","-10.0",",C,28,+","120",",,C,24,","120",",,C,23,","24.8",",,C,13,","9.0",",C,01,","1109.5","C","536.7",",C","127.6",",,,C","120",",,,C","0.44",",C","3.63",",,,C","-2.75",",,,C"
"CA001142574","2015-12","50.2333","-116.9667","549.0","DUNCAN LAKE DAM, BC CA","109.1","C","0.0","2,C","18","1,C","10","1,C","0","1,C","19","1,C","5","1,C","0","1,C","24","1,C","14","1,C","0","1,C","0","1,C","20151230",",1,C","20151229","+,1,C","20151217",",1,C","20151203",",1,C","20151208","+,1,C","-11.5","1,C,30,","150","1,,C,29,+","60","1,,C,17,","23.0","1,,C,03,","6.0","1,C,08,+","1667.7","C","558.2","1,C","86.2","1,,,C","250","1,,,C","-1.06","2,C","1.23","1,,,C","-3.35","1,,,C"
"CA001142574","2016-01","50.2333","-116.9667","549.0","DUNCAN LAKE DAM, BC CA","","","","","19","4,C","17","4,C","0","4,C","27","4,C","7","4,C","1","4,C","22","4,C","6","4,C","0","4,C","0","4,C","20160101",",4,C","20160118",",4,C","20160116",",4,C","20160121",",4,C","20160129","+,4,C","-18.0","4,C,01,","430","4,,C,18,","140","4,,C,16,","20.8","4,,C,21,","5.0","4,C,29,+","","","","","118.2","4,,,C","580","4,,,C","-0.39","8,C","1.94","4,,,C","-2.72","4,,,C"
"CA001142574","2016-02","50.2333","-116.9667","549.0","DUNCAN LAKE DAM, BC CA","","","0.0","2,C","16","1,C","8","1,C","0","1,C","16","1,C","1","1,C","0","1,C","22","1,C","0","1,C","0","1,C","0","1,C","20160207",",1,C","20160204",",1,C","20160203",",1,C","20160203",",1,C","20160227",",1,C","-6.0","1,C,07,","250","1,,C,04,","130","1,,C,03,","13.0","1,,C,03,","11.5","1,C,27,","","","442.7","1,C","62.2","1,,,C","150","1,,,C","2.03","2,C","6.00","1,,,C","-1.95","1,,,C"
"CA001142574","2016-03","50.2333","-116.9667","549.0","DUNCAN LAKE DAM, BC CA","","","","","22","3,C","12","3,C","0","3,C","1","3,C","1","3,C","0","3,C","18","3,C","0","3,C","0","3,C","0","3,C","20160318",",3,C","20160302",",3,C","20160301",",3,C","20160309",",3,C","20160331",",3,C","-3.5","3,C,18,","50","3,,C,02,","50","3,,C,01,","10.6","3,,C,09,","20.0","3,C,31,","","","","","76.8","3,,,C","60","3,,,C","4.92","4,C","9.93","3,,,C","-0.09","3,,,C"
"CA001142574","2016-04","50.2333","-116.9667","549.0","DUNCAN LAKE DAM, BC CA","","","0.0",",C","11",",C","4",",C","0",",C","0",",C","0",",C","0",",C","8",",C","0",",C","7",",C","0",",C","20160410",",,C","20160430","+,,C","20160430","+,,C","20160429",",,C","20160420",",,C","-1.5",",C,10,","0",",,C,30,+","0",",,C,30,+","5.0",",,C,29,","26.5",",C,20,","","","237.2",",C","23.0",",,,C","0",",,,C","10.43",",C","18.58",",,,C","2.27",",,,C"
"CA001142574","2016-05","50.2333","-116.9667","549.0","DUNCAN LAKE DAM, BC CA","","","0.0",",C","14",",C","6",",C","0",",C","0",",C","0",",C","0",",C","0",",C","0",",C","14",",C","0",",C","20160514",",,C","20160531","+,,C","20160531","+,,C","20160526",",,C","20160507",",,C","1.5",",C,14,","0",",,C,31,+","0",",,C,31,+","24.0",",,C,26,","29.0",",C,07,","","","153.3",",C","107.0",",,,C","0",",,,C","13.39",",C","20.92",",,,C","5.85",",,,C"
"CA001142574","2016-06","50.2333","-116.9667","549.0","DUNCAN LAKE DAM, BC CA","","","17.7",",C","14",",C","7",",C","0",",C","0",",C","0",",C","0",",C","0",",C","0",",C","14",",C","2",",C","20160612",",,C","20160630","+,,C","20160630","+,,C","20160613",",,C","20160607","+,,C","2.5",",C,12,","0",",,C,30,+","0",",,C,30,+","14.0",",,C,13,","32.5",",C,07,+","","","108.7",",C","68.2",",,,C","0",",,,C","15.30",",C","22.38",",,,C","8.22",",,,C"
"CA001142574","2016-07","50.2333","-116.9667","549.0","DUNCAN LAKE DAM, BC CA","","","18.8",",C","22",",C","5",",C","0",",C","0",",C","0",",C","0",",C","0",",C","0",",C","25",",C","1",",C","20160707",",,C","20160731","+,,C","20160731","+,,C","20160727",",,C","20160729",",,C","7.5",",C,07,","0",",,C,31,+","0",",,C,31,+","4.0",",,C,27,","32.5",",C,29,","32.8","C","32.8",",C","31.6",",,,C","0",",,,C","17.88",",C","24.65",",,,C","11.11",",,,C"
"CA001142574","2016-08","50.2333","-116.9667","549.0","DUNCAN LAKE DAM, BC CA","","","13.3","2,C","9","1,C","2","1,C","0","1,C","0","1,C","0","1,C","0","1,C","0","1,C","0","1,C","26","1,C","0","1,C","20160825","+,1,C","20160831","+,1,C","20160831","+,1,C","20160802",",1,C","20160817","+,1,C","5.5","1,C,25,+","0","1,,C,31,+","0","1,,C,31,+","22.0","1,,C,02,","32.0","1,C,17,+","69.0","C","36.2","1,C","33.8","1,,,C","0","1,,,C","17.68","2,C","26.40","1,,,C","8.95","1,,,C"
"CA001142574","2016-09","50.2333","-116.9667","549.0","DUNCAN LAKE DAM, BC CA","","","0.0",",C","17",",C","6",",C","0",",C","0",",C","0",",C","0",",C","1",",C","0",",C","6",",C","0",",C","20160913",",,C","20160930","+,,C","20160930","+,,C","20160917",",,C","20160916","+,,C","0.0",",C,13,","0",",,C,30,+","0",",,C,30,+","16.2",",,C,17,","24.0",",C,16,+","251.0","C","182.0",",C","65.2",",,,C","0",",,,C","12.27",",C","19.07",",,,C","5.47",",,,C"
"CA001142574","2016-10","50.2333","-116.9667","549.0","DUNCAN LAKE DAM, BC CA","","","0.0",",C","30",",C","15",",C","2",",C","0",",C","0",",C","0",",C","4",",C","0",",C","0",",C","0",",C","20161013","+,,C","20161031","+,,C","20161031","+,,C","20161013",",,C","20161003",",,C","-2.0",",C,13,+","0",",,C,31,+","0",",,C,31,+","31.4",",,C,13,","16.5",",C,03,","592.3","C","341.3",",C","186.4",",,,C","0",",,,C","7.32",",C","11.08",",,,C","3.56",",,,C"
"CA001142574","2016-11","50.2333","-116.9667","549.0","DUNCAN LAKE DAM, BC CA","","","0.0",",C","26",",C","13",",C","0",",C","0",",C","0",",C","0",",C","5",",C","0",",C","0",",C","0",",C","20161117",",,C","20161130","+,,C","20161130","+,,C","20161114",",,C","20161103",",,C","-2.5",",C,17,","0",",,C,30,+","0",",,C,30,+","11.8",",,C,14,","13.5",",C,03,","994.0","C","401.7",",C","101.4",",,,C","0",",,,C","4.94",",C","7.40",",,,C","2.48",",,,C"
"CA001142574","2016-12","50.2333","-116.9667","549.0","DUNCAN LAKE DAM, BC CA","","","0.0",",C","16",",C","11",",C","0",",C","22",",C","10",",C","0",",C","27",",C","19",",C","0",",C","0",",C","20161217","+,,C","20161224",",,C","20161217",",,C","20161217",",,C","20161203",",,C","-16.5",",C,17,+","250",",,C,24,","170",",,C,17,","17.0",",,C,17,","5.0",",C,03,","1700.3","C","706.3",",C","65.1",",,,C","596",",,,C","-4.45",",C","-1.71",",,,C","-7.19",",,,C"
"CA001142574","2017-01","50.2333","-116.9667","549.0","DUNCAN LAKE DAM, BC CA","0.0","C","0.0",",C","10",",C","5",",C","0",",C","31",",C","4",",C","7",",C","30",",C","17",",C","0",",C","0",",C","20170104","+,,C","20170118",",,C","20170108",",,C","20170108",",,C","20170120",",,C","-23.5",",C,04,+","450",",,C,18,","150",",,C,08,","15.0",",,C,08,","5.0",",C,20,","2472.6","C","772.3",",C","50.6",",,,C","446",",,,C","-6.58",",C","-2.68",",,,C","-10.48",",,,C"
"CA001142574","2017-03","50.2333","-116.9667","549.0","DUNCAN LAKE DAM, BC CA","","","0.0","3,C","24","3,C","15","3,C","0","3,C","24","3,C","2","3,C","0","3,C","16","3,C","0","3,C","0","3,C","0","3,C","20170321",",3,C","20170310",",3,C","20170309",",3,C","20170309",",3,C","20170331",",3,C","-7.0","3,C,21,","500","3,,C,10,","200","3,,C,09,","20.0","3,,C,09,","15.5","3,C,31,","","","430.3","3,C","128.0","3,,,C","294","3,,,C","2.96","3,C","6.98","3,,,C","-1.05","3,,,C"
"CA001142574","2017-04","50.2333","-116.9667","549.0","DUNCAN LAKE DAM, BC CA","","","0.0",",C","23",",C","4",",C","0",",C","0",",C","0",",C","0",",C","9",",C","0",",C","0",",C","0",",C","20170404",",,C","20170430","+,,C","20170430","+,,C","20170408",",,C","20170422",",,C","-5.0",",C,04,","0",",,C,30,+","0",",,C,30,+","16.0",",,C,08,","17.0",",C,22,","","","338.7",",C","54.4",",,,C","0",",,,C","7.04",",C","12.42",",,,C","1.67",",,,C"
"CA001142574","2017-05","50.2333","-116.9667","549.0","DUNCAN LAKE DAM, BC CA","","","0.8","2,C","13","1,C","6","1,C","0","1,C","0","1,C","0","1,C","0","1,C","1","1,C","0","1,C","13","1,C","0","1,C","20170508",",1,C","20170531","+,1,C","20170531","+,1,C","20170511",",1,C","20170529",",1,C","-1.5","1,C,08,","0","1,,C,31,+","0","1,,C,31,+","8.4","1,,C,11,","30.0","1,C,29,","","","167.7","1,C","41.0","1,,,C","0","1,,,C","12.50","2,C","19.95","1,,,C","5.05","1,,,C"
"CA001142574","2017-06","50.2333","-116.9667","549.0","DUNCAN LAKE DAM, BC CA","","","2.3","3,C","10","2,C","4","2,C","0","2,C","0","2,C","0","2,C","0","2,C","0","2,C","0","2,C","19","2,C","0","2,C","20170612",",2,C","20170630","+,2,C","20170630","+,2,C","20170608",",2,C","20170630",",2,C","4.0","2,C,12,","0","2,,C,30,+","0","2,,C,30,+","7.8","2,,C,08,","30.5","2,C,30,","","","63.8","2,C","30.0","2,,,C","0","2,,,C","16.01","3,C","23.73","2,,,C","8.29","2,,,C"
"CA001142574","2017-07","50.2333","-116.9667","549.0","DUNCAN LAKE DAM, BC CA","","","64.5",",C","3",",C","1",",C","0",",C","0",",C","0",",C","0",",C","0",",C","0",",C","31",",C","9",",C","20170718",",,C","20170731","+,,C","20170731","+,,C","20170710",",,C","20170708",",,C","5.5",",C,18,","0",",,C,31,+","0",",,C,31,+","5.4",",,C,10,","34.0",",C,08,","2.8","C","2.8",",C","7.2",",,,C","0",",,,C","20.32",",C","30.23",",,,C","10.42",",,,C"
"CA001142574","2017-08","50.2333","-116.9667","549.0","DUNCAN LAKE DAM, BC CA","","","28.5",",C","3",",C","2",",C","0",",C","0",",C","0",",C","0",",C","0",",C","0",",C","28",",C","1",",C","20170826",",,C","20170831","+,,C","20170831","+,,C","20170813",",,C","20170801",",,C","5.0",",C,26,","0",",,C,31,+","0",",,C,31,+","22.0",",,C,13,","32.5",",C,01,","28.4","C","25.6",",C","25.5",",,,C","0",",,,C","18.43",",C","28.02",",,,C","8.84",",,,C"
"CA001142574","2017-09","50.2333","-116.9667","549.0","DUNCAN LAKE DAM, BC CA","","","2.8",",C","8",",C","2",",C","0",",C","0",",C","0",",C","0",",C","3",",C","0",",C","17",",C","1",",C","20170924","+,,C","20170930","+,,C","20170930","+,,C","20170909",",,C","20170903",",,C","-0.5",",C,24,+","0",",,C,30,+","0",",,C,30,+","9.6",",,C,09,","32.5",",C,03,","180.0","C","151.6",",C","19.2",",,,C","0",",,,C","13.38",",C","21.60",",,,C","5.15",",,,C"
"CA001142574","2017-10","50.2333","-116.9667","549.0","DUNCAN LAKE DAM, BC CA","","","0.0",",C","16",",C","9",",C","0",",C","0",",C","0",",C","0",",C","16",",C","0",",C","0",",C","0",",C","20171031","+,,C","20171031","+,,C","20171031",",,C","20171019",",,C","20171005","+,,C","-5.0",",C,31,+","0",",,C,31,+","0",",T,C,31,","25.0",",,C,19,","17.0",",C,05,+","574.1","C","394.1",",C","104.4",",,,C","0",",T,,C","5.62",",C","11.13",",,,C","0.11",",,,C"
"CA001142574","2017-11","50.2333","-116.9667","549.0","DUNCAN LAKE DAM, BC CA","","","0.0",",C","22",",C","12",",C","0",",C","1",",C","1",",C","0",",C","14",",C","1",",C","0",",C","0",",C","20171107","+,,C","20171103",",,C","20171102",",,C","20171122",",,C","20171122",",,C","-9.5",",C,07,+","30",",,C,03,","30",",,C,02,","12.0",",,C,22,","10.5",",C,22,","1058.3","C","484.2",",C","101.4",",,,C","30",",,,C","2.19",",C","4.57",",,,C","-0.18",",,,C"
"CA001142574","2017-12","50.2333","-116.9667","549.0","DUNCAN LAKE DAM, BC CA","","","0.0",",C","10",",C","8",",C","0",",C","15",",C","7",",C","1",",C","29",",C","20",",C","0",",C","0",",C","20171224",",,C","20171230",",,C","20171219",",,C","20171219",",,C","20171202",",,C","-20.0",",C,24,","510",",,C,30,","220",",,C,19,","22.0",",,C,19,","5.5",",C,02,","1757.4","C","699.1",",C","86.4",",,,C","818",",,,C","-4.22",",C","-1.97",",,,C","-6.47",",,,C"
"CA001142574","2018-01","50.2333","-116.9667","549.0","DUNCAN LAKE DAM, BC CA","0.0","C","0.0",",C","22",",C","12",",C","0",",C","31",",C","7",",C","2",",C","30",",C","10",",C","0",",C","0",",C","20180102","+,,C","20180129",",,C","20180123",",,C","20180123",",,C","20180130",",,C","-22.0",",C,02,+","570",",,C,29,","160",",,C,23,","16.6",",,C,23,","5.0",",C,30,","2385.5","C","628.1",",C","127.4",",,,C","790",",,,C","-1.93",",C","0.97",",,,C","-4.82",",,,C"
"CA001142574","2018-02","50.2333","-116.9667","549.0","DUNCAN LAKE DAM, BC CA","0.0","C","0.0",",C","15",",C","9",",C","0",",C","26","2,C","6","1,C","6",",C","28",",C","14",",C","0",",C","0",",C","20180221",",,C","20180224",",2,C","20180213",",1,C","20180213",",,C","20180215",",,C","-23.0",",C,21,","680","2,,C,24,","104","1,,C,13,","10.4",",,C,13,","4.5",",C,15,","3033.6","C","648.1",",C","70.8",",,,C","466","1,,,C","-4.81",",C","-0.09",",,,C","-9.54",",,,C"
"CA001142574","2018-03","50.2333","-116.9667","549.0","DUNCAN LAKE DAM, BC CA","0.0","C","0.0",",C","13",",C","3",",C","0",",C","31",",C","1",",C","0",",C","26",",C","0",",C","0",",C","0",",C","20180312","+,,C","20180301",",,C","20180308",",,C","20180308",",,C","20180317","+,,C","-8.0",",C,12,+","640",",,C,01,","40",",,C,08,","13.4",",,C,08,","12.5",",C,17,+","3521.2","C","487.6",",C","42.0",",,,C","60",",,,C","2.60",",C","7.65",",,,C","-2.44",",,,C"
"CA001142574","2018-04","50.2333","-116.9667","549.0","DUNCAN LAKE DAM, BC CA","0.0","C","0.0",",C","20",",C","7",",C","0",",C","4",",C","0",",C","0",",C","16",",C","0",",C","3",",C","0",",C","20180401",",,C","20180403","+,,C","20180407","+,,C","20180428",",,C","20180427",",,C","-4.5",",C,01,","40",",,C,03,+","0",",T,C,07,+","11.2",",,C,28,","26.5",",C,27,","3873.7","C","352.5",",C","65.0",",,,C","0",",T,,C","6.58",",C","12.60",",,,C","0.57",",,,C"
"CA001142574","2018-05","50.2333","-116.9667","549.0","DUNCAN LAKE DAM, BC CA","1.1","C","1.1",",C","12",",C","7",",C","0",",C","0",",C","0",",C","0",",C","0",",C","0",",C","24",",C","0",",C","20180503","+,,C","20180531","+,,C","20180531","+,,C","20180531",",,C","20180523","+,,C","1.0",",C,03,+","0",",,C,31,+","0",",,C,31,+","9.0",",,C,31,","30.0",",C,23,+","3980.9","C","107.2",",C","45.4",",,,C","0",",,,C","14.91",",C","23.45",",,,C","6.37",",,,C"
"CA001142574","2018-06","50.2333","-116.9667","549.0","DUNCAN LAKE DAM, BC CA","5.4","C","4.3",",C","15",",C","10",",C","1",",C","0",",C","0",",C","0",",C","0",",C","0",",C","15",",C","0",",C","20180605",",,C","20180630","+,,C","20180630","+,,C","20180609",",,C","20180618",",,C","3.5",",C,05,","0",",,C,30,+","0",",,C,30,+","27.2",",,C,09,","29.5",",C,18,","4066.9","C","86.0",",C","106.8",",,,C","0",",,,C","15.61",",C","22.15",",,,C","9.07",",,,C"
"CA001142574","2018-07","50.2333","-116.9667","549.0","DUNCAN LAKE DAM, BC CA","57.0","C","51.6","4,C","5","2,C","2","2,C","0","2,C","0","2,C","0","2,C","0","2,C","0","2,C","0","2,C","25","2,C","6","2,C","20180715",",2,C","20180731","+,2,C","20180731","+,2,C","20180710",",2,C","20180731","+,2,C","7.5","2,C,15,","0","2,,C,31,+","0","2,,C,31,+","11.4","2,,C,10,","33.0","2,C,31,+","13.3","C","13.3","2,C","22.8","2,,,C","0","2,,,C","19.55","4,C","28.64","2,,,C","10.47","2,,,C"
"CA001142574","2018-08","50.2333","-116.9667","549.0","DUNCAN LAKE DAM, BC CA","84.7","C","27.7","2,C","9","1,C","2","1,C","0","1,C","0","1,C","0","1,C","0","1,C","0","1,C","0","1,C","24","1,C","2","1,C","20180825",",1,C","20180831","+,1,C","20180831","+,1,C","20180826",",1,C","20180810",",1,C","5.0","1,C,25,","0","1,,C,31,+","0","1,,C,31,+","4.8","1,,C,26,","33.0","1,C,10,","61.1","C","47.8","1,C","15.8","1,,,C","0","1,,,C","17.58","2,C","25.72","1,,,C","9.43","1,,,C"
"CA001142574","2018-09","50.2333","-116.9667","549.0","DUNCAN LAKE DAM, BC CA","84.7","C","0.0",",C","19",",C","12",",C","0",",C","0",",C","0",",C","0",",C","0",",C","0",",C","8",",C","0",",C","20180919",",,C","20180930","+,,C","20180930","+,,C","20180922",",,C","20180906",",,C","1.5",",C,19,","0",",,C,30,+","0",",,C,30,+","11.2",",,C,22,","26.5",",C,06,","256.1","C","195.0",",C","84.4",",,,C","0",",,,C","11.83",",C","17.97",",,,C","5.70",",,,C"
"CA001142574","2018-10","50.2333","-116.9667","549.0","DUNCAN LAKE DAM, BC CA","84.7","C","0.0",",C","11",",C","6",",C","0",",C","0",",C","0",",C","0",",C","18",",C","0",",C","0",",C","0",",C","20181014",",,C","20181031","+,,C","20181031","+,,C","20181001",",,C","20181019",",,C","-4.0",",C,14,","0",",,C,31,+","0",",,C,31,+","25.2",",,C,01,","15.0",",C,19,","635.9","C","379.8",",C","72.4",",,,C","0",",,,C","6.08",",C","11.97",",,,C","0.19",",,,C"
"CA001142574","2018-11","50.2333","-116.9667","549.0","DUNCAN LAKE DAM, BC CA","84.7","C","0.0",",C","19",",C","14",",C","1",",C","0",",C","0",",C","0",",C","19",",C","0",",C","0",",C","0",",C","20181108",",,C","20181109",",,C","20181108",",,C","20181101",",,C","20181102",",,C","-5.0",",C,08,","20",",,C,09,","20",",,C,08,","29.0",",,C,01,","10.5",",C,02,","1109.1","C","473.2",",C","111.8",",,,C","20",",,,C","2.56",",C","5.12",",,,C","0.00",",,,C"
"CA001142574","2018-12","50.2333","-116.9667","549.0","DUNCAN LAKE DAM, BC CA","84.7","C","0.0",",C","16",",C","12",",C","0",",C","9",",C","4",",C","0",",C","26",",C","12",",C","0",",C","0",",C","20181206",",,C","20181229",",,C","20181222",",,C","20181211",",,C","20181214",",,C","-10.0",",C,06,","120",",,C,29,","70",",,C,22,","10.2",",,C,11,","6.0",",C,14,","1700.7","C","591.6",",C","71.2",",,,C","196",",,,C","-0.75",",C","1.23",",,,C","-2.73",",,,C"
"CA001142574","2019-01","50.2333","-116.9667","549.0","DUNCAN LAKE DAM, BC CA","0.0","C","0.0","3,C","11","1,C","6","1,C","0","1,C","23","1,C","6","1,C","0","1,C","30","1,C","8","2,C","0","2,C","0","2,C","20190130",",1,C","20190110","+,1,C","20190109",",1,C","20190131","+,1,C","20190105",",2,C","-10.5","1,C,30,","110","1,,C,10,+","60","1,,C,09,","6.0","1,,C,31,+","6.5","2,C,05,","2249.8","C","549.1","2,C","38.4","1,,,C","310","1,,,C","-1.35","3,C","1.71","2,,,C","-4.42","1,,,C"
"CA001142574","2019-02","50.2333","-116.9667","549.0","DUNCAN LAKE DAM, BC CA","0.0","C","0.0",",C","12",",C","7",",C","0",",C","20","2,C","7","1,C","4",",C","28",",C","20",",C","0",",C","0",",C","20190210",",,C","20190209","+,2,C","20190207",",1,C","20190207",",,C","20190202",",,C","-21.0",",C,10,","200","2,,C,09,+","180","1,,C,07,","18.0",",,C,07,","6.0",",C,02,","2954.9","C","705.1",",C","51.0",",,,C","490","1,,,C","-6.85",",C","-1.68",",,,C","-12.02",",,,C"
"CA001142574","2019-03","50.2333","-116.9667","549.0","DUNCAN LAKE DAM, BC CA","0.0","C","0.0",",C","5",",C","3",",C","0",",C","20",",C","2",",C","4",",C","30",",C","3",",C","0",",C","0",",C","20190303",",,C","20190312",",,C","20190311",",,C","20190311",",,C","20190320",",,C","-22.0",",C,03,","250",",,C,12,","110",",,C,11,","11.0",",,C,11,","17.0",",C,20,","3492.7","C","537.8",",C","21.6",",,,C","144",",,,C","0.98",",C","8.60",",,,C","-6.63",",,,C"
"CA001142574","2019-04","50.2333","-116.9667","549.0","DUNCAN LAKE DAM, BC CA","0.0","C","0.0",",C","20",",C","8",",C","0",",C","0",",C","0",",C","0",",C","14",",C","0",",C","0",",C","0",",C","20190430","+,,C","20190430","+,,C","20190430","+,,C","20190418",",,C","20190421",",,C","-4.0",",C,30,+","0",",,C,30,+","0",",,C,30,+","14.6",",,C,18,","20.0",",C,21,","3829.7","C","337.0",",C","51.6",",,,C","0",",,,C","7.10",",C","13.97",",,,C","0.23",",,,C"
"CA001142574","2019-05","50.2333","-116.9667","549.0","DUNCAN LAKE DAM, BC CA","1.4","C","1.4",",C","8",",C","3",",C","0",",C","0",",C","0",",C","0",",C","2",",C","0",",C","18",",C","0",",C","20190501",",,C","20190531","+,,C","20190531","+,,C","20190517",",,C","20190528",",,C","-1.0",",C,01,","0",",,C,31,+","0",",,C,31,+","5.6",",,C,17,","30.0",",C,28,","3982.9","C","153.2",",C","20.4",",,,C","0",",,,C","13.44",",C","21.61",",,,C","5.26",",,,C"
"CA001142574","2019-06","50.2333","-116.9667","549.0","DUNCAN LAKE DAM, BC CA","13.9","C","12.5",",C","16",",C","7",",C","0",",C","0",",C","0",",C","0",",C","0",",C","0",",C","16",",C","0",",C","20190620","+,,C","20190630","+,,C","20190630","+,,C","20190607",",,C","20190616",",,C","5.0",",C,20,+","0",",,C,30,+","0",",,C,30,+","9.0",",,C,07,","31.5",",C,16,","4062.9","C","80.0",",C","53.2",",,,C","0",",,,C","16.08",",C","23.35",",,,C","8.82",",,,C"
"CA001142574","2019-07","50.2333","-116.9667","549.0","DUNCAN LAKE DAM, BC CA","24.3","C","10.4",",C","23",",C","14",",C","0",",C","0",",C","0",",C","0",",C","0",",C","0",",C","20",",C","0",",C","20190701",",,C","20190731","+,,C","20190731","+,,C","20190704",",,C","20190723",",,C","6.0",",C,01,","0",",,C,31,+","0",",,C,31,+","18.6",",,C,04,","31.0",",C,23,","49.0","C","49.0",",C","115.0",",,,C","0",",,,C","17.09",",C","23.79",",,,C","10.39",",,,C"
"CA001142574","2019-08","50.2333","-116.9667","549.0","DUNCAN LAKE DAM, BC CA","40.1","C","15.8",",C","11",",C","5",",C","0",",C","0",",C","0",",C","0",",C","0",",C","0",",C","29",",C","1",",C","20190827",",,C","20190831","+,,C","20190831","+,,C","20190831",",,C","20190808",",,C","4.5",",C,27,","0",",,C,31,+","0",",,C,31,+","22.2",",,C,31,","33.0",",C,08,","74.4","C","25.4",",C","53.0",",,,C","0",",,,C","18.02",",C","26.47",",,,C","9.58",",,,C"
"CA001142574","2019-09","50.2333","-116.9667","549.0","DUNCAN LAKE DAM, BC CA","43.2","C","3.1",",C","18",",C","9",",C","1",",C","0",",C","0",",C","0",",C","0",",C","0",",C","7",",C","0",",C","20190927",",,C","20190930","+,,C","20190930","+,,C","20190908",",,C","20190902",",,C","1.5",",C,27,","0",",,C,30,+","0",",,C,30,+","25.6",",,C,08,","28.0",",C,02,","223.0","C","148.6",",C","92.6",",,,C","0",",,,C","13.48",",C","18.13",",,,C","8.83",",,,C"
"CA001142574","2019-10","50.2333","-116.9667","549.0","DUNCAN LAKE DAM, BC CA","43.2","C","0.0",",C","11",",C","5",",C","0",",C","0",",C","0",",C","0",",C","17",",C","0",",C","0",",C","0",",C","20191030","+,,C","20191031","+,,C","20191031","+,,C","20191016",",,C","20191006",",,C","-10.5",",C,30,+","0",",,C,31,+","0",",,C,31,+","7.6",",,C,16,","14.5",",C,06,","658.6","C","435.6",",C","32.4",",,,C","0",",,,C","4.28",",C","9.24",",,,C","-0.68",",,,C"
"CA001142574","2019-11","50.2333","-116.9667","549.0","DUNCAN LAKE DAM, BC CA","43.2","C","0.0",",C","16",",C","8",",C","0",",C","0","2,C","1","1,C","0",",C","21",",C","5",",C","0",",C","0",",C","20191129",",,C","20191123",",2,C","20191111",",1,C","20191116",",,C","20191106",",,C","-13.0",",C,29,","20","2,,C,23,","60","1,,C,11,","10.0",",,C,16,","10.0",",C,06,","1187.3","C","528.7",",C","58.4",",,,C","88","1,,,C","0.71",",C","4.20",",,,C","-2.78",",,,C"
"CA001142574","2019-12","50.2333","-116.9667","549.0","DUNCAN LAKE DAM, BC CA","43.2","C","0.0",",C","21",",C","13",",C","2",",C","21","3,C","8","1,C","0",",C","31",",C","8",",C","0",",C","0",",C","20191201",",,C","20191203",",3,C","20191231",",1,C","20191231",",,C","20191221",",,C","-11.0",",C,01,","200","3,,C,03,","390","1,,C,31,","39.0",",,C,31,","6.5",",C,21,","1775.4","C","588.1",",C","151.9",",,,C","902","1,,,C","-0.64",",C","1.61",",,,C","-2.89",",,,C"
"CA001142574","2020-01","50.2333","-116.9667","549.0","DUNCAN LAKE DAM, BC CA","0.0","C","0.0",",C","25",",C","15",",C","0",",C","25","5,C","8","3,C","0",",C","29",",C","10",",C","0",",C","0",",C","20200115",",,C","20200119",",5,C","20200118",",3,C","20200131",",,C","20200131",",,C","-15.0",",C,15,","580","5,,C,19,","88","3,,C,18,","18.6",",,C,31,","7.0",",C,31,","2399.2","C","623.8",",C","120.2",",,,C","522","3,,,C","-1.79",",C","0.87",",,,C","-4.45",",,,C"
"CA001142574","2020-02","50.2333","-116.9667","549.0","DUNCAN LAKE DAM, BC CA","0.0","C","0.0","2,C","12","1,C","8","1,C","0","1,C","26","3,C","7","2,C","0","1,C","28","1,C","3","1,C","0","1,C","0","1,C","20200204",",1,C","20200224","+,3,C","20200204",",2,C","20200204",",1,C","20200229","+,1,C","-14.0","1,C,04,","440","3,,C,24,+","160","2,,C,04,","16.0","1,,C,04,","8.0","1,C,29,+","2938.2","C","539.0","1,C","59.0","1,,,C","490","2,,,C","-1.55","2,C","2.89","1,,,C","-6.00","1,,,C"
"CA001142574","2020-06","50.2333","-116.9667","549.0","DUNCAN LAKE DAM, BC CA","","","6.9",",C","23",",C","4",",C","0",",C","0",",C","0",",C","0",",C","0",",C","0",",C","15",",C","0",",C","20200605",",,C","20200630","+,,C","20200630","+,,C","20200613",",,C","20200625",",,C","3.0",",C,05,","0",",,C,30,+","0",",,C,30,+","6.8",",,C,13,","29.5",",C,25,","","","94.4",",C","40.2",",,,C","0",",,,C","15.42",",C","21.80",",,,C","9.03",",,,C"
"CA001142574","2020-07","50.2333","-116.9667","549.0","DUNCAN LAKE DAM, BC CA","","","31.4",",C","12",",C","3",",C","0",",C","0",",C","0",",C","0",",C","0",",C","0",",C","26",",C","5",",C","20200714","+,,C","20200731","+,,C","20200731","+,,C","20200707",",,C","20200731",",,C","6.0",",C,14,+","0",",,C,31,+","0",",,C,31,+","16.2",",,C,07,","36.0",",C,31,","36.7","C","36.7",",C","34.9",",,,C","0",",,,C","18.16",",C","26.18",",,,C","10.15",",,,C"
"CA001142574","2020-08","50.2333","-116.9667","549.0","DUNCAN LAKE DAM, BC CA","","","33.8","2,C","6","1,C","2","1,C","0","1,C","0","1,C","0","1,C","0","1,C","0","1,C","0","1,C","28","1,C","2","1,C","20200831","+,1,C","20200831","+,1,C","20200831","+,1,C","20200806",",1,C","20200803","+,1,C","6.0","1,C,31,+","0","1,,C,31,+","0","1,,C,31,+","15.8","1,,C,06,","33.0","1,C,03,+","63.9","C","27.2","1,C","27.6","1,,,C","0","1,,,C","18.48","2,C","27.43","1,,,C","9.52","1,,,C"
"CA001142574","2020-09","50.2333","-116.9667","549.0","DUNCAN LAKE DAM, BC CA","","","0.7",",C","9",",C","5",",C","0",",C","0",",C","0",",C","0",",C","0",",C","0",",C","13",",C","0",",C","20200908",",,C","20200930","+,,C","20200930","+,,C","20200923",",,C","20200905","+,,C","0.5",",C,08,","0",",,C,30,+","0",",,C,30,+","13.8",",,C,23,","28.5",",C,05,+","202.1","C","138.2",",C","46.2",",,,C","0",",,,C","13.75",",C","21.02",",,,C","6.48",",,,C"
"CA001142574","2020-10","50.2333","-116.9667","549.0","DUNCAN LAKE DAM, BC CA","","","0.0",",C","20",",C","13",",C","0",",C","1",",C","1","1,C","0",",C","11",",C","1",",C","1",",C","0",",C","20201025",",,C","20201024",",,C","20201023",",1,C","20201013",",,C","20201007",",,C","-9.0",",C,25,","30",",,C,24,","30","1,,C,23,","14.0",",,C,13,","22.5",",C,07,","584.7","C","382.6",",C","102.2",",,,C","36","1,,,C","5.99",",C","10.34",",,,C","1.65",",,,C"
"CA001142574","2020-11","50.2333","-116.9667","549.0","DUNCAN LAKE DAM, BC CA","","","0.0",",C","16",",C","8",",C","0",",C","0",",C","0",",C","0",",C","18",",C","0",",C","0",",C","0",",C","20201109","+,,C","20201113",",,C","20201112",",,C","20201103",",,C","20201104",",,C","-6.0",",C,09,+","20",",,C,13,","20",",,C,12,","14.8",",,C,03,","12.5",",C,04,","1061.2","C","476.5",",C","82.6",",,,C","20",",,,C","2.45",",C","5.72",",,,C","-0.82",",,,C"
"CA001142574","2020-12","50.2333","-116.9667","549.0","DUNCAN LAKE DAM, BC CA","","","0.0",",C","16",",C","10",",C","0",",C","8","2,C","3","1,C","0",",C","26",",C","9",",C","0",",C","0",",C","20201213","+,,C","20201231",",2,C","20201225","+,1,C","20201219","+,,C","20201219","+,,C","-8.5",",C,13,+","200","2,,C,31,","80","1,,C,25,+","10.2",",,C,19,+","6.0",",C,19,+","1647.0","C","585.8",",C","68.8",",,,C","250","1,,,C","-0.56",",C","1.50",",,,C","-2.63",",,,C"
"CA001142574","2021-01","50.2333","-116.9667","549.0","DUNCAN LAKE DAM, BC CA","0.0","C","0.0",",C","17",",C","12",",C","0",",C","17",",C","3",",C","0",",C","25",",C","6",",C","0",",C","0",",C","20210122",",,C","20210129",",,C","20210128",",,C","20210112",",,C","20210131",",,C","-11.0",",C,22,","220",",,C,29,","124",",,C,28,","20.4",",,C,12,","7.5",",C,31,","2228.3","C","581.3",",C","102.4",",,,C","304",",,,C","-0.42",",C","2.29",",,,C","-3.13",",,,C"
"CA001142574","2021-02","50.2333","-116.9667","549.0","DUNCAN LAKE DAM, BC CA","0.0","C","0.0",",C","11",",C","9",",C","0",",C","19",",C","5",",C","3",",C","26",",C","10",",C","0",",C","0",",C","20210212",",,C","20210219",",,C","20210204",",,C","20210202",",,C","20210202",",,C","-23.0",",C,12,","150",",,C,19,","80",",,C,04,","13.8",",,C,02,","7.5",",C,02,","2843.9","C","615.6",",C","65.2",",,,C","270",",,,C","-3.65",",C","0.80",",,,C","-8.11",",,,C"
"CA001142574","2021-03","50.2333","-116.9667","549.0","DUNCAN LAKE DAM, BC CA","0.0","C","0.0","2,C","11","1,C","4","1,C","0","1,C","0","1,C","0","1,C","0","1,C","26","1,C","0","1,C","0","1,C","0","1,C","20210330",",1,C","20210308","+,1,C","20210307","+,1,C","20210328",",1,C","20210316",",1,C","-6.5","1,C,30,","0","1,T,C,08,+","0","1,T,C,07,+","7.6","1,,C,28,","14.0","1,C,16,","3276.6","C","432.7","1,C","27.0","1,,,C","0","1,T,,C","3.38","2,C","9.63","1,,,C","-2.87","1,,,C"
"CA001142574","2021-04","50.2333","-116.9667","549.0","DUNCAN LAKE DAM, BC CA","0.0","C","0.0","2,C","10","1,C","4","1,C","0","1,C","0","1,C","0","1,C","0","1,C","21","1,C","0","1,C","3","1,C","0","1,C","20210413",",1,C","20210430","+,1,C","20210430","+,1,C","20210425",",1,C","20210415",",1,C","-5.0","1,C,13,","0","1,,C,30,+","0","1,,C,30,+","6.6","1,,C,25,","23.0","1,C,15,","3593.7","C","317.1","1,C","29.4","1,,,C","0","1,,,C","6.94","2,C","14.59","1,,,C","-0.71","1,,,C"
"CA001142574","2021-05","50.2333","-116.9667","549.0","DUNCAN LAKE DAM, BC CA","0.9","C","0.9","2,C","14","1,C","3","1,C","0","1,C","0","1,C","0","1,C","0","1,C","5","1,C","0","1,C","8","1,C","0","1,C","20210519","+,1,C","20210531","+,1,C","20210531","+,1,C","20210527",",1,C","20210531",",1,C","-2.0","1,C,19,+","0","1,,C,31,+","0","1,,C,31,+","16.0","1,,C,27,","28.5","1,C,31,","3787.3","C","193.6","1,C","38.2","1,,,C","0","1,,,C","11.58","2,C","19.65","1,,,C","3.52","1,,,C"
"CA001142574","2021-06","50.2333","-116.9667","549.0","DUNCAN LAKE DAM, BC CA","63.6","C","62.7",",C","12",",C","2",",C","0",",C","0",",C","0",",C","0",",C","0",",C","0",",C","25",",C","6",",C","20210608",",,C","20210630","+,,C","20210630","+,,C","20210614",",,C","20210629",",,C","1.5",",C,08,","0",",,C,30,+","0",",,C,30,+","10.6",",,C,14,","40.5",",C,29,","3843.2","C","55.9",",C","29.4",",,,C","0",",,,C","18.56",",C","27.00",",,,C","10.12",",,,C"
"CA001142574","2021-07","50.2333","-116.9667","549.0","DUNCAN LAKE DAM, BC CA","155.6","C","92.0","2,C","6","1,C","2","1,C","0","1,C","0","1,C","0","1,C","0","1,C","0","1,C","0","1,C","30","1,C","10","1,C","20210723",",1,C","20210731","+,1,C","20210731","+,1,C","20210705",",1,C","20210701",",1,C","6.5","1,C,23,","0","1,,C,31,+","0","1,,C,31,+","6.6","1,,C,05,","36.5","1,C,01,","1.9","C","1.9","1,C","15.6","1,,,C","0","1,,,C","21.43","2,C","30.93","1,,,C","11.93","1,,,C"
"CA001142574","2021-08","50.2333","-116.9667","549.0","DUNCAN LAKE DAM, BC CA","178.9","C","23.3","2,C","12","1,C","5","1,C","0","1,C","0","1,C","0","1,C","0","1,C","0","1,C","0","1,C","20","1,C","1","1,C","20210826",",1,C","20210831","+,1,C","20210831","+,1,C","20210817",",1,C","20210811",",1,C","3.0","1,C,26,","0","1,,C,31,+","0","1,,C,31,+","16.2","1,,C,17,","33.5","1,C,11,","65.6","C","63.7","1,C","54.0","1,,,C","0","1,,,C","16.85","2,C","23.65","1,,,C","10.05","1,,,C"
"CA001142574","2021-09","50.2333","-116.9667","549.0","DUNCAN LAKE DAM, BC CA","178.9","C","0.0",",C","15",",C","11",",C","0",",C","0",",C","0",",C","0",",C","0",",C","0",",C","10",",C","0",",C","20210917",",,C","20210930","+,,C","20210930","+,,C","20210917",",,C","20210907",",,C","1.5",",C,17,","0",",,C,30,+","0",",,C,30,+","17.0",",,C,17,","26.0",",C,07,","244.3","C","178.7",",C","84.8",",,,C","0",",,,C","12.38",",C","19.05",",,,C","5.70",",,,C"
"CA001142574","2021-10","50.2333","-116.9667","549.0","DUNCAN LAKE DAM, BC CA","178.9","C","0.0","2,C","16",",C","5",",C","0",",C","0",",C","0",",C","0","1,C","9","1,C","0","1,C","0","1,C","0","1,C","20211031",",1,C","20211031","+,,C","20211031","+,,C","20211028",",,C","20211005",",1,C","-5.5","1,C,31,","0",",,C,31,+","0",",,C,31,+","17.2",",,C,28,","19.0","1,C,05,","582.0","C","337.7","1,C","59.6",",,,C","0",",,,C","6.68","2,C","11.40","1,,,C","1.97","1,,,C"
"CA001142574","2021-11","50.2333","-116.9667","549.0","DUNCAN LAKE DAM, BC CA","178.9","C","0.0",",C","22",",C","14",",C","1",",C","4",",C","2",",C","0",",C","17",",C","1",",C","0",",C","0",",C","20211102","+,,C","20211128",",,C","20211127",",,C","20211114",",,C","20211130",",,C","-6.5",",C,02,+","100",",,C,28,","90",",,C,27,","58.0",",,C,14,","12.5",",C,30,","1068.0","C","486.0",",C","203.6",",,,C","150",",,,C","2.13",",C","5.12",",,,C","-0.85",",,,C"
"CA001142574","2021-12","50.2333","-116.9667","549.0","DUNCAN LAKE DAM, BC CA","178.9","C","0.0","1,C","21",",C","10",",C","0",",C","22","2,C","10","1,C","2",",C","29",",C","17","1,C","0","1,C","0","1,C","20211231",",,C","20211226",",2,C","20211218",",1,C","20211218",",,C","20211201",",1,C","-20.0",",C,31,","430","2,,C,26,","230","1,,C,18,","23.0",",,C,18,","13.0","1,C,01,","1759.5","C","691.5","1,C","108.5",",,,C","980","1,,,C","-4.74","1,C","-1.68","1,,,C","-7.79",",,,C"
"CA001142574","2022-01","50.2333","-116.9667","549.0","DUNCAN LAKE DAM, BC CA","0.0","C","0.0",",C","20",",C","12",",C","1",",C","31",",C","9",",C","1",",C","30",",C","11",",C","0",",C","0",",C","20220101",",,C","20220107",",,C","20220106",",,C","20220106",",,C","20220131",",,C","-21.5",",C,01,","800",",,C,07,","280",",,C,06,","28.0",",,C,06,","6.0",",C,31,","2397.8","C","638.3",",C","124.4",",,,C","1010",",,,C","-2.26",",C","0.45",",,,C","-4.97",",,,C"
"CA001142574","2022-02","50.2333","-116.9667","549.0","DUNCAN LAKE DAM, BC CA","0.0","C","0.0","1,C","12",",C","8",",C","0",",C","26","2,C","7","1,C","2",",C","28",",C","7","1,C","0","1,C","0","1,C","20220223",",,C","20220205",",2,C","20220204",",1,C","20220204",",,C","20220210",",1,C","-21.0",",C,23,","670","2,,C,05,","170","1,,C,04,","17.0",",,C,04,","7.5","1,C,10,","2967.8","C","570.0","1,C","67.0",",,,C","570","1,,,C","-2.79","1,C","2.30","1,,,C","-7.88",",,,C"
"CA001142574","2022-03","50.2333","-116.9667","549.0","DUNCAN LAKE DAM, BC CA","0.0","C","0.0",",C","13",",C","8",",C","0",",C","","","1","3,C","0",",C","29",",C","0",",C","0",",C","0",",C","20220310",",,C","","","20220311",",3,C","20220303",",,C","20220329",",,C","-11.5",",C,10,","","","70","3,,C,11,","8.0",",,C,03,","16.5",",C,29,","3451.4","C","483.6",",C","53.4",",,,C","70","3,,,C","2.73",",C","7.76",",,,C","-2.29",",,,C"
"CA001142574","2022-04","50.2333","-116.9667","549.0","DUNCAN LAKE DAM, BC CA","0.0","C","0.0",",C","12",",C","5",",C","0",",C","0",",C","0",",C","0",",C","23",",C","0",",C","0",",C","0",",C","20220414",",,C","20220430","+,,C","20220430","+,,C","20220426",",,C","20220424",",,C","-7.0",",C,14,","0",",,C,30,+","0",",,C,30,+","8.4",",,C,26,","18.5",",C,24,","3856.1","C","404.7",",C","28.4",",,,C","0",",,,C","4.84",",C","11.30",",,,C","-1.62",",,,C"
"CA001142574","2022-05","50.2333","-116.9667","549.0","DUNCAN LAKE DAM, BC CA","0.0","C","0.0",",C","20",",C","8",",C","0",",C","0",",C","0",",C","0",",C","3",",C","0",",C","2",",C","0",",C","20220514",",,C","20220531","+,,C","20220531","+,,C","20220506",",,C","20220530",",,C","-1.5",",C,14,","0",",,C,31,+","0",",,C,31,+","8.6",",,C,06,","22.5",",C,30,","4105.4","C","249.3",",C","53.8",",,,C","0",",,,C","10.29",",C","16.15",",,,C","4.44",",,,C"
"CA001142574","2022-06","50.2333","-116.9667","549.0","DUNCAN LAKE DAM, BC CA","0.4","C","0.4",",C","21",",C","12",",C","0",",C","0",",C","0",",C","0",",C","0",",C","0",",C","17",",C","0",",C","20220625","+,,C","20220630","+,,C","20220630","+,,C","20220613",",,C","20220627",",,C","5.5",",C,25,+","0",",,C,30,+","0",",,C,30,+","19.4",",,C,13,","30.0",",C,27,","4199.8","C","94.4",",C","88.8",",,,C","0",",,,C","15.20",",C","21.60",",,,C","8.80",",,,C"
"CA001142574","2022-07","50.2333","-116.9667","549.0","DUNCAN LAKE DAM, BC CA","74.5","C","74.1",",C","9",",C","4",",C","0",",C","0",",C","0",",C","0",",C","0",",C","0",",C","30",",C","7",",C","20220714",",,C","20220731","+,,C","20220731","+,,C","20220704",",,C","20220730",",,C","7.5",",C,14,","0",",,C,31,+","0",",,C,31,+","6.0",",,C,04,","36.5",",C,30,","13.2","C","13.2",",C","23.0",",,,C","0",",,,C","20.30",",C","29.53",",,,C","11.06",",,,C"
"CA001142574","2022-08","50.2333","-116.9667","549.0","DUNCAN LAKE DAM, BC CA","138.9","C","64.4",",C","5",",C","2",",C","0",",C","0",",C","0",",C","0",",C","0",",C","0",",C","30",",C","5",",C","20220828","+,,C","20220831","+,,C","20220831","+,,C","20220826",",,C","20220817",",,C","6.5",",C,28,+","0",",,C,31,+","0",",,C,31,+","9.2",",,C,26,","34.5",",C,17,","22.9","C","9.7",",C","15.0",",,,C","0",",,,C","20.10",",C","29.24",",,,C","10.95",",,,C"
"CA001142574","2022-09","50.2333","-116.9667","549.0","DUNCAN LAKE DAM, BC CA","144.1","C","5.2","2,C","6","1,C","3","1,C","0","1,C","0","1,C","0","1,C","0","1,C","0","1,C","0","1,C","15","1,C","0","1,C","20220921",",1,C","20220930","+,1,C","20220930","+,1,C","20220916",",1,C","20220901",",1,C","0.5","1,C,21,","0","1,,C,30,+","0","1,,C,30,+","9.0","1,,C,16,","30.0","1,C,01,","142.4","C","119.5","1,C","22.8","1,,,C","0","1,,,C","14.14","2,C","21.81","1,,,C","6.47","1,,,C"
"CA001142574","2022-10","50.2333","-116.9667","549.0","DUNCAN LAKE DAM, BC CA","144.1","C","0.0",",C","12",",C","4",",C","0",",C","0",",C","0",",C","0",",C","8",",C","0",",C","7",",C","0",",C","20221024","+,,C","20221031","+,,C","20221031","+,,C","20221030",",,C","20221001",",,C","-2.0",",C,24,+","0",",,C,31,+","0",",,C,31,+","18.0",",,C,30,","23.0",",C,01,","436.0","C","293.6",",C","38.0",",,,C","0",",,,C","8.86",",C","15.55",",,,C","2.18",",,,C"
"CA001142574","2022-11","50.2333","-116.9667","549.0","DUNCAN LAKE DAM, BC CA","144.1","C","0.0",",C","10",",C","5",",C","0",",C","5",",C","3",",C","0",",C","27",",C","10",",C","0",",C","0",",C","20221118",",,C","20221130",",,C","20221130",",,C","20221104",",,C","20221105",",,C","-13.5",",C,18,","50",",,C,30,","60",",,C,30,","12.6",",,C,04,","7.0",",C,05,","1053.7","C","617.7",",C","40.6",",,,C","180",",,,C","-2.26",",C","1.45",",,,C","-5.97",",,,C"
"CA001142574","2022-12","50.2333","-116.9667","549.0","DUNCAN LAKE DAM, BC CA","144.1","C","0.0","4,C","20",",C","9",",C","0",",C","29","2,C","8","1,C","1","2,C","25","2,C","16","3,C","0","3,C","0","3,C","20221222",",2,C","20221225",",2,C","20221224",",1,C","20221224",",,C","20221229","+,3,C","-21.0","2,C,22,","520","2,,C,25,","210","1,,C,24,","21.0",",,C,24,","4.0","3,C,29,+","1692.7","C","639.0","3,C","94.4",",,,C","770","1,,,C","-5.33","4,C","-2.46","3,,,C","-8.19","2,,,C"
"CA001142574","2023-01","50.2333","-116.9667","549.0","DUNCAN LAKE DAM, BC CA","0.0","C","0.0",",C","16",",C","10",",C","0",",C","29","2,C","5","1,C","2",",C","21",",C","10",",C","0",",C","0",",C","20230130",",,C","20230131",",2,C","20230131","+,1,C","20230131","+,,C","20230109",",,C","-19.0",",C,30,","340","2,,C,31,","150","1,,C,31,+","15.0",",,C,31,+","5.5",",C,09,","2284.5","C","591.8",",C","72.4",",,,C","420","1,,,C","-0.76",",C","1.10",",,,C","-2.61",",,,C"
"CA001142574","2023-02","50.2333","-116.9667","549.0","DUNCAN LAKE DAM, BC CA","0.0","C","0.0",",C","14",",C","8",",C","0",",C","28",",C","4",",C","0",",C","27",",C","6",",C","0",",C","0",",C","20230224",",,C","20230201",",,C","20230225",",,C","20230225",",,C","20230208",",,C","-17.5",",C,24,","420",",,C,01,","220",",,C,25,","22.0",",,C,25,","7.0",",C,08,","2841.8","C","557.3",",C","72.8",",,,C","410",",,,C","-1.57",",C","2.02",",,,C","-5.16",",,,C"
"CA001142574","2023-03","50.2333","-116.9667","549.0","DUNCAN LAKE DAM, BC CA","0.0","C","0.0",",C","5",",C","2",",C","0",",C","22","2,C","0","1,C","0",",C","31",",C","0",",C","0",",C","0",",C","20230309","+,,C","20230301",",2,C","20230303","+,1,C","20230313",",,C","20230330","+,,C","-11.5",",C,09,+","300","2,,C,01,","20","1,,C,03,+","15.0",",,C,13,","14.0",",C,30,+","3369.6","C","527.8",",C","24.2",",,,C","40","1,,,C","1.31",",C","7.90",",,,C","-5.29",",,,C"
"CA001142574","2023-04","50.2333","-116.9667","549.0","DUNCAN LAKE DAM, BC CA","0.0","C","0.0",",C","14",",C","7",",C","0",",C","0",",C","0",",C","0",",C","14",",C","0",",C","3",",C","0",",C","20230405",",,C","20230403",",,C","20230402",",,C","20230410",",,C","20230430",",,C","-5.0",",C,05,","20",",,C,03,","20",",,C,02,","24.8",",,C,10,","28.5",",C,30,","3726.3","C","356.7",",C","62.6",",,,C","20",",,,C","6.44",",C","12.78",",,,C","0.10",",,,C"
"CA001142574","2023-05","50.2333","-116.9667","549.0","DUNCAN LAKE DAM, BC CA","3.0","C","3.0","2,C","13","1,C","4","1,C","0","1,C","0","1,C","0","1,C","0","1,C","0","1,C","0","1,C","23","1,C","0","1,C","20230512","+,1,C","20230531","+,1,C","20230531","+,1,C","20230524",",1,C","20230502",",1,C","3.5","1,C,12,+","0","1,,C,31,+","0","1,,C,31,+","12.4","1,,C,24,","31.5","1,C,02,","3787.7","C","61.4","1,C","34.6","1,,,C","0","1,,,C","16.23","2,C","24.75","1,,,C","7.72","1,,,C"
"CA001142574","2023-06","50.2333","-116.9667","549.0","DUNCAN LAKE DAM, BC CA","31.8","C","28.8","1,C","11",",C","8",",C","1",",C","0",",C","0",",C","0",",C","0",",C","0","1,C","22","1,C","2","1,C","20230626",",,C","20230630","+,,C","20230630","+,,C","20230613",",,C","20230608",",1,C","4.0",",C,26,","0",",,C,30,+","0",",,C,30,+","44.6",",,C,13,","34.0","1,C,08,","3841.1","C","53.4","1,C","96.6",",,,C","0",",,,C","17.56","1,C","25.40","1,,,C","9.73",",,,C"
"CA001142574","2023-07","50.2333","-116.9667","549.0","DUNCAN LAKE DAM, BC CA","80.9","C","49.1",",C","7",",C","2",",C","0",",C","0",",C","0",",C","0",",C","0",",C","0",",C","30",",C","7",",C","20230703",",,C","20230731","+,,C","20230731","+,,C","20230710",",,C","20230720",",,C","6.0",",C,03,","0",",,C,31,+","0",",,C,31,+","4.2",",,C,10,","35.0",",C,20,","7.2","C","7.2",",C","12.0",",,,C","0",",,,C","19.69",",C","29.06",",,,C","10.31",",,,C"
"CA001142574","2023-08","50.2333","-116.9667","549.0","DUNCAN LAKE DAM, BC CA","125.2","C","44.3",",C","10",",C","7",",C","0",",C","0",",C","0",",C","0",",C","0",",C","0",",C","26",",C","5",",C","20230820",",,C","20230831","+,,C","20230831","+,,C","20230821",",,C","20230815",",,C","4.5",",C,20,","0",",,C,31,+","0",",,C,31,+","13.4",",,C,21,","35.5",",C,15,","36.1","C","28.9",",C","51.2",",,,C","0",",,,C","18.83",",C","27.15",",,,C","10.52",",,,C"
"CA001142574","2023-09","50.2333","-116.9667","549.0","DUNCAN LAKE DAM, BC CA","125.6","C","0.4",",C","12",",C","4",",C","0",",C","0",",C","0",",C","0",",C","0",",C","0",",C","17",",C","0",",C","20230922","+,,C","20230930","+,,C","20230930","+,,C","20230928",",,C","20230910","+,,C","1.5",",C,22,+","0",",,C,30,+","0",",,C,30,+","17.2",",,C,28,","26.0",",C,10,+","173.8","C","137.7",",C","42.2",",,,C","0",",,,C","13.76",",C","20.85",",,,C","6.67",",,,C"
"CA001142574","2023-10","50.2333","-116.9667","549.0","DUNCAN LAKE DAM, BC CA","125.6","C","0.0",",C","15",",C","5",",C","0",",C","1",",C","1",",C","0",",C","7",",C","0",",C","0",",C","0",",C","20231028",",,C","20231027",",,C","20231026",",,C","20231016",",,C","20231009",",,C","-7.0",",C,28,","90",",,C,27,","90",",,C,26,","15.0",",,C,16,","20.5",",C,09,","498.1","C","324.3",",C","51.7",",,,C","90",",,,C","7.87",",C","12.98",",,,C","2.76",",,,C"
"CA001142574","2023-11","50.2333","-116.9667","549.0","DUNCAN LAKE DAM, BC CA","125.6","C","0.0","2,C","15","1,C","8","1,C","0","1,C","0","1,C","0","1,C","0","1,C","22","1,C","3","1,C","0","1,C","0","1,C","20231125",",1,C","20231130","+,1,C","20231101",",1,C","20231104",",1,C","20231105",",1,C","-7.0","1,C,25,","0","1,,C,30,+","10","1,,C,01,","10.2","1,,C,04,","8.5","1,C,05,","971.7","C","473.6","1,C","57.2","1,,,C","10","1,,,C","1.48","2,C","4.03","1,,,C","-1.07","1,,,C"
"CA001142574","2023-12","50.2333","-116.9667","549.0","DUNCAN LAKE DAM, BC CA","125.6","C","0.0",",C","19",",C","13",",C","0",",C","29",",C","6",",C","0",",C","29",",C","6",",C","0",",C","0",",C","20231224",",,C","20231211",",,C","20231210",",,C","20231204",",,C","20231222",",,C","-7.5",",C,24,","220",",,C,11,","90",",,C,10,","17.0",",,C,04,","5.5",",C,22,","1556.3","C","584.6",",C","104.8",",,,C","390",",,,C","-0.52",",C","1.32",",,,C","-2.37",",,,C"
"CA001142574","2024-01","50.2333","-116.9667","549.0","DUNCAN LAKE DAM, BC CA","0.0","","0.0","2,C","21",",C","11",",C","0",",C","24",",C","4",",C","3","2,C","23","2,C","10",",C","0",",C","0",",C","20240115",",2,C","20240118",",,C","20240108",",,C","20240108",",,C","20240113",",,C","-23.5","2,C,15,","270",",,C,18,","120",",,C,08,","12.0",",,C,08,","17.5",",C,13,","2153.0","","596.7",",C","74.0",",,,C","390",",,,C","-2.20","2,C","0.95",",,,C","-5.34","2,,,C"
"CA001142574","2024-02","50.2333","-116.9667","549.0","DUNCAN LAKE DAM, BC CA","0.0","","0.0",",C","18",",C","7",",C","0",",C","10",",C","3",",C","0",",C","20",",C","0",",C","0",",C","0",",C","20240217",",,C","20240228",",,C","20240227",",,C","20240228",",,C","20240223",",,C","-14.0",",C,17,","190",",,C,28,","190",",,C,27,","20.0",",,C,28,","9.5",",C,23,","2669.9","","516.9",",C","91.3",",,,C","295",",,,C","0.51",",C","4.28",",,,C","-3.26",",,,C"
"CA001142574","2024-03","50.2333","-116.9667","549.0","DUNCAN LAKE DAM, BC CA","0.0","","0.0",",C","11",",C","3",",C","0",",C","10",",C","2",",C","0",",C","23",",C","0",",C","0",",C","0",",C","20240307",",,C","20240304",",,C","20240302",",,C","20240302",",,C","20240319","+,,C","-13.5",",C,07,","220",",,C,04,","180",",,C,02,","18.0",",,C,02,","17.0",",C,19,+","3127.5","","457.6",",C","41.8",",,,C","250",",,,C","3.57",",C","9.58",",,,C","-2.44",",,,C"
"CA001142574","2024-04","50.2333","-116.9667","549.0","DUNCAN LAKE DAM, BC CA","0.0","","0.0","2,C","16","2,C","9","2,C","0","2,C","0","2,C","0","2,C","0","2,C","13","2,C","0","2,C","1","2,C","0","2,C","20240420",",2,C","20240430","+,2,C","20240430","+,2,C","20240428",",2,C","20240414",",2,C","-4.5","2,C,20,","0","2,,C,30,+","0","2,,C,30,+","12.4","2,,C,28,","23.0","2,C,14,","3427.6","","300.1","2,C","60.0","2,,,C","0","2,,,C","7.62","2,C","14.20","2,,,C","1.04","2,,,C"
