"STATION","DATE","LATITUDE","LONGITUDE","ELEVATION","NAME","CDSD","CDSD_ATTRIBUTES","CLDD","CLDD_ATTRIBUTES","DP01","DP01_ATTRIBUTES","DP10","DP10_ATTRIBUTES","DP1X","DP1X_ATTRIBUTES","DT00","DT00_ATTRIBUTES","DT32","DT32_ATTRIBUTES","DX32","DX32_ATTRIBUTES","DX70","DX70_ATTRIBUTES","DX90","DX90_ATTRIBUTES","DYNT","DYNT_ATTRIBUTES","DYXP","DYXP_ATTRIBUTES","DYXT","DYXT_ATTRIBUTES","EMNT","EMNT_ATTRIBUTES","EMXP","EMXP_ATTRIBUTES","EMXT","EMXT_ATTRIBUTES","HDSD","HDSD_ATTRIBUTES","HTDD","HTDD_ATTRIBUTES","PRCP","PRCP_ATTRIBUTES","TAVG","TAVG_ATTRIBUTES","TMAX","TMAX_ATTRIBUTES","TMIN","TMIN_ATTRIBUTES"
"MXN00026293","1987-09","27.4","-110.2333","6.7","SAN IGNACIO RIO MUERTO 4 P 12, MX","","","376.0","1,m","4",",m","3",",m","2",",m","0",",m","0",",m","0","1,m","29","1,m","29","1,m","19870909","+,,m","19870902",",,m","19870910","+,1,m","17.8",",m,09,+","58.4",",,m,02,","41.7","1,m,10,+","","","0.0","1,m","96.8",",,,m","31.31","1,m","39.44","1,,,m","23.18",",,,m"
"MXN00026293","1987-10","27.4","-110.2333","6.7","SAN IGNACIO RIO MUERTO 4 P 12, MX","","","364.4",",m","0",",m","0",",m","0",",m","0",",m","0",",m","0",",m","31",",m","31",",m","19871024","+,,m","19871031","+,,m","19871005","+,,m","16.7",",m,24,+","0.0",",,m,31,+","42.8",",m,05,+","","","0.0",",m","0.0",",,,m","30.09",",m","40.02",",,,m","20.16",",,,m"
"MXN00026293","1987-11","27.4","-110.2333","6.7","SAN IGNACIO RIO MUERTO 4 P 12, MX","","","100.2",",m","0",",m","0",",m","0",",m","0",",m","0",",m","0",",m","30",",m","17",",m","19871117",",,m","19871130","+,,m","19871101",",,m","5.0",",m,17,","0.0",",,m,30,+","37.8",",m,01,","","","6.6",",m","0.0",",,,m","21.46",",m","32.65",",,,m","10.26",",,,m"
"MXN00026293","1987-12","27.4","-110.2333","6.7","SAN IGNACIO RIO MUERTO 4 P 12, MX","","","16.7",",m","3",",m","0",",m","0",",m","0",",m","0",",m","0",",m","28",",m","1",",m","19871228",",,m","19871218",",,m","19871205",",,m","1.7",",m,28,","2.3",",,m,18,","32.8",",m,05,","","","48.9",",m","5.4",",,,m","17.29",",m","27.18",",,,m","7.40",",,,m"
"MXN00026293","1988-01","27.4","-110.2333","6.7","SAN IGNACIO RIO MUERTO 4 P 12, MX","12.8","m","12.8",",m","2",",m","0",",m","0",",m","0",",m","0",",m","0",",m","31",",m","2",",m","19880121",",,m","19880118",",,m","19880128","+,,m","1.7",",m,21,","1.8",",,m,18,","33.9",",m,28,+","","","36.9",",m","3.1",",,,m","17.55",",m","28.84",",,,m","6.27",",,,m"
"MXN00026293","1988-02","27.4","-110.2333","6.7","SAN IGNACIO RIO MUERTO 4 P 12, MX","60.2","m","47.4",",m","1",",m","0",",m","0",",m","0",",m","0",",m","0",",m","29",",m","9",",m","19880220",",,m","19880201",",,m","19880227",",,m","3.9",",m,20,","2.3",",,m,01,","35.6",",m,27,","","","7.6",",m","2.3",",,,m","19.71",",m","30.84",",,,m","8.57",",,,m"
"MXN00026293","1988-03","27.4","-110.2333","6.7","SAN IGNACIO RIO MUERTO 4 P 12, MX","134.8","m","74.6",",m","1",",m","1",",m","0",",m","0",",m","0",",m","0",",m","31",",m","15",",m","19880317",",,m","19880302",",,m","19880327","+,,m","5.0",",m,17,","4.8",",,m,02,","37.8",",m,27,+","","","4.1",",m","4.8",",,,m","20.61",",m","32.93",",,,m","8.28",",,,m"
"MXN00026293","1988-04","27.4","-110.2333","6.7","SAN IGNACIO RIO MUERTO 4 P 12, MX","293.0","m","158.2",",m","1",",m","1",",m","0",",m","0",",m","0",",m","0",",m","30",",m","24",",m","19880404","+,,m","19880405",",,m","19880428","+,,m","6.7",",m,04,+","2.8",",,m,05,","38.9",",m,28,+","","","0.0",",m","2.8",",,,m","23.61",",m","35.56",",,,m","11.65",",,,m"
"MXN00026293","1988-05","27.4","-110.2333","6.7","SAN IGNACIO RIO MUERTO 4 P 12, MX","506.4","m","213.4",",m","0",",m","0",",m","0",",m","0",",m","0",",m","0",",m","31",",m","30",",m","19880504","+,,m","19880531","+,,m","19880511",",,m","8.9",",m,04,+","0.0",",,m,31,+","41.7",",m,11,","","","0.0",",m","0.0",",,,m","25.22",",m","36.58",",,,m","13.85",",,,m"
"MXN00026293","1988-06","27.4","-110.2333","6.7","SAN IGNACIO RIO MUERTO 4 P 12, MX","843.8","m","337.4",",m","0",",m","0",",m","0",",m","0",",m","0",",m","0",",m","30",",m","30",",m","19880603","+,,m","19880630","+,,m","19880624","+,,m","13.9",",m,03,+","0.0",",,m,30,+","45.6",",m,24,+","","","0.0",",m","0.0",",,,m","29.58",",m","39.76",",,,m","19.39",",,,m"
"MXN00026293","1988-07","27.4","-110.2333","6.7","SAN IGNACIO RIO MUERTO 4 P 12, MX","1255.2","m","411.4",",m","6",",m","6",",m","0",",m","0",",m","0",",m","0",",m","31",",m","31",",m","19880706",",,m","19880727",",,m","19880730","+,,m","17.8",",m,06,","15.5",",,m,27,","41.7",",m,30,+","0.0","m","0.0",",m","53.3",",,,m","31.60",",m","39.26",",,,m","23.94",",,,m"
"MXN00026293","1988-08","27.4","-110.2333","6.7","SAN IGNACIO RIO MUERTO 4 P 12, MX","1729.1","m","473.9",",m","6",",m","5",",m","1",",m","0",",m","0",",m","0",",m","31",",m","31",",m","19880823","+,,m","19880821",",,m","19880816",",,m","23.9",",m,23,+","25.9",",,m,21,","45.0",",m,16,","0.0","m","0.0",",m","83.1",",,,m","33.62",",m","39.93",",,,m","27.32",",,,m"
"MXN00026293","1988-09","27.4","-110.2333","6.7","SAN IGNACIO RIO MUERTO 4 P 12, MX","2151.4","m","422.3",",m","2",",m","2",",m","1",",m","0",",m","0",",m","0",",m","30",",m","30",",m","19880917",",,m","19880906",",,m","19880927","+,,m","21.7",",m,17,","94.0",",,m,06,","41.7",",m,27,+","0.0","m","0.0",",m","105.9",",,,m","32.41",",m","38.58",",,,m","26.24",",,,m"
"MXN00026293","1988-10","27.4","-110.2333","6.7","SAN IGNACIO RIO MUERTO 4 P 12, MX","2470.7","m","319.3",",m","0",",m","0",",m","0",",m","0",",m","0",",m","0",",m","31",",m","30",",m","19881030","+,,m","19881031","+,,m","19881008",",,m","15.6",",m,30,+","0.0",",,m,31,+","41.7",",m,08,","0.0","m","0.0",",m","0.0",",,,m","28.63",",m","37.02",",,,m","20.24",",,,m"
"MXN00026293","1988-11","27.4","-110.2333","6.7","SAN IGNACIO RIO MUERTO 4 P 12, MX","2595.5","m","124.8",",m","0",",m","0",",m","0",",m","0",",m","0",",m","0",",m","30",",m","13",",m","19881122","+,,m","19881130","+,,m","19881105",",,m","6.7",",m,22,+","0.0",",,m,30,+","37.8",",m,05,","1.6","m","1.6",",m","0.0",",,,m","22.44",",m","32.32",",,,m","12.56",",,,m"
"MXN00026293","1988-12","27.4","-110.2333","6.7","SAN IGNACIO RIO MUERTO 4 P 12, MX","2620.6","m","25.1",",m","2",",m","2",",m","1",",m","0",",m","0",",m","0",",m","27",",m","0",",m","19881231","+,,m","19881208",",,m","19881205","+,,m","0.6",",m,31,+","31.8",",,m,08,","31.7",",m,05,+","56.5","m","54.9",",m","45.8",",,,m","17.37",",m","25.72",",,,m","9.02",",,,m"
"MXN00026293","1989-01","27.4","-110.2333","6.7","SAN IGNACIO RIO MUERTO 4 P 12, MX","3.2","m","3.2",",m","5",",m","2",",m","0",",m","0",",m","0",",m","0",",m","28",",m","0",",m","19890114",",,m","19890103",",,m","19890124",",,m","0.6",",m,14,","18.8",",,m,03,","27.8",",m,24,","164.0","m","107.5",",m","26.5",",,,m","14.97",",m","23.18",",,,m","6.76",",,,m"
"MXN00026293","1989-02","27.4","-110.2333","6.7","SAN IGNACIO RIO MUERTO 4 P 12, MX","20.5","m","17.3",",m","3",",m","3",",m","1",",m","0",",m","0",",m","0",",m","26",",m","0",",m","19890208",",,m","19890201",",,m","19890223",",,m","3.9",",m,08,","41.9",",,m,01,","31.7",",m,23,","190.7","m","26.7",",m","65.7",",,,m","18.00",",m","25.26",",,,m","10.73",",,,m"
"MXN00026293","1989-03","27.4","-110.2333","6.7","SAN IGNACIO RIO MUERTO 4 P 12, MX","77.6","m","57.1",",m","0",",m","0",",m","0",",m","0",",m","0",",m","0",",m","31",",m","1",",m","19890305",",,m","19890331","+,,m","19890331",",,m","6.7",",m,05,","0.0",",,m,31,+","33.9",",m,31,","198.4","m","7.7",",m","0.0",",,,m","19.93",",m","27.90",",,,m","11.95",",,,m"
"MXN00026293","1989-04","27.4","-110.2333","6.7","SAN IGNACIO RIO MUERTO 4 P 12, MX","248.6","m","171.0",",m","0",",m","0",",m","0",",m","0",",m","0",",m","0",",m","30",",m","13",",m","19890429",",,m","19890430","+,,m","19890415","+,,m","10.0",",m,29,","0.0",",,m,30,+","35.0",",m,15,+","198.4","m","0.0",",m","0.0",",,,m","24.03",",m","32.56",",,,m","15.50",",,,m"
"MXN00026293","1989-05","27.4","-110.2333","6.7","SAN IGNACIO RIO MUERTO 4 P 12, MX","483.0","m","234.4",",m","0",",m","0",",m","0",",m","0",",m","0",",m","0",",m","31",",m","23",",m","19890519","+,,m","19890531","+,,m","19890525","+,,m","11.7",",m,19,+","0.0",",,m,31,+","40.0",",m,25,+","198.4","m","0.0",",m","0.0",",,,m","25.90",",m","34.53",",,,m","17.26",",,,m"
"MXN00026293","1989-06","27.4","-110.2333","6.7","SAN IGNACIO RIO MUERTO 4 P 12, MX","816.6","m","333.6",",m","0",",m","0",",m","0",",m","0",",m","0",",m","0",",m","30",",m","27",",m","19890610","+,,m","19890630","+,,m","19890625","+,,m","17.8",",m,10,+","0.0",",,m,30,+","41.7",",m,25,+","198.4","m","0.0",",m","0.0",",,,m","29.45",",m","37.22",",,,m","21.68",",,,m"
"MXN00026293","1989-07","27.4","-110.2333","6.7","SAN IGNACIO RIO MUERTO 4 P 12, MX","1254.2","m","437.6",",m","7",",m","2",",m","1",",m","0",",m","0",",m","0",",m","31",",m","31",",m","19890728","+,,m","19890715",",,m","19890718","+,,m","23.9",",m,28,+","54.9",",,m,15,","42.8",",m,18,+","0.0","m","0.0",",m","83.8",",,,m","32.45",",m","38.66",",,,m","26.24",",,,m"
"MXN00026293","1989-08","27.4","-110.2333","6.7","SAN IGNACIO RIO MUERTO 4 P 12, MX","1680.4","m","426.2",",m","11",",m","10",",m","2",",m","0",",m","0",",m","0",",m","31",",m","31",",m","19890831",",,m","19890809",",,m","19890822",",,m","23.9",",m,31,","47.8",",,m,09,","41.7",",m,22,","0.0","m","0.0",",m","160.3",",,,m","32.08",",m","38.10",",,,m","26.06",",,,m"
"MXN00026293","1989-09","27.4","-110.2333","6.7","SAN IGNACIO RIO MUERTO 4 P 12, MX","2043.4","m","363.0",",m","4",",m","3",",m","0",",m","0",",m","0",",m","0",",m","30",",m","30",",m","19890930",",,m","19890901",",,m","19890905",",,m","16.7",",m,30,","19.8",",,m,01,","41.7",",m,05,","0.0","m","0.0",",m","27.2",",,,m","30.43",",m","36.70",",,,m","24.16",",,,m"
"MXN00026293","1989-10","27.4","-110.2333","6.7","SAN IGNACIO RIO MUERTO 4 P 12, MX","2296.6","m","253.2",",m","2",",m","2",",m","1",",m","0",",m","0",",m","0",",m","31",",m","30",",m","19891031","+,,m","19891004",",,m","19891013",",,m","12.8",",m,31,+","31.8",",,m,04,","38.9",",m,13,","0.0","m","0.0",",m","45.8",",,,m","26.50",",m","35.05",",,,m","17.95",",,,m"
"MXN00026293","1989-11","27.4","-110.2333","6.7","SAN IGNACIO RIO MUERTO 4 P 12, MX","2406.1","m","109.5",",m","3",",m","2",",m","0",",m","0",",m","0",",m","0",",m","30",",m","12",",m","19891130",",,m","19891117",",,m","19891105",",,m","8.9",",m,30,","14.0",",,m,17,","35.0",",m,05,","0.5","m","0.5",",m","25.7",",,,m","21.97",",m","31.41",",,,m","12.52",",,,m"
"MXN00026293","1989-12","27.4","-110.2333","6.7","SAN IGNACIO RIO MUERTO 4 P 12, MX","2412.3","m","6.2",",m","5",",m","4",",m","0",",m","0",",m","0",",m","0",",m","29",",m","0",",m","19891214",",,m","19891216",",,m","19891216",",,m","2.8",",m,14,","19.8",",,m,16,","30.6",",m,16,","35.1","m","34.6",",m","52.1",",,,m","17.41",",m","25.86",",,,m","8.97",",,,m"
"MXN00026293","1990-01","27.4","-110.2333","6.7","SAN IGNACIO RIO MUERTO 4 P 12, MX","5.9","m","5.9",",m","1",",m","0",",m","0",",m","0",",m","0",",m","0",",m","21",",m","0",",m","19900121",",,m","19900131",",,m","19900129",",,m","2.8",",m,21,","0.8",",,m,31,","30.6",",m,29,","126.1","m","91.0",",m","0.8",",,,m","15.59",",m","23.60",",,,m","7.57",",,,m"
"MXN00026293","1990-02","27.4","-110.2333","6.7","SAN IGNACIO RIO MUERTO 4 P 12, MX","7.4","m","1.5",",m","2",",m","2",",m","0",",m","0",",m","0",",m","0",",m","26",",m","0",",m","19900216",",,m","19900213",",,m","19900227","+,,m","0.6",",m,16,","4.8",",,m,13,","28.9",",m,27,+","208.3","m","82.2",",m","8.6",",,,m","15.45",",m","24.31",",,,m","6.59",",,,m"
"MXN00026293","1990-03","27.4","-110.2333","6.7","SAN IGNACIO RIO MUERTO 4 P 12, MX","49.5","m","42.1",",m","0",",m","0",",m","0",",m","0",",m","0",",m","0",",m","30",",m","5",",m","19900316","+,,m","19900331","+,,m","19900324",",,m","5.0",",m,16,+","0.0",",,m,31,+","35.0",",m,24,","231.1","m","22.8",",m","0.0",",,,m","18.95",",m","29.09",",,,m","8.82",",,,m"
"MXN00026293","1990-07","27.4","-110.2333","6.7","SAN IGNACIO RIO MUERTO 4 P 12, MX","","","365.0",",m","14",",m","12",",m","2",",m","0",",m","0",",m","0",",m","31",",m","30",",m","19900731","+,,m","19900724","+,,m","19900702",",,m","21.7",",m,31,+","45.0",",,m,24,+","40.0",",m,02,","0.0","m","0.0",",m","195.2",",,,m","30.11",",m","35.88",",,,m","24.34",",,,m"
"MXN00026293","1990-08","27.4","-110.2333","6.7","SAN IGNACIO RIO MUERTO 4 P 12, MX","","","398.7",",m","5",",m","3",",m","1",",m","0",",m","0",",m","0",",m","31",",m","27",",m","19900812",",,m","19900811",",,m","19900808",",,m","21.7",",m,12,","51.8",",,m,11,","41.7",",m,08,","0.0","m","0.0",",m","71.1",",,,m","31.19",",m","37.03",",,,m","25.36",",,,m"
"MXN00026293","1990-09","27.4","-110.2333","6.7","SAN IGNACIO RIO MUERTO 4 P 12, MX","","","368.1",",m","11",",m","9",",m","2",",m","0",",m","0",",m","0",",m","30",",m","30",",m","19900929","+,,m","19900903",",,m","19900911","+,,m","21.7",",m,29,+","41.9",",,m,03,","40.0",",m,11,+","0.0","m","0.0",",m","164.4",",,,m","30.60",",m","37.43",",,,m","23.78",",,,m"
"MXN00026293","1990-10","27.4","-110.2333","6.7","SAN IGNACIO RIO MUERTO 4 P 12, MX","","","269.1",",m","1",",m","1",",m","0",",m","0",",m","0",",m","0",",m","31",",m","30",",m","19901027","+,,m","19901001",",,m","19901030","+,,m","15.0",",m,27,+","21.8",",,m,01,","36.7",",m,30,+","0.0","m","0.0",",m","21.8",",,,m","27.01",",m","35.13",",,,m","18.89",",,,m"
"MXN00026293","1990-11","27.4","-110.2333","6.7","SAN IGNACIO RIO MUERTO 4 P 12, MX","","","89.3",",m","6",",m","3",",m","0",",m","0",",m","0",",m","0",",m","30",",m","7",",m","19901108",",,m","19901102",",,m","19901118","+,,m","7.8",",m,08,","9.9",",,m,02,","35.6",",m,18,+","0.0","m","0.0",",m","24.0",",,,m","21.31",",m","29.78",",,,m","12.84",",,,m"
"MXN00026293","1990-12","27.4","-110.2333","6.7","SAN IGNACIO RIO MUERTO 4 P 12, MX","","","23.1",",m","5",",m","3",",m","1",",m","0",",m","0",",m","0",",m","18",",m","1",",m","19901224","+,,m","19901215",",,m","19901212",",,m","3.9",",m,24,+","53.8",",,m,15,","33.9",",m,12,","64.1","m","64.1",",m","100.1",",,,m","17.01",",m","24.68",",,,m","9.34",",,,m"
"MXN00026293","1991-01","27.4","-110.2333","6.7","SAN IGNACIO RIO MUERTO 4 P 12, MX","2.1","m","2.1",",m","1",",m","1",",m","0",",m","0",",m","0",",m","0",",m","21",",m","0",",m","19910131",",,m","19910104",",,m","19910103",",,m","2.8",",m,31,","6.9",",,m,04,","26.7",",m,03,","156.5","m","92.4",",m","6.9",",,,m","15.42",",m","22.80",",,,m","8.04",",,,m"
"MXN00026293","1991-02","27.4","-110.2333","6.7","SAN IGNACIO RIO MUERTO 4 P 12, MX","15.2","m","13.1",",m","3",",m","2",",m","0",",m","0",",m","0",",m","0",",m","28",",m","0",",m","19910202",",,m","19910227",",,m","19910227","+,,m","3.9",",m,02,","9.9",",,m,27,","28.9",",m,27,+","191.2","m","34.7",",m","20.6",",,,m","17.56",",m","25.61",",,,m","9.51",",,,m"
"MXN00026293","1991-03","27.4","-110.2333","6.7","SAN IGNACIO RIO MUERTO 4 P 12, MX","43.4","m","28.2",",m","0",",m","0",",m","0",",m","0",",m","0",",m","0",",m","31",",m","0",",m","19910331","+,,m","19910331","+,,m","19910308",",,m","6.7",",m,31,+","0.0",",,m,31,+","30.6",",m,08,","207.0","m","15.8",",m","0.0",",,,m","18.73",",m","27.64",",,,m","9.83",",,,m"
"MXN00026293","1991-04","27.4","-110.2333","6.7","SAN IGNACIO RIO MUERTO 4 P 12, MX","138.9","m","95.5",",m","0",",m","0",",m","0",",m","0",",m","0",",m","0",",m","30",",m","12",",m","19910403",",,m","19910430","+,,m","19910421","+,,m","7.8",",m,03,","0.0",",,m,30,+","35.0",",m,21,+","207.5","m","0.5",",m","0.0",",,,m","21.50",",m","31.91",",,,m","11.08",",,,m"
"MXN00026293","1991-05","27.4","-110.2333","6.7","SAN IGNACIO RIO MUERTO 4 P 12, MX","291.3","m","152.4",",m","0",",m","0",",m","0",",m","0",",m","0",",m","0",",m","31",",m","22",",m","19910506","+,,m","19910531","+,,m","19910531",",,m","8.9",",m,06,+","0.0",",,m,31,+","36.7",",m,31,","207.5","m","0.0",",m","0.0",",,,m","23.25",",m","33.70",",,,m","12.80",",,,m"
"MXN00026293","1991-06","27.4","-110.2333","6.7","SAN IGNACIO RIO MUERTO 4 P 12, MX","565.5","m","274.2",",m","1",",m","0",",m","0",",m","0",",m","0",",m","0",",m","30",",m","30",",m","19910607","+,,m","19910604",",,m","19910626","+,,m","15.0",",m,07,+","0.3",",,m,04,","41.7",",m,26,+","207.5","m","0.0",",m","0.3",",,,m","27.47",",m","37.22",",,,m","17.72",",,,m"
"MXN00026293","1991-07","27.4","-110.2333","6.7","SAN IGNACIO RIO MUERTO 4 P 12, MX","938.3","m","372.8",",m","4",",m","1",",m","0",",m","0",",m","0",",m","0",",m","31",",m","30",",m","19910722","+,,m","19910728",",,m","19910724","+,,m","20.0",",m,22,+","3.8",",,m,28,","40.0",",m,24,+","0.0","m","0.0",",m","7.7",",,,m","30.36",",m","37.37",",,,m","23.35",",,,m"
"MXN00026293","1991-08","27.4","-110.2333","6.7","SAN IGNACIO RIO MUERTO 4 P 12, MX","1323.5","m","385.2",",m","5",",m","2",",m","1",",m","0",",m","0",",m","0",",m","31",",m","31",",m","19910827","+,,m","19910826",",,m","19910806",",,m","21.7",",m,27,+","74.9",",,m,26,","41.7",",m,06,","0.0","m","0.0",",m","83.1",",,,m","30.76",",m","38.08",",,,m","23.44",",,,m"
"MXN00026293","1991-09","27.4","-110.2333","6.7","SAN IGNACIO RIO MUERTO 4 P 12, MX","1647.5","m","324.0",",m","6",",m","5",",m","2",",m","0",",m","0",",m","0",",m","30",",m","25",",m","19910910",",,m","19910911",",,m","19910929","+,,m","16.7",",m,10,","143.8",",,m,11,","38.9",",m,29,+","0.0","m","0.0",",m","266.8",",,,m","29.13",",m","35.48",",,,m","22.78",",,,m"
"MXN00026293","1991-10","27.4","-110.2333","6.7","SAN IGNACIO RIO MUERTO 4 P 12, MX","1948.7","m","301.2",",m","0",",m","0",",m","0",",m","0",",m","0",",m","0",",m","31",",m","23",",m","19911030",",,m","19911031","+,,m","19911011",",,m","11.7",",m,30,","0.0",",,m,31,+","40.6",",m,11,","0.0","m","0.0",",m","0.0",",,,m","28.05",",m","35.72",",,,m","20.38",",,,m"
"MXN00026293","1991-12","27.4","-110.2333","6.7","SAN IGNACIO RIO MUERTO 4 P 12, MX","","","19.1",",m","7",",m","4",",m","1",",m","0",",m","0",",m","0",",m","31",",m","0",",m","19911225","+,,m","19911210",",,m","19911218","+,,m","5.6",",m,25,+","33.8",",,m,10,","30.0",",m,18,+","","","40.9",",m","75.6",",,,m","17.63",",m","26.13",",,,m","9.13",",,,m"
"MXN00026293","1992-01","27.4","-110.2333","6.7","SAN IGNACIO RIO MUERTO 4 P 12, MX","4.3","m","4.3",",m","7",",m","4",",m","0",",m","0",",m","0",",m","0",",m","20",",m","0",",m","19920114",",,m","19920109",",,m","19920106",",,m","5.0",",m,14,","19.8",",,m,09,","28.9",",m,06,","","","70.1",",m","69.0",",,,m","16.21",",m","22.16",",,,m","10.26",",,,m"
"MXN00026293","1992-02","27.4","-110.2333","6.7","SAN IGNACIO RIO MUERTO 4 P 12, MX","23.7","m","19.4",",m","6",",m","3",",m","1",",m","0",",m","0",",m","0",",m","26",",m","0",",m","19920219",",,m","19920202",",,m","19920228",",,m","5.0",",m,19,","59.9",",,m,02,","30.6",",m,28,","","","33.4",",m","106.5",",,,m","17.85",",m","24.87",",,,m","10.83",",,,m"
"MXN00026293","1992-04","27.4","-110.2333","6.7","SAN IGNACIO RIO MUERTO 4 P 12, MX","","","74.0",",m","1",",m","1",",m","0",",m","0",",m","0",",m","0",",m","30",",m","10",",m","19920410",",,m","19920402",",,m","19920430",",,m","8.9",",m,10,","6.9",",,m,02,","38.9",",m,30,","","","6.6",",m","6.9",",,,m","20.58",",m","30.15",",,,m","11.01",",,,m"
"MXN00026293","1992-05","27.4","-110.2333","6.7","SAN IGNACIO RIO MUERTO 4 P 12, MX","","","297.4",",m","0",",m","0",",m","0",",m","0",",m","0",",m","0",",m","31",",m","30",",m","19920530","+,,m","19920531","+,,m","19920502",",,m","15.0",",m,30,+","0.0",",,m,31,+","41.7",",m,02,","","","0.0",",m","0.0",",,,m","27.93",",m","37.06",",,,m","18.79",",,,m"
"MXN00026293","1992-07","27.4","-110.2333","6.7","SAN IGNACIO RIO MUERTO 4 P 12, MX","","","413.7",",m","4",",m","3",",m","0",",m","0",",m","0",",m","0",",m","31",",m","31",",m","19920714","+,,m","19920730",",,m","19920703",",,m","21.7",",m,14,+","19.3",",,m,30,","42.2",",m,03,","0.0","m","0.0",",m","28.7",",,,m","31.68",",m","39.01",",,,m","24.34",",,,m"
"MXN00026293","1992-08","27.4","-110.2333","6.7","SAN IGNACIO RIO MUERTO 4 P 12, MX","","","402.9",",m","3",",m","3",",m","0",",m","0",",m","0",",m","0",",m","31",",m","31",",m","19920823",",,m","19920820",",,m","19920818",",,m","22.8",",m,23,","11.9",",,m,20,","41.7",",m,18,","0.0","m","0.0",",m","28.7",",,,m","31.33",",m","37.92",",,,m","24.74",",,,m"
"MXN00026293","1992-09","27.4","-110.2333","6.7","SAN IGNACIO RIO MUERTO 4 P 12, MX","","","366.9",",m","3",",m","3",",m","1",",m","0",",m","0",",m","0",",m","30",",m","30",",m","19920930",",,m","19920915",",,m","19920904",",,m","16.1",",m,30,","49.8",",,m,15,","45.0",",m,04,","0.0","m","0.0",",m","59.2",",,,m","30.56",",m","38.25",",,,m","22.88",",,,m"
"MXN00026293","1992-10","27.4","-110.2333","6.7","SAN IGNACIO RIO MUERTO 4 P 12, MX","","","244.6",",m","2",",m","2",",m","0",",m","0",",m","0",",m","0",",m","31",",m","27",",m","19921010",",,m","19921030",",,m","19921004",",,m","12.8",",m,10,","11.9",",,m,30,","41.1",",m,04,","0.0","m","0.0",",m","14.7",",,,m","26.22",",m","35.73",",,,m","16.71",",,,m"
"MXN00026293","1992-11","27.4","-110.2333","6.7","SAN IGNACIO RIO MUERTO 4 P 12, MX","","","24.1",",m","1",",m","1",",m","0",",m","0",",m","0",",m","0",",m","29",",m","1",",m","19921127",",,m","19921120",",,m","19921102",",,m","2.8",",m,27,","17.3",",,m,20,","32.2",",m,02,","44.8","m","44.8",",m","17.3",",,,m","17.64",",m","26.86",",,,m","8.42",",,,m"
"MXN00026293","1992-12","27.4","-110.2333","6.7","SAN IGNACIO RIO MUERTO 4 P 12, MX","","","4.8","1,m","3",",m","1",",m","0",",m","0","1,m","0","1,m","0","1,m","22","1,m","0","1,m","19921215","+,1,m","19921204",",,m","19921202",",1,m","1.7","1,m,15,+","6.9",",,m,04,","28.9","1,m,02,","127.2","m","82.4","1,m","10.0",",,,m","15.75","1,m","23.10","1,,,m","8.39","1,,,m"
"MXN00026293","1993-02","27.4","-110.2333","6.7","SAN IGNACIO RIO MUERTO 4 P 12, MX","","","0.0",",m","3",",m","3",",m","0",",m","0",",m","0",",m","0",",m","26",",m","0",",m","19930205",",,m","19930228",",,m","19930226","+,,m","3.9",",m,05,","12.4",",,m,28,","27.8",",m,26,+","","","82.4",",m","25.1",",,,m","15.39",",m","23.27",",,,m","7.51",",,,m"
"MXN00026293","1993-03","27.4","-110.2333","6.7","SAN IGNACIO RIO MUERTO 4 P 12, MX","","","15.6",",m","0",",m","0",",m","0",",m","0",",m","0",",m","0",",m","27",",m","0",",m","19930302",",,m","19930331","+,,m","19930323","+,,m","3.9",",m,02,","0.0",",,m,31,+","30.6",",m,23,+","","","42.3",",m","0.0",",,,m","17.47",",m","26.66",",,,m","8.28",",,,m"
"MXN00026293","1993-04","27.4","-110.2333","6.7","SAN IGNACIO RIO MUERTO 4 P 12, MX","","","88.9",",m","0",",m","0",",m","0",",m","0",",m","0",",m","0",",m","30",",m","12",",m","19930416",",,m","19930430","+,,m","19930417",",,m","7.8",",m,16,","0.0",",,m,30,+","37.8",",m,17,","","","1.1",",m","0.0",",,,m","21.26",",m","31.92",",,,m","10.60",",,,m"
"MXN00026293","1993-06","27.4","-110.2333","6.7","SAN IGNACIO RIO MUERTO 4 P 12, MX","","","239.0","1,m","0",",m","0",",m","0",",m","0",",m","0",",m","0","1,m","29","1,m","28","1,m","19930611","+,,m","19930630","+,,m","19930619",",1,m","11.1",",m,11,+","0.0",",,m,30,+","38.9","1,m,19,","","","0.0","1,m","0.0",",,,m","26.50","1,m","35.11","1,,,m","17.88",",,,m"
"MXN00026293","1993-07","27.4","-110.2333","6.7","SAN IGNACIO RIO MUERTO 4 P 12, MX","","","325.8",",m","2",",m","1",",m","0",",m","0",",m","0",",m","0",",m","31",",m","29",",m","19930726","+,,m","19930731",",,m","19930728","+,,m","20.0",",m,26,+","5.3",",,m,31,","40.6",",m,28,+","0.0","m","0.0",",m","6.6",",,,m","28.84",",m","35.59",",,,m","22.10",",,,m"
"MXN00026293","1993-08","27.4","-110.2333","6.7","SAN IGNACIO RIO MUERTO 4 P 12, MX","","","355.3",",m","4",",m","4",",m","2",",m","0",",m","0",",m","0",",m","31",",m","31",",m","19930826",",,m","19930823",",,m","19930825",",,m","20.0",",m,26,","72.9",",,m,23,","40.0",",m,25,","0.0","m","0.0",",m","148.4",",,,m","29.80",",m","36.66",",,,m","22.93",",,,m"
"MXN00026293","1993-09","27.4","-110.2333","6.7","SAN IGNACIO RIO MUERTO 4 P 12, MX","","","280.4",",m","3",",m","3",",m","0",",m","0",",m","0",",m","0",",m","30",",m","29",",m","19930930","+,,m","19930924",",,m","19930921",",,m","15.6",",m,30,+","6.4",",,m,24,","40.0",",m,21,","0.0","m","0.0",",m","16.0",",,,m","27.68",",m","36.12",",,,m","19.24",",,,m"
"MXN00026293","1993-11","27.4","-110.2333","6.7","SAN IGNACIO RIO MUERTO 4 P 12, MX","","","38.9",",m","3",",m","2",",m","0",",m","0",",m","0",",m","0",",m","29",",m","0",",m","19931117",",,m","19931107",",,m","19931123","+,,m","7.8",",m,17,","9.4",",,m,07,","30.0",",m,23,+","","","8.5",",m","18.1",",,,m","19.35",",m","26.11",",,,m","12.58",",,,m"
"MXN00026293","1993-12","27.4","-110.2333","6.7","SAN IGNACIO RIO MUERTO 4 P 12, MX","","","47.6",",m","2",",m","0",",m","0",",m","0",",m","0",",m","0",",m","29",",m","0",",m","19931230",",,m","19931219",",,m","19931203",",,m","5.0",",m,30,","1.3",",,m,19,","31.7",",m,03,","","","17.2",",m","2.1",",,,m","19.31",",m","26.81",",,,m","11.82",",,,m"
"MXN00026293","1994-01","27.4","-110.2333","6.7","SAN IGNACIO RIO MUERTO 4 P 12, MX","4.7","m","4.7",",m","0",",m","0",",m","0",",m","0",",m","0",",m","0",",m","27",",m","0",",m","19940131","+,,m","19940131","+,,m","19940121","+,,m","3.9",",m,31,+","0.0",",,m,31,+","30.0",",m,21,+","","","66.4",",m","0.0",",,,m","16.35",",m","25.59",",,,m","7.10",",,,m"
"MXN00026293","1994-02","27.4","-110.2333","6.7","SAN IGNACIO RIO MUERTO 4 P 12, MX","4.7","m","0.0",",m","0",",m","0",",m","0",",m","0",",m","0",",m","0",",m","26",",m","0",",m","19940201",",,m","19940228","+,,m","19940224",",,m","2.2",",m,01,","0.0",",,m,28,+","27.2",",m,24,","","","78.9",",m","0.0",",,,m","15.52",",m","24.60",",,,m","6.43",",,,m"
"MXN00026293","1994-03","27.4","-110.2333","6.7","SAN IGNACIO RIO MUERTO 4 P 12, MX","27.4","m","22.7",",m","0",",m","0",",m","0",",m","0",",m","0",",m","0",",m","31",",m","1",",m","19940315",",,m","19940331","+,,m","19940305",",,m","6.7",",m,15,","0.0",",,m,31,+","32.8",",m,05,","","","5.5",",m","0.0",",,,m","18.89",",m","28.89",",,,m","8.89",",,,m"
"MXN00026293","1994-04","27.4","-110.2333","6.7","SAN IGNACIO RIO MUERTO 4 P 12, MX","137.0","m","109.6",",m","0",",m","0",",m","0",",m","0",",m","0",",m","0",",m","30",",m","13",",m","19940401",",,m","19940430","+,,m","19940427","+,,m","8.9",",m,01,","0.0",",,m,30,+","36.7",",m,27,+","","","0.0",",m","0.0",",,,m","21.99",",m","32.56",",,,m","11.41",",,,m"
"MXN00026293","1994-05","27.4","-110.2333","6.7","SAN IGNACIO RIO MUERTO 4 P 12, MX","340.6","m","203.6",",m","0",",m","0",",m","0",",m","0",",m","0",",m","0",",m","31",",m","28",",m","19940505","+,,m","19940531","+,,m","19940531","+,,m","12.2",",m,05,+","0.0",",,m,31,+","38.9",",m,31,+","","","0.0",",m","0.0",",,,m","24.90",",m","35.36",",,,m","14.44",",,,m"
"MXN00026293","1994-06","27.4","-110.2333","6.7","SAN IGNACIO RIO MUERTO 4 P 12, MX","716.8","m","376.2",",m","0",",m","0",",m","0",",m","0",",m","0",",m","0",",m","30",",m","30",",m","19940602",",,m","19940630","+,,m","19940628",",,m","15.6",",m,02,","0.0",",,m,30,+","42.8",",m,28,","","","0.0",",m","0.0",",,,m","30.87",",m","39.17",",,,m","22.58",",,,m"
"MXN00026293","1994-07","27.4","-110.2333","6.7","SAN IGNACIO RIO MUERTO 4 P 12, MX","1146.3","m","429.5",",m","1",",m","1",",m","0",",m","0",",m","0",",m","0",",m","31",",m","31",",m","19940701",",,m","19940730",",,m","19940702",",,m","20.6",",m,01,","2.8",",,m,30,","41.7",",m,02,","0.0","m","0.0",",m","2.8",",,,m","32.19",",m","38.19",",,,m","26.19",",,,m"
"MXN00026293","1994-08","27.4","-110.2333","6.7","SAN IGNACIO RIO MUERTO 4 P 12, MX","1517.3","m","371.0",",m","11",",m","7",",m","1",",m","0",",m","0",",m","0",",m","31",",m","30",",m","19940823","+,,m","19940810",",,m","19940802",",,m","21.7",",m,23,+","39.4",",,m,10,","39.4",",m,02,","0.0","m","0.0",",m","99.4",",,,m","30.30",",m","36.17",",,,m","24.43",",,,m"
"MXN00026293","1994-09","27.4","-110.2333","6.7","SAN IGNACIO RIO MUERTO 4 P 12, MX","1880.5","m","363.2",",m","2",",m","2",",m","0",",m","0",",m","0",",m","0",",m","30",",m","30",",m","19940930","+,,m","19940921",",,m","19940927",",,m","21.7",",m,30,+","7.4",",,m,21,","40.0",",m,27,","0.0","m","0.0",",m","10.2",",,,m","30.44",",m","36.89",",,,m","23.98",",,,m"
"MXN00026293","1994-10","27.4","-110.2333","6.7","SAN IGNACIO RIO MUERTO 4 P 12, MX","2127.9","m","247.4",",m","0",",m","0",",m","0",",m","0",",m","0",",m","0",",m","31",",m","17",",m","19941030",",,m","19941031","+,,m","19941025",",,m","15.0",",m,30,","0.0",",,m,31,+","37.8",",m,25,","0.0","m","0.0",",m","0.0",",,,m","26.31",",m","32.93",",,,m","19.70",",,,m"
"MXN00026293","1994-11","27.4","-110.2333","6.7","SAN IGNACIO RIO MUERTO 4 P 12, MX","2217.1","m","89.2",",m","2",",m","2",",m","0",",m","0",",m","0",",m","0",",m","30",",m","4",",m","19941121",",,m","19941112",",,m","19941111",",,m","7.8",",m,21,","24.9",",,m,12,","33.9",",m,11,","3.5","m","3.5",",m","35.8",",,,m","21.19",",m","29.61",",,,m","12.77",",,,m"
"MXN00026293","1994-12","27.4","-110.2333","6.7","SAN IGNACIO RIO MUERTO 4 P 12, MX","2222.0","m","4.9",",m","5",",m","4",",m","2",",m","0",",m","0",",m","0",",m","28",",m","0",",m","19941231","+,,m","19941205",",,m","19941206",",,m","6.7",",m,31,+","56.9",",,m,05,","30.0",",m,06,","52.6","m","49.1",",m","110.4",",,,m","16.90",",m","24.34",",,,m","9.47",",,,m"
"MXN00026293","1995-01","27.4","-110.2333","6.7","SAN IGNACIO RIO MUERTO 4 P 12, MX","0.0","m","0.0",",m","1",",m","1",",m","0",",m","0",",m","0",",m","0",",m","19",",m","0",",m","19950130",",,m","19950124",",,m","19950124","+,,m","2.8",",m,30,","2.8",",,m,24,","26.7",",m,24,+","166.8","m","114.2",",m","2.8",",,,m","14.65",",m","22.23",",,,m","7.07",",,,m"
"MXN00026293","1995-02","27.4","-110.2333","6.7","SAN IGNACIO RIO MUERTO 4 P 12, MX","49.3","m","49.3",",m","4",",m","4",",m","0",",m","0",",m","0",",m","0",",m","27",",m","0",",m","19950203",",,m","19950214",",,m","19950226",",,m","5.6",",m,03,","7.4",",,m,14,","31.7",",m,26,","183.8","m","17.0",",m","15.8",",,,m","19.48",",m","27.40",",,,m","11.57",",,,m"
"MXN00026293","1995-03","27.4","-110.2333","6.7","SAN IGNACIO RIO MUERTO 4 P 12, MX","130.9","m","81.6",",m","0",",m","0",",m","0",",m","0",",m","0",",m","0",",m","31",",m","6",",m","19950327",",,m","19950331","+,,m","19950318",",,m","7.8",",m,27,","0.0",",,m,31,+","33.9",",m,18,","184.9","m","1.1",",m","0.0",",,,m","20.93",",m","30.38",",,,m","11.48",",,,m"
"MXN00026293","1995-04","27.4","-110.2333","6.7","SAN IGNACIO RIO MUERTO 4 P 12, MX","209.2","m","78.3",",m","0",",m","0",",m","0",",m","0",",m","0",",m","0",",m","30",",m","9",",m","19950417",",,m","19950430","+,,m","19950428",",,m","6.7",",m,17,","0.0",",,m,30,+","37.8",",m,28,","186.0","m","1.1",",m","0.0",",,,m","20.91",",m","31.15",",,,m","10.66",",,,m"
"MXN00026293","1995-05","27.4","-110.2333","6.7","SAN IGNACIO RIO MUERTO 4 P 12, MX","357.4","m","148.2",",m","1",",m","0",",m","0",",m","0",",m","0",",m","0",",m","31",",m","21",",m","19950505","+,,m","19950522",",,m","19950501",",,m","10.0",",m,05,+","0.8",",,m,22,","35.6",",m,01,","186.0","m","0.0",",m","0.8",",,,m","23.11",",m","32.85",",,,m","13.38",",,,m"
"MXN00026293","1995-06","27.4","-110.2333","6.7","SAN IGNACIO RIO MUERTO 4 P 12, MX","655.3","m","297.9",",m","0",",m","0",",m","0",",m","0",",m","0",",m","0",",m","30",",m","30",",m","19950611",",,m","19950630","+,,m","19950630","+,,m","15.0",",m,11,","0.0",",,m,30,+","40.0",",m,30,+","186.0","m","0.0",",m","0.0",",,,m","28.26",",m","37.85",",,,m","18.67",",,,m"
"MXN00026293","1995-07","27.4","-110.2333","6.7","SAN IGNACIO RIO MUERTO 4 P 12, MX","1046.7","m","391.4",",m","2",",m","1",",m","0",",m","0",",m","0",",m","0",",m","31",",m","31",",m","19950708",",,m","19950707",",,m","19950731","+,,m","16.7",",m,08,","5.8",",,m,07,","40.6",",m,31,+","0.0","m","0.0",",m","7.6",",,,m","30.96",",m","39.32",",,,m","22.60",",,,m"
"MXN00026293","1995-08","27.4","-110.2333","6.7","SAN IGNACIO RIO MUERTO 4 P 12, MX","1468.1","m","421.4",",m","6",",m","3",",m","1",",m","0",",m","0",",m","0",",m","31",",m","31",",m","19950815",",,m","19950815",",,m","19950801",",,m","17.8",",m,15,","72.9",",,m,15,","41.7",",m,01,","0.0","m","0.0",",m","97.9",",,,m","31.93",",m","38.67",",,,m","25.18",",,,m"
"MXN00026293","1995-09","27.4","-110.2333","6.7","SAN IGNACIO RIO MUERTO 4 P 12, MX","1807.9","m","339.8",",m","3",",m","3",",m","1",",m","0",",m","0",",m","0",",m","30",",m","28",",m","19950913",",,m","19950914",",,m","19950908",",,m","17.8",",m,13,","72.9",",,m,14,","40.6",",m,08,","0.0","m","0.0",",m","95.5",",,,m","29.66",",m","35.97",",,,m","23.35",",,,m"
"MXN00026293","1995-10","27.4","-110.2333","6.7","SAN IGNACIO RIO MUERTO 4 P 12, MX","2044.7","m","236.8",",m","1",",m","0",",m","0",",m","0",",m","0",",m","0",",m","31",",m","30",",m","19951029","+,,m","19951029",",,m","19951018","+,,m","11.7",",m,29,+","1.3",",,m,29,","36.7",",m,18,+","0.0","m","0.0",",m","1.3",",,,m","25.97",",m","34.74",",,,m","17.21",",,,m"
"MXN00026293","1995-11","27.4","-110.2333","6.7","SAN IGNACIO RIO MUERTO 4 P 12, MX","2195.4","m","150.7",",m","0",",m","0",",m","0",",m","0",",m","0",",m","0",",m","30",",m","13",",m","19951130",",,m","19951130","+,,m","19951125","+,,m","8.9",",m,30,","0.0",",,m,30,+","35.0",",m,25,+","0.0","m","0.0",",m","0.0",",,,m","23.36",",m","30.89",",,,m","15.83",",,,m"
"MXN00026293","1995-12","27.4","-110.2333","6.7","SAN IGNACIO RIO MUERTO 4 P 12, MX","2229.0","m","33.6",",m","2",",m","1",",m","0",",m","0",",m","0",",m","0",",m","30",",m","0",",m","19951231","+,,m","19951226",",,m","19951210","+,,m","5.0",",m,31,+","2.8",",,m,26,","31.7",",m,10,+","54.9","m","54.9",",m","4.1",",,,m","17.65",",m","26.83",",,,m","8.46",",,,m"
"MXN00026293","1996-01","27.4","-110.2333","6.7","SAN IGNACIO RIO MUERTO 4 P 12, MX","0.0","m","0.0",",m","0",",m","0",",m","0",",m","0",",m","0",",m","0",",m","22",",m","0",",m","19960123","+,,m","19960131","+,,m","19960129",",,m","3.9",",m,23,+","0.0",",,m,31,+","27.8",",m,29,","188.3","m","133.4",",m","0.0",",,,m","14.03",",m","22.37",",,,m","5.68",",,,m"
"MXN00026293","1996-02","27.4","-110.2333","6.7","SAN IGNACIO RIO MUERTO 4 P 12, MX","28.9","m","28.9",",m","0",",m","0",",m","0",",m","0",",m","0",",m","0",",m","29",",m","4",",m","19960202","+,,m","19960229","+,,m","19960222",",,m","6.7",",m,02,+","0.0",",,m,29,+","33.9",",m,22,","204.4","m","16.1",",m","0.0",",,,m","18.78",",m","27.90",",,,m","9.66",",,,m"
"MXN00026293","1996-03","27.4","-110.2333","6.7","SAN IGNACIO RIO MUERTO 4 P 12, MX","117.0","m","88.1",",m","0",",m","0",",m","0",",m","0",",m","0",",m","0",",m","31",",m","21",",m","19960304",",,m","19960331","+,,m","19960312",",,m","6.7",",m,04,","0.0",",,m,31,+","36.7",",m,12,","208.8","m","4.4",",m","0.0",",,,m","21.03",",m","32.44",",,,m","9.63",",,,m"
"MXN00026293","1996-04","27.4","-110.2333","6.7","SAN IGNACIO RIO MUERTO 4 P 12, MX","223.1","m","106.1",",m","0",",m","0",",m","0",",m","0",",m","0",",m","0",",m","30",",m","20",",m","19960430","+,,m","19960430","+,,m","19960429",",,m","10.0",",m,30,+","0.0",",,m,30,+","36.7",",m,29,","208.8","m","0.0",",m","0.0",",,,m","21.87",",m","32.84",",,,m","10.90",",,,m"
"MXN00026293","1996-05","27.4","-110.2333","6.7","SAN IGNACIO RIO MUERTO 4 P 12, MX","420.1","m","197.0",",m","0",",m","0",",m","0",",m","0",",m","0",",m","0",",m","31",",m","30",",m","19960516","+,,m","19960531","+,,m","19960517","+,,m","10.0",",m,16,+","0.0",",,m,31,+","37.8",",m,17,+","208.8","m","0.0",",m","0.0",",,,m","24.69",",m","36.05",",,,m","13.32",",,,m"
"MXN00026293","1996-06","27.4","-110.2333","6.7","SAN IGNACIO RIO MUERTO 4 P 12, MX","809.6","m","389.5",",m","1",",m","0",",m","0",",m","0",",m","0",",m","0",",m","30",",m","30",",m","19960601",",,m","19960611",",,m","19960610","+,,m","15.0",",m,01,","2.3",",,m,11,","41.7",",m,10,+","208.8","m","0.0",",m","2.3",",,,m","31.32",",m","40.20",",,,m","22.44",",,,m"
"MXN00026293","1996-07","27.4","-110.2333","6.7","SAN IGNACIO RIO MUERTO 4 P 12, MX","1218.3","m","408.7",",m","4",",m","3",",m","0",",m","0",",m","0",",m","0",",m","31",",m","30",",m","19960725","+,,m","19960718",",,m","19960731","+,,m","20.6",",m,25,+","12.4",",,m,18,","41.7",",m,31,+","0.0","m","0.0",",m","29.9",",,,m","31.52",",m","38.21",",,,m","24.82",",,,m"
"MXN00026293","1996-08","27.4","-110.2333","6.7","SAN IGNACIO RIO MUERTO 4 P 12, MX","1589.0","m","370.7",",m","10",",m","7",",m","1",",m","0",",m","0",",m","0",",m","31",",m","30",",m","19960829","+,,m","19960815",",,m","19960821",",,m","21.7",",m,29,+","25.7",",,m,15,","40.6",",m,21,","0.0","m","0.0",",m","96.6",",,,m","30.29",",m","37.45",",,,m","23.14",",,,m"
"MXN00026293","1996-09","27.4","-110.2333","6.7","SAN IGNACIO RIO MUERTO 4 P 12, MX","1909.0","m","320.0",",m","5",",m","4",",m","1",",m","0",",m","0",",m","0",",m","30",",m","26",",m","19960920",",,m","19960911",",,m","19960912",",,m","17.8",",m,20,","31.8",",,m,11,","40.6",",m,12,","0.0","m","0.0",",m","61.1",",,,m","29.00",",m","36.26",",,,m","21.74",",,,m"
"MXN00026293","1996-10","27.4","-110.2333","6.7","SAN IGNACIO RIO MUERTO 4 P 12, MX","2186.4","m","277.4",",m","0",",m","0",",m","0",",m","0",",m","0",",m","0",",m","31",",m","21",",m","19961031","+,,m","19961031","+,,m","19961010","+,,m","17.8",",m,31,+","0.0",",,m,31,+","38.9",",m,10,+","0.0","m","0.0",",m","0.0",",,,m","27.28",",m","33.98",",,,m","20.58",",,,m"
"MXN00026293","1996-11","27.4","-110.2333","6.7","SAN IGNACIO RIO MUERTO 4 P 12, MX","2326.8","m","140.4",",m","2",",m","2",",m","0",",m","0",",m","0",",m","0",",m","30",",m","11",",m","19961130",",,m","19961128",",,m","19961115",",,m","8.9",",m,30,","12.4",",,m,28,","38.9",",m,15,","0.0","m","0.0",",m","15.2",",,,m","23.01",",m","31.37",",,,m","14.65",",,,m"
"MXN00026293","1996-12","27.4","-110.2333","6.7","SAN IGNACIO RIO MUERTO 4 P 12, MX","2328.5","m","1.7",",m","0",",m","0",",m","0",",m","0",",m","0",",m","0",",m","23",",m","0",",m","19961229","+,,m","19961231","+,,m","19961229","+,,m","5.0",",m,29,+","0.0",",,m,31,+","26.7",",m,29,+","92.6","m","92.6",",m","0.0",",,,m","15.40",",m","23.16",",,,m","7.64",",,,m"
"MXN00026293","1997-01","27.4","-110.2333","6.7","SAN IGNACIO RIO MUERTO 4 P 12, MX","0.0","m","0.0",",m","1",",m","1",",m","0",",m","0",",m","0",",m","0",",m","14",",m","0",",m","19970110","+,,m","19970118",",,m","19970104",",,m","2.8",",m,10,+","3.3",",,m,18,","25.6",",m,04,","246.2","m","153.6",",m","3.3",",,,m","13.38",",m","20.10",",,,m","6.65",",,,m"
"MXN00026293","1997-02","27.4","-110.2333","6.7","SAN IGNACIO RIO MUERTO 4 P 12, MX","0.0","m","0.0",",m","0",",m","0",",m","0",",m","0",",m","0",",m","0",",m","27",",m","0",",m","19970228","+,,m","19970228","+,,m","19970224","+,,m","3.9",",m,28,+","0.0",",,m,28,+","28.9",",m,24,+","327.5","m","81.3",",m","0.0",",,,m","15.43",",m","24.85",",,,m","6.01",",,,m"
"MXN00026293","1997-03","27.4","-110.2333","6.7","SAN IGNACIO RIO MUERTO 4 P 12, MX","78.9","m","78.9",",m","0",",m","0",",m","0",",m","0",",m","0",",m","0",",m","31",",m","12",",m","19970303","+,,m","19970331","+,,m","19970328",",,m","5.0",",m,03,+","0.0",",,m,31,+","38.9",",m,28,","350.7","m","23.2",",m","0.0",",,,m","20.13",",m","30.51",",,,m","9.75",",,,m"
"MXN00026293","1997-04","27.4","-110.2333","6.7","SAN IGNACIO RIO MUERTO 4 P 12, MX","248.2","m","169.3",",m","0",",m","0",",m","0",",m","0",",m","0",",m","0",",m","30",",m","22",",m","19970427",",,m","19970430","+,,m","19970422","+,,m","11.7",",m,27,","0.0",",,m,30,+","37.8",",m,22,+","350.7","m","0.0",",m","0.0",",,,m","23.98",",m","33.67",",,,m","14.28",",,,m"
"MXN00026293","1997-05","27.4","-110.2333","6.7","SAN IGNACIO RIO MUERTO 4 P 12, MX","489.2","m","241.0",",m","0",",m","0",",m","0",",m","0",",m","0",",m","0",",m","31",",m","31",",m","19970517",",,m","19970531","+,,m","19970531","+,,m","13.9",",m,17,","0.0",",,m,31,+","38.9",",m,31,+","350.7","m","0.0",",m","0.0",",,,m","26.11",",m","35.86",",,,m","16.35",",,,m"
"MXN00026293","1997-06","27.4","-110.2333","6.7","SAN IGNACIO RIO MUERTO 4 P 12, MX","814.0","m","324.8",",m","1",",m","1",",m","0",",m","0",",m","0",",m","0",",m","30",",m","29",",m","19970609",",,m","19970614",",,m","19970619",",,m","17.8",",m,09,","24.6",",,m,14,","41.7",",m,19,","350.7","m","0.0",",m","24.6",",,,m","29.16",",m","36.43",",,,m","21.89",",,,m"
"MXN00026293","1997-07","27.4","-110.2333","6.7","SAN IGNACIO RIO MUERTO 4 P 12, MX","1218.0","m","404.0",",m","1",",m","1",",m","0",",m","0",",m","0",",m","0",",m","31",",m","31",",m","19970714",",,m","19970728",",,m","19970713",",,m","18.9",",m,14,","3.3",",,m,28,","43.9",",m,13,","0.0","m","0.0",",m","3.3",",,,m","31.36",",m","38.98",",,,m","23.75",",,,m"
"MXN00026293","1997-08","27.4","-110.2333","6.7","SAN IGNACIO RIO MUERTO 4 P 12, MX","1616.5","m","398.5",",m","8",",m","5",",m","1",",m","0",",m","0",",m","0",",m","31",",m","31",",m","19970815",",,m","19970814",",,m","19970803",",,m","20.6",",m,15,","58.9",",,m,14,","42.8",",m,03,","0.0","m","0.0",",m","82.6",",,,m","31.19",",m","38.48",",,,m","23.89",",,,m"
"MXN00026293","1997-09","27.4","-110.2333","6.7","SAN IGNACIO RIO MUERTO 4 P 12, MX","1966.3","m","349.8",",m","4",",m","3",",m","0",",m","0",",m","0",",m","0",",m","30",",m","24",",m","19970928",",,m","19970923",",,m","19970909",",,m","20.0",",m,28,","17.8",",,m,23,","41.7",",m,09,","0.0","m","0.0",",m","37.1",",,,m","29.99",",m","36.67",",,,m","23.32",",,,m"
"MXN00026293","1997-10","27.4","-110.2333","6.7","SAN IGNACIO RIO MUERTO 4 P 12, MX","2197.8","m","231.5",",m","1",",m","1",",m","0",",m","0",",m","0",",m","0",",m","31",",m","14",",m","19971027",",,m","19971007",",,m","19971025","+,,m","10.6",",m,27,","4.8",",,m,07,","35.0",",m,25,+","0.0","m","0.0",",m","4.8",",,,m","25.80",",m","32.15",",,,m","19.45",",,,m"
"MXN00026293","1997-11","27.4","-110.2333","6.7","SAN IGNACIO RIO MUERTO 4 P 12, MX","2275.4","m","77.6",",m","4",",m","3",",m","0",",m","0",",m","0",",m","0",",m","30",",m","8",",m","19971130","+,,m","19971112",",,m","19971102",",,m","6.7",",m,30,+","14.0",",,m,12,","35.0",",m,02,","4.4","m","4.4",",m","21.1",",,,m","20.78",",m","29.82",",,,m","11.73",",,,m"
"MXN00026293","1997-12","27.4","-110.2333","6.7","SAN IGNACIO RIO MUERTO 4 P 12, MX","2276.8","m","1.4",",m","3",",m","3",",m","1",",m","0",",m","0",",m","0",",m","23",",m","0",",m","19971215","+,,m","19971219",",,m","19971218",",,m","1.1",",m,15,+","25.4",",,m,19,","28.3",",m,18,","117.3","m","112.9",",m","36.1",",,,m","14.74",",m","23.23",",,,m","6.25",",,,m"
"MXN00026293","1998-01","27.4","-110.2333","6.7","SAN IGNACIO RIO MUERTO 4 P 12, MX","1.2","m","1.2",",m","0",",m","0",",m","0",",m","0",",m","0",",m","0",",m","30",",m","0",",m","19980108","+,,m","19980131","+,,m","19980127",",,m","4.4",",m,08,+","0.0",",,m,31,+","31.1",",m,27,","181.0","m","63.7",",m","0.0",",,,m","16.32",",m","26.01",",,,m","6.63",",,,m"
"MXN00026293","1998-02","27.4","-110.2333","6.7","SAN IGNACIO RIO MUERTO 4 P 12, MX","1.2","m","0.0",",m","1",",m","0",",m","0",",m","0",",m","0",",m","0",",m","28",",m","0",",m","19980227","+,,m","19980217",",,m","19980223",",,m","4.4",",m,27,+","0.3",",,m,17,","30.6",",m,23,","252.9","m","71.9",",m","0.3",",,,m","15.76",",m","24.76",",,,m","6.77",",,,m"
"MXN00026293","1998-03","27.4","-110.2333","6.7","SAN IGNACIO RIO MUERTO 4 P 12, MX","17.1","m","15.9",",m","1",",m","0",",m","0",",m","0",",m","0",",m","0",",m","28",",m","2",",m","19980308",",,m","19980329",",,m","19980321",",,m","2.8",",m,08,","1.3",",,m,29,","35.0",",m,21,","287.8","m","34.9",",m","1.3",",,,m","17.72",",m","27.29",",,,m","8.15",",,,m"
"MXN00026293","1998-04","27.4","-110.2333","6.7","SAN IGNACIO RIO MUERTO 4 P 12, MX","65.0","m","47.9",",m","0",",m","0",",m","0",",m","0",",m","0",",m","0",",m","30",",m","10",",m","19980401",",,m","19980430","+,,m","19980420",",,m","5.0",",m,01,","0.0",",,m,30,+","35.6",",m,20,","300.8","m","13.0",",m","0.0",",,,m","19.50",",m","30.49",",,,m","8.50",",,,m"
"MXN00026293","1998-05","27.4","-110.2333","6.7","SAN IGNACIO RIO MUERTO 4 P 12, MX","228.5","m","163.5",",m","0",",m","0",",m","0",",m","0",",m","0",",m","0",",m","31",",m","25",",m","19980528","+,,m","19980531","+,,m","19980531",",,m","10.0",",m,28,+","0.0",",,m,31,+","40.6",",m,31,","300.8","m","0.0",",m","0.0",",,,m","23.61",",m","34.92",",,,m","12.30",",,,m"
"MXN00026293","1998-06","27.4","-110.2333","6.7","SAN IGNACIO RIO MUERTO 4 P 12, MX","547.3","m","318.8",",m","1",",m","1",",m","0",",m","0",",m","0",",m","0",",m","30",",m","30",",m","19980607",",,m","19980610",",,m","19980620",",,m","12.8",",m,07,","6.1",",,m,10,","43.9",",m,20,","300.8","m","0.0",",m","6.1",",,,m","28.96",",m","38.34",",,,m","19.58",",,,m"
"MXN00026293","1998-07","27.4","-110.2333","6.7","SAN IGNACIO RIO MUERTO 4 P 12, MX","973.9","m","426.6",",m","1",",m","1",",m","1",",m","0",",m","0",",m","0",",m","31",",m","31",",m","19980729",",,m","19980728",",,m","19980727","+,,m","20.6",",m,29,","39.4",",,m,28,","43.9",",m,27,+","0.0","m","0.0",",m","39.4",",,,m","32.10",",m","39.86",",,,m","24.33",",,,m"
"MXN00026293","1998-08","27.4","-110.2333","6.7","SAN IGNACIO RIO MUERTO 4 P 12, MX","1384.8","m","410.9",",m","3",",m","3",",m","0",",m","0",",m","0",",m","0",",m","31",",m","31",",m","19980816",",,m","19980829",",,m","19980825",",,m","20.6",",m,16,","14.0",",,m,29,","43.9",",m,25,","0.0","m","0.0",",m","23.7",",,,m","31.59",",m","39.27",",,,m","23.90",",,,m"
"MXN00026293","1998-09","27.4","-110.2333","6.7","SAN IGNACIO RIO MUERTO 4 P 12, MX","1747.9","m","363.1",",m","2",",m","2",",m","0",",m","0",",m","0",",m","0",",m","30",",m","30",",m","19980926","+,,m","19980902",",,m","19980906",",,m","16.7",",m,26,+","3.8",",,m,02,","41.7",",m,06,","0.0","m","0.0",",m","7.1",",,,m","30.44",",m","38.44",",,,m","22.43",",,,m"
"MXN00026293","1998-10","27.4","-110.2333","6.7","SAN IGNACIO RIO MUERTO 4 P 12, MX","2061.4","m","313.5",",m","0",",m","0",",m","0",",m","0",",m","0",",m","0",",m","31",",m","30",",m","19981031","+,,m","19981031","+,,m","19981008","+,,m","16.7",",m,31,+","0.0",",,m,31,+","38.9",",m,08,+","0.0","m","0.0",",m","0.0",",,,m","28.45",",m","35.29",",,,m","21.60",",,,m"
"MXN00026293","1998-11","27.4","-110.2333","6.7","SAN IGNACIO RIO MUERTO 4 P 12, MX","2152.6","m","91.2",",m","0",",m","0",",m","0",",m","0",",m","0",",m","0",",m","30",",m","18",",m","19981129",",,m","19981130","+,,m","19981127",",,m","6.7",",m,29,","0.0",",,m,30,+","38.9",",m,27,","0.0","m","0.0",",m","0.0",",,,m","21.37",",m","32.43",",,,m","10.32",",,,m"
"MXN00026293","1998-12","27.4","-110.2333","6.7","SAN IGNACIO RIO MUERTO 4 P 12, MX","2153.8","m","1.2","1,m","0",",m","0",",m","0",",m","0",",m","0",",m","0","1,m","26","1,m","0","1,m","19981211",",,m","19981231","+,,m","19981231","+,1,m","1.7",",m,11,","0.0",",,m,31,+","30.0","1,m,31,+","69.7","m","69.7","1,m","0.0",",,,m","16.02","1,m","25.30","1,,,m","6.74",",,,m"
"MXN00026293","1999-01","27.4","-110.2333","6.7","SAN IGNACIO RIO MUERTO 4 P 12, MX","0.1","m","0.1",",m","0",",m","0",",m","0",",m","0",",m","0",",m","0",",m","28",",m","0",",m","19990116",",,m","19990131","+,,m","19990125","+,,m","2.8",",m,16,","0.0",",,m,31,+","30.0",",m,25,+","129.0","m","59.3",",m","0.0",",,,m","16.42",",m","26.74",",,,m","6.10",",,,m"
"MXN00026293","1999-02","27.4","-110.2333","6.7","SAN IGNACIO RIO MUERTO 4 P 12, MX","4.9","m","4.8",",m","0",",m","0",",m","0",",m","0",",m","0",",m","0",",m","28",",m","0",",m","19990215",",,m","19990228","+,,m","19990221","+,,m","3.9",",m,15,","0.0",",,m,28,+","30.6",",m,21,+","158.5","m","29.5",",m","0.0",",,,m","17.45",",m","28.20",",,,m","6.71",",,,m"
"MXN00026293","1999-03","27.4","-110.2333","6.7","SAN IGNACIO RIO MUERTO 4 P 12, MX","30.2","m","25.3",",m","1",",m","0",",m","0",",m","0",",m","0",",m","0",",m","31",",m","7",",m","19990325","+,,m","19990326",",,m","19990327","+,,m","5.0",",m,25,+","1.8",",,m,26,","36.7",",m,27,+","193.0","m","34.5",",m","1.8",",,,m","18.04",",m","29.19",",,,m","6.89",",,,m"
"MXN00026293","1999-04","27.4","-110.2333","6.7","SAN IGNACIO RIO MUERTO 4 P 12, MX","82.2","m","52.0",",m","0",",m","0",",m","0",",m","0",",m","0",",m","0",",m","30",",m","10",",m","19990406",",,m","19990430","+,,m","19990429",",,m","5.0",",m,06,","0.0",",,m,30,+","37.8",",m,29,","208.4","m","15.4",",m","0.0",",,,m","19.56",",m","30.26",",,,m","8.85",",,,m"
"MXN00026293","1999-05","27.4","-110.2333","6.7","SAN IGNACIO RIO MUERTO 4 P 12, MX","222.7","m","140.5",",m","0",",m","0",",m","0",",m","0",",m","0",",m","0",",m","31",",m","20",",m","19990513","+,,m","19990531","+,,m","19990529",",,m","7.8",",m,13,+","0.0",",,m,31,+","40.0",",m,29,","208.9","m","0.5",",m","0.0",",,,m","22.85",",m","33.84",",,,m","11.85",",,,m"
"MXN00026293","1999-06","27.4","-110.2333","6.7","SAN IGNACIO RIO MUERTO 4 P 12, MX","492.6","m","269.9",",m","0",",m","0",",m","0",",m","0",",m","0",",m","0",",m","30",",m","25",",m","19990607",",,m","19990630","+,,m","19990619",",,m","10.6",",m,07,","0.0",",,m,30,+","43.9",",m,19,","208.9","m","0.0",",m","0.0",",,,m","27.33",",m","35.86",",,,m","18.80",",,,m"
"MXN00026293","1999-07","27.4","-110.2333","6.7","SAN IGNACIO RIO MUERTO 4 P 12, MX","879.9","m","387.3",",m","4",",m","4",",m","0",",m","0",",m","0",",m","0",",m","31",",m","31",",m","19990721",",,m","19990720",",,m","19990719","+,,m","20.6",",m,21,","15.0",",,m,20,","41.7",",m,19,+","0.0","m","0.0",",m","25.1",",,,m","30.83",",m","38.21",",,,m","23.44",",,,m"
"MXN00026293","1999-08","27.4","-110.2333","6.7","SAN IGNACIO RIO MUERTO 4 P 12, MX","1268.2","m","388.3",",m","7",",m","5",",m","1",",m","0",",m","0",",m","0",",m","31",",m","31",",m","19990817","+,,m","19990803",",,m","19990815",",,m","20.0",",m,17,+","26.9",",,m,03,","44.4",",m,15,","0.0","m","0.0",",m","75.8",",,,m","30.86",",m","39.05",",,,m","22.67",",,,m"
"MXN00026293","1999-09","27.4","-110.2333","6.7","SAN IGNACIO RIO MUERTO 4 P 12, MX","1629.9","m","361.7",",m","1",",m","1",",m","1",",m","0",",m","0",",m","0",",m","30",",m","26",",m","19990929",",,m","19990905",",,m","19990930","+,,m","16.7",",m,29,","27.9",",,m,05,","43.9",",m,30,+","0.0","m","0.0",",m","27.9",",,,m","30.39",",m","37.47",",,,m","23.31",",,,m"
"MXN00026293","1999-10","27.4","-110.2333","6.7","SAN IGNACIO RIO MUERTO 4 P 12, MX","1899.7","m","269.8",",m","0",",m","0",",m","0",",m","0",",m","0",",m","0",",m","31",",m","29",",m","19991029",",,m","19991031","+,,m","19991005",",,m","11.7",",m,29,","0.0",",,m,31,+","45.6",",m,05,","0.0","m","0.0",",m","0.0",",,,m","27.04",",m","36.83",",,,m","17.24",",,,m"
"MXN00026293","1999-11","27.4","-110.2333","6.7","SAN IGNACIO RIO MUERTO 4 P 12, MX","1996.1","m","96.4",",m","0",",m","0",",m","0",",m","0",",m","0",",m","0",",m","30",",m","16",",m","19991125",",,m","19991130","+,,m","19991113",",,m","5.0",",m,25,","0.0",",,m,30,+","37.8",",m,13,","8.8","m","8.8",",m","0.0",",,,m","21.25",",m","31.81",",,,m","10.69",",,,m"
"MXN00026293","1999-12","27.4","-110.2333","6.7","SAN IGNACIO RIO MUERTO 4 P 12, MX","2001.0","m","4.9",",m","0",",m","0",",m","0",",m","0",",m","0",",m","0",",m","29",",m","1",",m","19991210",",,m","19991231","+,,m","19991209",",,m","2.8",",m,10,","0.0",",,m,31,+","35.0",",m,09,","92.8","m","84.0",",m","0.0",",,,m","15.78",",m","25.74",",,,m","5.82",",,,m"
"MXN00026293","2000-01","27.4","-110.2333","6.7","SAN IGNACIO RIO MUERTO 4 P 12, MX","16.3","m","16.3",",m","0",",m","0",",m","0",",m","0",",m","0",",m","0",",m","31",",m","4",",m","20000105",",,m","20000131","+,,m","20000117","+,,m","0.6",",m,05,","0.0",",,m,31,+","33.9",",m,17,+","120.3","m","27.5",",m","0.0",",,,m","17.97",",m","29.44",",,,m","6.51",",,,m"
"MXN00026293","2000-02","27.4","-110.2333","6.7","SAN IGNACIO RIO MUERTO 4 P 12, MX","36.0","m","19.7",",m","0",",m","0",",m","0",",m","0",",m","0",",m","0",",m","29",",m","0",",m","20000207","+,,m","20000229","+,,m","20000218",",,m","5.6",",m,07,+","0.0",",,m,29,+","31.7",",m,18,","127.3","m","7.0",",m","0.0",",,,m","18.77",",m","29.55",",,,m","7.99",",,,m"
"MXN00026293","2000-03","27.4","-110.2333","6.7","SAN IGNACIO RIO MUERTO 4 P 12, MX","49.0","m","13.0",",m","1",",m","1",",m","0",",m","0",",m","0",",m","0",",m","31",",m","0",",m","20000309",",,m","20000306",",,m","20000318",",,m","6.7",",m,09,","6.4",",,m,06,","31.7",",m,18,","131.3","m","4.0",",m","6.4",",,,m","18.62",",m","29.08",",,,m","8.16",",,,m"
"MXN00026293","2000-04","27.4","-110.2333","6.7","SAN IGNACIO RIO MUERTO 4 P 12, MX","184.3","m","135.3",",m","0",",m","0",",m","0",",m","0",",m","0",",m","0",",m","30",",m","24",",m","20000407","+,,m","20000430","+,,m","20000430","+,,m","10.0",",m,07,+","0.0",",,m,30,+","35.6",",m,30,+","131.3","m","0.0",",m","0.0",",,,m","22.84",",m","33.57",",,,m","12.11",",,,m"
"MXN00026293","2000-05","27.4","-110.2333","6.7","SAN IGNACIO RIO MUERTO 4 P 12, MX","414.4","m","230.1",",m","0",",m","0",",m","0",",m","0",",m","0",",m","0",",m","31",",m","31",",m","20000507","+,,m","20000531","+,,m","20000530","+,,m","12.8",",m,07,+","0.0",",,m,31,+","38.9",",m,30,+","131.3","m","0.0",",m","0.0",",,,m","25.75",",m","36.80",",,,m","14.71",",,,m"
"MXN00026293","2000-06","27.4","-110.2333","6.7","SAN IGNACIO RIO MUERTO 4 P 12, MX","787.6","m","373.2",",m","0",",m","0",",m","0",",m","0",",m","0",",m","0",",m","30",",m","30",",m","20000605",",,m","20000630","+,,m","20000607","+,,m","20.0",",m,05,","0.0",",,m,30,+","41.7",",m,07,+","131.3","m","0.0",",m","0.0",",,,m","30.77",",m","39.13",",,,m","22.41",",,,m"
"MXN00026293","2000-07","27.4","-110.2333","6.7","SAN IGNACIO RIO MUERTO 4 P 12, MX","1224.1","m","436.5",",m","3",",m","3",",m","1",",m","0",",m","0",",m","0",",m","31",",m","31",",m","20000731","+,,m","20000730",",,m","20000724","+,,m","22.8",",m,31,+","25.9",",,m,30,","43.9",",m,24,+","0.0","m","0.0",",m","32.5",",,,m","32.41",",m","40.34",",,,m","24.49",",,,m"
"MXN00026293","2000-08","27.4","-110.2333","6.7","SAN IGNACIO RIO MUERTO 4 P 12, MX","1650.9","m","426.8",",m","7",",m","4",",m","1",",m","0",",m","0",",m","0",",m","31",",m","31",",m","20000831",",,m","20000816",",,m","20000815","+,,m","20.0",",m,31,","38.4",",,m,16,","42.8",",m,15,+","0.0","m","0.0",",m","56.8",",,,m","32.10",",m","40.18",",,,m","24.03",",,,m"
"MXN00026293","2000-09","27.4","-110.2333","6.7","SAN IGNACIO RIO MUERTO 4 P 12, MX","2010.5","m","359.6",",m","2",",m","2",",m","0",",m","0",",m","0",",m","0",",m","30",",m","30",",m","20000901",",,m","20000914",",,m","20000907","+,,m","16.7",",m,01,","18.3",",,m,14,","41.7",",m,07,+","0.0","m","0.0",",m","21.1",",,,m","30.32",",m","39.52",",,,m","21.12",",,,m"
"MXN00026293","2000-10","27.4","-110.2333","6.7","SAN IGNACIO RIO MUERTO 4 P 12, MX","2244.6","m","234.1",",m","6",",m","5",",m","2",",m","0",",m","0",",m","0",",m","31",",m","20",",m","20001030",",,m","20001008",",,m","20001001",",,m","13.9",",m,30,","82.3",",,m,08,","41.7",",m,01,","0.0","m","0.0",",m","160.7",",,,m","25.88",",m","33.29",",,,m","18.48",",,,m"
"MXN00026293","2000-11","27.4","-110.2333","6.7","SAN IGNACIO RIO MUERTO 4 P 12, MX","2262.2","m","17.6",",m","0",",m","0",",m","0",",m","0",",m","0",",m","0",",m","30",",m","0",",m","20001126",",,m","20001130","+,,m","20001104","+,,m","6.7",",m,26,","0.0",",,m,30,+","30.0",",m,04,+","21.2","m","21.2",",m","0.0",",,,m","18.21",",m","26.57",",,,m","9.85",",,,m"
"MXN00026293","2000-12","27.4","-110.2333","6.7","SAN IGNACIO RIO MUERTO 4 P 12, MX","2266.3","m","4.1",",m","0",",m","0",",m","0",",m","0",",m","0",",m","0",",m","31",",m","0",",m","20001229","+,,m","20001231","+,,m","20001208",",,m","5.0",",m,29,+","0.0",",,m,31,+","28.9",",m,08,","72.0","m","50.8",",m","0.0",",,,m","16.83",",m","26.24",",,,m","7.42",",,,m"
"MXN00026293","2001-01","27.4","-110.2333","6.7","SAN IGNACIO RIO MUERTO 4 P 12, MX","0.6","m","0.6",",m","0",",m","0",",m","0",",m","0",",m","0",",m","0",",m","26",",m","0",",m","20010119",",,m","20010131","+,,m","20010107",",,m","2.2",",m,19,","0.0",",,m,31,+","30.0",",m,07,","174.8","m","102.8",",m","0.0",",,,m","15.04",",m","24.47",",,,m","5.60",",,,m"
"MXN00026293","2001-02","27.4","-110.2333","6.7","SAN IGNACIO RIO MUERTO 4 P 12, MX","4.8","m","4.2",",m","2",",m","1",",m","0",",m","0",",m","0",",m","0",",m","21",",m","0",",m","20010209",",,m","20010212",",,m","20010222",",,m","2.8",",m,09,","2.8",",,m,12,","30.6",",m,22,","255.0","m","80.2",",m","5.1",",,,m","15.62",",m","25.06",",,,m","6.18",",,,m"
"MXN00026293","2001-03","27.4","-110.2333","6.7","SAN IGNACIO RIO MUERTO 4 P 12, MX","36.3","m","31.5",",m","0",",m","0",",m","0",",m","0",",m","0",",m","0",",m","29",",m","7",",m","20010303",",,m","20010331","+,,m","20010322",",,m","5.6",",m,03,","0.0",",,m,31,+","34.4",",m,22,","302.6","m","47.6",",m","0.0",",,,m","17.81",",m","27.78",",,,m","7.85",",,,m"
"MXN00026293","2001-04","27.4","-110.2333","6.7","SAN IGNACIO RIO MUERTO 4 P 12, MX","135.0","m","98.7",",m","0",",m","0",",m","0",",m","0",",m","0",",m","0",",m","30",",m","18",",m","20010412","+,,m","20010430","+,,m","20010429",",,m","8.9",",m,12,+","0.0",",,m,30,+","37.8",",m,29,","304.5","m","1.9",",m","0.0",",,,m","21.56",",m","32.73",",,,m","10.39",",,,m"
"MXN00026293","2001-05","27.4","-110.2333","6.7","SAN IGNACIO RIO MUERTO 4 P 12, MX","403.8","m","268.8",",m","0",",m","0",",m","0",",m","0",",m","0",",m","0",",m","31",",m","27",",m","20010506","+,,m","20010531","+,,m","20010516",",,m","11.7",",m,06,+","0.0",",,m,31,+","41.7",",m,16,","304.5","m","0.0",",m","0.0",",,,m","27.00",",m","37.57",",,,m","16.44",",,,m"
"MXN00026293","2001-06","27.4","-110.2333","6.7","SAN IGNACIO RIO MUERTO 4 P 12, MX","777.2","m","373.4",",m","1",",m","1",",m","0",",m","0",",m","0",",m","0",",m","30",",m","30",",m","20010607","+,,m","20010621",",,m","20010626",",,m","18.3",",m,07,+","4.3",",,m,21,","42.8",",m,26,","304.5","m","0.0",",m","4.3",",,,m","30.78",",m","39.79",",,,m","21.77",",,,m"
"MXN00026293","2001-07","27.4","-110.2333","6.7","SAN IGNACIO RIO MUERTO 4 P 12, MX","1202.0","m","424.8",",m","4",",m","2",",m","1",",m","0",",m","0",",m","0",",m","31",",m","31",",m","20010706",",,m","20010724",",,m","20010711",",,m","20.6",",m,06,","27.9",",,m,24,","42.2",",m,11,","0.0","m","0.0",",m","45.7",",,,m","32.04",",m","39.09",",,,m","24.98",",,,m"
"MXN00026293","2001-08","27.4","-110.2333","6.7","SAN IGNACIO RIO MUERTO 4 P 12, MX","1646.1","m","444.1",",m","4",",m","4",",m","0",",m","0",",m","0",",m","0",",m","31",",m","31",",m","20010831","+,,m","20010826",",,m","20010824","+,,m","21.7",",m,31,+","14.0",",,m,26,","41.7",",m,24,+","0.0","m","0.0",",m","35.6",",,,m","32.66",",m","40.02",",,,m","25.30",",,,m"
"MXN00026293","2001-09","27.4","-110.2333","6.7","SAN IGNACIO RIO MUERTO 4 P 12, MX","2038.6","m","392.5",",m","4",",m","2",",m","0",",m","0",",m","0",",m","0",",m","30",",m","28",",m","20010930",",,m","20010929",",,m","20010925","+,,m","17.8",",m,30,","13.5",",,m,29,","41.7",",m,25,+","0.0","m","0.0",",m","30.3",",,,m","31.42",",m","38.93",",,,m","23.90",",,,m"
"MXN00026293","2001-10","27.4","-110.2333","6.7","SAN IGNACIO RIO MUERTO 4 P 12, MX","2304.1","m","265.5",",m","1",",m","0",",m","0",",m","0",",m","0",",m","0",",m","31",",m","27",",m","20011002",",,m","20011001",",,m","20011030",",,m","16.7",",m,02,","0.8",",,m,01,","38.9",",m,30,","0.0","m","0.0",",m","0.8",",,,m","26.90",",m","35.23",",,,m","18.56",",,,m"
"MXN00026293","2001-11","27.4","-110.2333","6.7","SAN IGNACIO RIO MUERTO 4 P 12, MX","2430.6","m","126.5",",m","0",",m","0",",m","0",",m","0",",m","0",",m","0",",m","30",",m","13",",m","20011130",",,m","20011130","+,,m","20011101",",,m","5.0",",m,30,","0.0",",,m,30,+","37.2",",m,01,","9.6","m","9.6",",m","0.0",",,,m","22.23",",m","31.37",",,,m","13.09",",,,m"
"MXN00026293","2001-12","27.4","-110.2333","6.7","SAN IGNACIO RIO MUERTO 4 P 12, MX","2430.6","m","0.0",",m","0",",m","0",",m","0",",m","0",",m","0",",m","0",",m","26",",m","0",",m","20011214",",,m","20011231","+,,m","20011223",",,m","2.2",",m,14,","0.0",",,m,31,+","27.8",",m,23,","113.3","m","103.7",",m","0.0",",,,m","14.99",",m","23.80",",,,m","6.17",",,,m"
"MXN00026293","2002-01","27.4","-110.2333","6.7","SAN IGNACIO RIO MUERTO 4 P 12, MX","0.0","m","0.0",",m","0",",m","0",",m","0",",m","0",",m","0",",m","0",",m","29",",m","0",",m","20020131",",,m","20020131","+,,m","20020106",",,m","3.3",",m,31,","0.0",",,m,31,+","28.9",",m,06,","199.9","m","86.6",",m","0.0",",,,m","15.54",",m","25.68",",,,m","5.40",",,,m"
"MXN00026293","2002-02","27.4","-110.2333","6.7","SAN IGNACIO RIO MUERTO 4 P 12, MX","6.2","m","6.2",",m","2",",m","2",",m","0",",m","0",",m","0",",m","0",",m","28",",m","0",",m","20020201",",,m","20020203",",,m","20020227",",,m","3.9",",m,01,","4.8",",,m,03,","30.6",",m,27,","237.1","m","37.2",",m","8.6",",,,m","17.23",",m","26.86",",,,m","7.59",",,,m"
"MXN00026293","2002-03","27.4","-110.2333","6.7","SAN IGNACIO RIO MUERTO 4 P 12, MX","25.6","m","19.4",",m","0",",m","0",",m","0",",m","0",",m","0",",m","0",",m","31",",m","4",",m","20020307",",,m","20020331","+,,m","20020331","+,,m","5.0",",m,07,","0.0",",,m,31,+","33.9",",m,31,+","252.6","m","15.5",",m","0.0",",,,m","18.46",",m","29.70",",,,m","7.22",",,,m"
"MXN00026293","2002-04","27.4","-110.2333","6.7","SAN IGNACIO RIO MUERTO 4 P 12, MX","155.1","m","129.5",",m","0",",m","0",",m","0",",m","0",",m","0",",m","0",",m","30",",m","16",",m","20020403",",,m","20020430","+,,m","20020430",",,m","9.4",",m,03,","0.0",",,m,30,+","38.9",",m,30,","252.6","m","0.0",",m","0.0",",,,m","22.65",",m","32.86",",,,m","12.44",",,,m"
"MXN00026293","2002-05","27.4","-110.2333","6.7","SAN IGNACIO RIO MUERTO 4 P 12, MX","412.2","m","257.1",",m","0",",m","0",",m","0",",m","0",",m","0",",m","0",",m","31",",m","31",",m","20020511",",,m","20020531","+,,m","20020505",",,m","8.9",",m,11,","0.0",",,m,31,+","40.6",",m,05,","252.6","m","0.0",",m","0.0",",,,m","26.63",",m","38.35",",,,m","14.91",",,,m"
"MXN00026293","2002-06","27.4","-110.2333","6.7","SAN IGNACIO RIO MUERTO 4 P 12, MX","752.5","m","340.3",",m","0",",m","0",",m","0",",m","0",",m","0",",m","0",",m","30",",m","30",",m","20020604",",,m","20020630","+,,m","20020623","+,,m","16.7",",m,04,","0.0",",,m,30,+","40.6",",m,23,+","252.6","m","0.0",",m","0.0",",,,m","29.68",",m","39.31",",,,m","20.05",",,,m"
"MXN00026293","2002-07","27.4","-110.2333","6.7","SAN IGNACIO RIO MUERTO 4 P 12, MX","1136.8","m","384.3",",m","5",",m","3",",m","0",",m","0",",m","0",",m","0",",m","31",",m","31",",m","20020722","+,,m","20020724",",,m","20020730","+,,m","20.0",",m,22,+","14.0",",,m,24,","41.7",",m,30,+","0.0","m","0.0",",m","30.8",",,,m","30.73",",m","38.72",",,,m","22.74",",,,m"
"MXN00026293","2002-08","27.4","-110.2333","6.7","SAN IGNACIO RIO MUERTO 4 P 12, MX","1558.4","m","421.6",",m","3",",m","3",",m","0",",m","0",",m","0",",m","0",",m","31",",m","31",",m","20020820","+,,m","20020803",",,m","20020826",",,m","21.7",",m,20,+","9.1",",,m,03,","42.8",",m,26,","0.0","m","0.0",",m","19.8",",,,m","31.93",",m","39.72",",,,m","24.14",",,,m"
"MXN00026293","2002-09","27.4","-110.2333","6.7","SAN IGNACIO RIO MUERTO 4 P 12, MX","1949.8","m","391.4",",m","4",",m","4",",m","3",",m","0",",m","0",",m","0",",m","30",",m","30",",m","20020918",",,m","20020917",",,m","20020924",",,m","20.6",",m,18,","80.8",",,m,17,","40.6",",m,24,","0.0","m","0.0",",m","173.9",",,,m","31.38",",m","38.62",",,,m","24.14",",,,m"
"MXN00026293","2002-10","27.4","-110.2333","6.7","SAN IGNACIO RIO MUERTO 4 P 12, MX","2178.8","m","229.0",",m","1",",m","0",",m","0",",m","0",",m","0",",m","0",",m","31",",m","24",",m","20021031",",,m","20021020",",,m","20021015",",,m","10.6",",m,31,","1.3",",,m,20,","38.3",",m,15,","0.0","m","0.0",",m","1.3",",,,m","25.72",",m","34.68",",,,m","16.75",",,,m"
"MXN00026293","2002-11","27.4","-110.2333","6.7","SAN IGNACIO RIO MUERTO 4 P 12, MX","2260.0","m","81.2",",m","0",",m","0",",m","0",",m","0",",m","0",",m","0",",m","30",",m","9",",m","20021122",",,m","20021130","+,,m","20021108",",,m","8.3",",m,22,","0.0",",,m,30,+","35.0",",m,08,","1.4","m","1.4",",m","0.0",",,,m","21.00",",m","31.14",",,,m","10.85",",,,m"
"MXN00026293","2002-12","27.4","-110.2333","6.7","SAN IGNACIO RIO MUERTO 4 P 12, MX","2265.6","m","5.6",",m","3",",m","1",",m","0",",m","0",",m","0",",m","0",",m","31",",m","0",",m","20021228","+,,m","20021222",",,m","20021215","+,,m","4.4",",m,28,+","3.8",",,m,22,","30.0",",m,15,+","64.7","m","63.3",",m","5.4",",,,m","16.47",",m","25.75",",,,m","7.19",",,,m"
"MXN00026293","2003-01","27.4","-110.2333","6.7","SAN IGNACIO RIO MUERTO 4 P 12, MX","16.8","m","16.8",",m","0",",m","0",",m","0",",m","0",",m","0",",m","0",",m","31",",m","0",",m","20030101",",,m","20030131","+,,m","20030130","+,,m","5.0",",m,01,","0.0",",,m,31,+","30.6",",m,30,+","82.5","m","17.8",",m","0.0",",,,m","18.30",",m","28.58",",,,m","8.02",",,,m"
"MXN00026293","2003-02","27.4","-110.2333","6.7","SAN IGNACIO RIO MUERTO 4 P 12, MX","32.3","m","15.5",",m","1",",m","1",",m","0",",m","0",",m","0",",m","0",",m","28",",m","0",",m","20030228","+,,m","20030213",",,m","20030201",",,m","6.7",",m,28,+","8.4",",,m,13,","31.7",",m,01,","102.6","m","20.1",",m","8.4",",,,m","18.17",",m","27.06",",,,m","9.28",",,,m"
"MXN00026293","2003-03","27.4","-110.2333","6.7","SAN IGNACIO RIO MUERTO 4 P 12, MX","67.3","m","35.0",",m","0",",m","0",",m","0",",m","0",",m","0",",m","0",",m","31",",m","5",",m","20030320",",,m","20030331","+,,m","20030331",",,m","6.1",",m,20,","0.0",",,m,31,+","35.6",",m,31,","129.6","m","27.0",",m","0.0",",,,m","18.59",",m","28.87",",,,m","8.30",",,,m"
"MXN00026293","2003-04","27.4","-110.2333","6.7","SAN IGNACIO RIO MUERTO 4 P 12, MX","159.0","m","91.7",",m","1",",m","1",",m","0",",m","0",",m","0",",m","0",",m","30",",m","10",",m","20030423","+,,m","20030401",",,m","20030430","+,,m","8.9",",m,23,+","6.9",",,m,01,","35.6",",m,30,+","129.6","m","0.0",",m","6.9",",,,m","21.39",",m","31.69",",,,m","11.09",",,,m"
"MXN00026293","2003-05","27.4","-110.2333","6.7","SAN IGNACIO RIO MUERTO 4 P 12, MX","362.1","m","203.1",",m","0",",m","0",",m","0",",m","0",",m","0",",m","0",",m","31",",m","30",",m","20030512",",,m","20030531","+,,m","20030513",",,m","8.9",",m,12,","0.0",",,m,31,+","40.0",",m,13,","129.6","m","0.0",",m","0.0",",,,m","24.88",",m","36.06",",,,m","13.71",",,,m"
"MXN00026293","2003-06","27.4","-110.2333","6.7","SAN IGNACIO RIO MUERTO 4 P 12, MX","704.6","m","342.5",",m","0",",m","0",",m","0",",m","0",",m","0",",m","0",",m","30",",m","30",",m","20030601",",,m","20030630","+,,m","20030627",",,m","13.9",",m,01,","0.0",",,m,30,+","42.8",",m,27,","129.6","m","0.0",",m","0.0",",,,m","29.75",",m","39.66",",,,m","19.83",",,,m"
"MXN00026293","2003-07","27.4","-110.2333","6.7","SAN IGNACIO RIO MUERTO 4 P 12, MX","1135.3","m","430.7",",m","5",",m","4",",m","1",",m","0",",m","0",",m","0",",m","31",",m","31",",m","20030729","+,,m","20030718",",,m","20030714",",,m","20.6",",m,29,+","35.3",",,m,18,","44.4",",m,14,","0.0","m","0.0",",m","63.6",",,,m","32.23",",m","40.13",",,,m","24.33",",,,m"
"MXN00026293","2003-08","27.4","-110.2333","6.7","SAN IGNACIO RIO MUERTO 4 P 12, MX","1557.7","m","422.4",",m","10",",m","6",",m","0",",m","0",",m","0",",m","0",",m","31",",m","31",",m","20030806",",,m","20030826",",,m","20030814",",,m","20.6",",m,06,","21.3",",,m,26,","42.2",",m,14,","0.0","m","0.0",",m","64.9",",,,m","31.96",",m","38.85",",,,m","25.07",",,,m"
"MXN00026293","2003-09","27.4","-110.2333","6.7","SAN IGNACIO RIO MUERTO 4 P 12, MX","1915.8","m","358.1",",m","2",",m","2",",m","1",",m","0",",m","0",",m","0",",m","30",",m","27",",m","20030923",",,m","20030922",",,m","20030920",",,m","16.7",",m,23,","44.5",",,m,22,","41.7",",m,20,","0.0","m","0.0",",m","66.9",",,,m","30.27",",m","36.97",",,,m","23.57",",,,m"
"MXN00026293","2003-10","27.4","-110.2333","6.7","SAN IGNACIO RIO MUERTO 4 P 12, MX","2207.9","m","292.1",",m","0",",m","0",",m","0",",m","0",",m","0",",m","0",",m","31",",m","24",",m","20031031",",,m","20031031","+,,m","20031021",",,m","11.7",",m,31,","0.0",",,m,31,+","40.6",",m,21,","0.0","m","0.0",",m","0.0",",,,m","27.75",",m","35.17",",,,m","20.34",",,,m"
"MXN00026293","2003-11","27.4","-110.2333","6.7","SAN IGNACIO RIO MUERTO 4 P 12, MX","2272.5","m","64.6",",m","0",",m","0",",m","0",",m","0",",m","0",",m","0",",m","30",",m","5",",m","20031125",",,m","20031130","+,,m","20031111",",,m","6.7",",m,25,","0.0",",,m,30,+","36.7",",m,11,","13.8","m","13.8",",m","0.0",",,,m","20.03",",m","29.17",",,,m","10.88",",,,m"
"MXN00026293","2003-12","27.4","-110.2333","6.7","SAN IGNACIO RIO MUERTO 4 P 12, MX","2280.0","m","7.5",",m","0",",m","0",",m","0",",m","0",",m","2",",m","0",",m","27",",m","0",",m","20031230",",,m","20031231","+,,m","20031208",",,m","-0.6",",m,30,","0.0",",,m,31,+","31.1",",m,08,","116.6","m","102.8",",m","0.0",",,,m","15.26",",m","24.89",",,,m","5.63",",,,m"
"MXN00026293","2004-01","27.4","-110.2333","6.7","SAN IGNACIO RIO MUERTO 4 P 12, MX","0.0","m","0.0",",m","4",",m","3",",m","1",",m","0",",m","0",",m","0",",m","25",",m","0",",m","20040108","+,,m","20040113",",,m","20040111",",,m","5.0",",m,08,+","31.5",",,m,13,","26.7",",m,11,","219.6","m","103.0",",m","46.3",",,,m","15.01",",m","22.81",",,,m","7.21",",,,m"
"MXN00026293","2004-02","27.4","-110.2333","6.7","SAN IGNACIO RIO MUERTO 4 P 12, MX","4.8","m","4.8",",m","2",",m","2",",m","0",",m","0",",m","0",",m","0",",m","25",",m","2",",m","20040214",",,m","20040222",",,m","20040218",",,m","1.7",",m,14,","12.7",",,m,22,","35.0",",m,18,","302.2","m","82.6",",m","15.7",",,,m","15.65",",m","24.93",",,,m","6.38",",,,m"
"MXN00026293","2004-03","27.4","-110.2333","6.7","SAN IGNACIO RIO MUERTO 4 P 12, MX","107.1","m","102.3",",m","1",",m","1",",m","0",",m","0",",m","0",",m","0",",m","30",",m","16",",m","20040302",",,m","20040303",",,m","20040321",",,m","4.4",",m,02,","16.8",",,m,03,","38.9",",m,21,","326.9","m","24.7",",m","16.8",",,,m","20.84",",m","31.37",",,,m","10.31",",,,m"
"MXN00026293","2004-04","27.4","-110.2333","6.7","SAN IGNACIO RIO MUERTO 4 P 12, MX","208.2","m","101.1",",m","1",",m","1",",m","0",",m","0",",m","0",",m","0",",m","29",",m","13",",m","20040405",",,m","20040401",",,m","20040420",",,m","7.8",",m,05,","4.6",",,m,01,","37.2",",m,20,","331.0","m","4.1",",m","4.6",",,,m","21.57",",m","30.87",",,,m","12.26",",,,m"
"MXN00026293","2004-05","27.4","-110.2333","6.7","SAN IGNACIO RIO MUERTO 4 P 12, MX","468.9","m","260.7",",m","0",",m","0",",m","0",",m","0",",m","0",",m","0",",m","31",",m","31",",m","20040502","+,,m","20040531","+,,m","20040502",",,m","12.8",",m,02,+","0.0",",,m,31,+","40.6",",m,02,","331.0","m","0.0",",m","0.0",",,,m","26.74",",m","37.53",",,,m","15.95",",,,m"
"MXN00026293","2004-06","27.4","-110.2333","6.7","SAN IGNACIO RIO MUERTO 4 P 12, MX","831.4","m","362.5",",m","0",",m","0",",m","0",",m","0",",m","0",",m","0",",m","30",",m","30",",m","20040613",",,m","20040630","+,,m","20040627","+,,m","16.7",",m,13,","0.0",",,m,30,+","42.8",",m,27,+","331.0","m","0.0",",m","0.0",",,,m","30.42",",m","39.90",",,,m","20.93",",,,m"
"MXN00026293","2004-07","27.4","-110.2333","6.7","SAN IGNACIO RIO MUERTO 4 P 12, MX","1246.5","m","415.1",",m","5",",m","3",",m","0",",m","0",",m","0",",m","0",",m","31",",m","31",",m","20040701",",,m","20040721",",,m","20040710",",,m","17.8",",m,01,","15.5",",,m,21,","43.9",",m,10,","0.0","m","0.0",",m","24.2",",,,m","31.72",",m","39.40",",,,m","24.05",",,,m"
"MXN00026293","2004-08","27.4","-110.2333","6.7","SAN IGNACIO RIO MUERTO 4 P 12, MX","1662.0","m","415.5",",m","2",",m","2",",m","1",",m","0",",m","0",",m","0",",m","31",",m","31",",m","20040830",",,m","20040805",",,m","20040826",",,m","20.6",",m,30,","26.9",",,m,05,","41.7",",m,26,","0.0","m","0.0",",m","48.0",",,,m","31.74",",m","38.71",",,,m","24.77",",,,m"
"MXN00026293","2004-09","27.4","-110.2333","6.7","SAN IGNACIO RIO MUERTO 4 P 12, MX","1956.7","m","294.7","2,m","3",",m","2",",m","2",",m","0","1,m","0","1,m","0","1,m","29","1,m","26","1,m","20040924","+,1,m","20040904",",,m","20040913",",1,m","16.7","1,m,24,+","165.9",",,m,04,","38.9","1,m,13,","0.0","m","0.0","1,m","210.1",",,,m","28.82","2,m","35.41","1,,,m","22.24","1,,,m"
"MXN00026293","2004-10","27.4","-110.2333","6.7","SAN IGNACIO RIO MUERTO 4 P 12, MX","2176.4","m","219.7",",m","3",",m","3",",m","0",",m","0",",m","0",",m","0",",m","31",",m","21",",m","20041031",",,m","20041025",",,m","20041006","+,,m","14.4",",m,31,","10.4",",,m,25,","38.9",",m,06,+","0.0","m","0.0",",m","22.6",",,,m","25.42",",m","32.96",",,,m","17.87",",,,m"
"MXN00026293","2004-11","27.4","-110.2333","6.7","SAN IGNACIO RIO MUERTO 4 P 12, MX","2214.3","m","37.9",",m","2",",m","2",",m","0",",m","0",",m","0",",m","0",",m","29",",m","8",",m","20041130",",,m","20041114",",,m","20041108","+,,m","3.9",",m,30,","16.8",",,m,14,","35.0",",m,08,+","26.2","m","26.2",",m","19.8",",,,m","18.72",",m","27.35",",,,m","10.09",",,,m"
"MXN00026293","2004-12","27.4","-110.2333","6.7","SAN IGNACIO RIO MUERTO 4 P 12, MX","2232.3","m","18.0",",m","1",",m","0",",m","0",",m","0",",m","0",",m","0",",m","27",",m","3",",m","20041224",",,m","20041204",",,m","20041211",",,m","1.7",",m,24,","1.8",",,m,04,","36.7",",m,11,","83.8","m","57.6",",m","1.8",",,,m","17.05",",m","25.41",",,,m","8.70",",,,m"
"MXN00026293","2005-01","27.4","-110.2333","6.7","SAN IGNACIO RIO MUERTO 4 P 12, MX","21.9","m","21.9",",m","3",",m","2",",m","1",",m","0",",m","0",",m","0",",m","27",",m","0",",m","20050131",",,m","20050103",",,m","20050111",",,m","5.0",",m,31,","34.8",",,m,03,","28.9",",m,11,","121.8","m","38.0",",m","51.5",",,,m","17.81",",m","24.68",",,,m","10.95",",,,m"
"MXN00026293","2005-02","27.4","-110.2333","6.7","SAN IGNACIO RIO MUERTO 4 P 12, MX","31.4","m","9.5",",m","3",",m","1",",m","1",",m","0",",m","0",",m","0",",m","25",",m","0",",m","20050202","+,,m","20050211",",,m","20050221","+,,m","5.0",",m,02,+","32.8",",,m,11,","30.0",",m,21,+","162.2","m","40.4",",m","35.4",",,,m","17.23",",m","24.68",",,,m","9.78",",,,m"
"MXN00026293","2005-03","27.4","-110.2333","6.7","SAN IGNACIO RIO MUERTO 4 P 12, MX","68.9","m","37.5",",m","0",",m","0",",m","0",",m","0",",m","0",",m","0",",m","31",",m","1",",m","20050330","+,,m","20050331","+,,m","20050310",",,m","8.3",",m,30,+","0.0",",,m,31,+","32.2",",m,10,","163.0","m","0.8",",m","0.0",",,,m","19.52",",m","29.00",",,,m","10.04",",,,m"
"MXN00026293","2005-04","27.4","-110.2333","6.7","SAN IGNACIO RIO MUERTO 4 P 12, MX","173.9","m","105.0",",m","0",",m","0",",m","0",",m","0",",m","0",",m","0",",m","30",",m","14",",m","20050412","+,,m","20050430","+,,m","20050424",",,m","8.9",",m,12,+","0.0",",,m,30,+","36.1",",m,24,","163.0","m","0.0",",m","0.0",",,,m","21.83",",m","32.17",",,,m","11.50",",,,m"
"MXN00026293","2005-05","27.4","-110.2333","6.7","SAN IGNACIO RIO MUERTO 4 P 12, MX","356.0","m","182.1",",m","0",",m","0",",m","0",",m","0",",m","0",",m","0",",m","31",",m","26",",m","20050509",",,m","20050531","+,,m","20050516",",,m","10.0",",m,09,","0.0",",,m,31,+","37.2",",m,16,","163.0","m","0.0",",m","0.0",",,,m","24.21",",m","33.89",",,,m","14.53",",,,m"
"MXN00026293","2005-06","27.4","-110.2333","6.7","SAN IGNACIO RIO MUERTO 4 P 12, MX","660.7","m","304.7",",m","0",",m","0",",m","0",",m","0",",m","0",",m","0",",m","30",",m","29",",m","20050609",",,m","20050630","+,,m","20050630","+,,m","15.6",",m,09,","0.0",",,m,30,+","39.4",",m,30,+","163.0","m","0.0",",m","0.0",",,,m","28.49",",m","36.31",",,,m","20.67",",,,m"
"MXN00026293","2005-07","27.4","-110.2333","6.7","SAN IGNACIO RIO MUERTO 4 P 12, MX","1069.7","m","409.0",",m","9",",m","5",",m","2",",m","0",",m","0",",m","0",",m","31",",m","31",",m","20050728","+,,m","20050721",",,m","20050704",",,m","23.9",",m,28,+","42.9",",,m,21,","40.6",",m,04,","0.0","m","0.0",",m","106.9",",,,m","31.53",",m","38.06",",,,m","24.99",",,,m"
"MXN00026293","2005-08","27.4","-110.2333","6.7","SAN IGNACIO RIO MUERTO 4 P 12, MX","1474.9","m","405.2",",m","4",",m","1",",m","1",",m","0",",m","0",",m","0",",m","31",",m","31",",m","20050819","+,,m","20050808",",,m","20050830","+,,m","22.8",",m,19,+","43.9",",,m,08,","40.0",",m,30,+","0.0","m","0.0",",m","49.3",",,,m","31.40",",m","38.28",",,,m","24.53",",,,m"
"MXN00026293","2005-09","27.4","-110.2333","6.7","SAN IGNACIO RIO MUERTO 4 P 12, MX","1866.6","m","391.7",",m","0",",m","0",",m","0",",m","0",",m","0",",m","0",",m","30",",m","30",",m","20050915",",,m","20050930","+,,m","20050929",",,m","18.9",",m,15,","0.0",",,m,30,+","40.6",",m,29,","0.0","m","0.0",",m","0.0",",,,m","31.39",",m","38.69",",,,m","24.09",",,,m"
"MXN00026293","2005-10","27.4","-110.2333","6.7","SAN IGNACIO RIO MUERTO 4 P 12, MX","2090.5","m","223.9",",m","0",",m","0",",m","0",",m","0",",m","0",",m","0",",m","31",",m","23",",m","20051031",",,m","20051031","+,,m","20051006",",,m","11.7",",m,31,","0.0",",,m,31,+","40.0",",m,06,","0.0","m","0.0",",m","0.0",",,,m","25.55",",m","33.85",",,,m","17.26",",,,m"
"MXN00026293","2005-11","27.4","-110.2333","6.7","SAN IGNACIO RIO MUERTO 4 P 12, MX","2190.4","m","99.9",",m","0",",m","0",",m","0",",m","0",",m","0",",m","0",",m","30",",m","12",",m","20051130",",,m","20051130","+,,m","20051110",",,m","6.7",",m,30,","0.0",",,m,30,+","36.7",",m,10,","6.3","m","6.3",",m","0.0",",,,m","21.45",",m","31.35",",,,m","11.55",",,,m"
"MXN00026293","2005-12","27.4","-110.2333","6.7","SAN IGNACIO RIO MUERTO 4 P 12, MX","2196.7","m","6.3",",m","0",",m","0",",m","0",",m","0",",m","0",",m","0",",m","30",",m","0",",m","20051217","+,,m","20051231","+,,m","20051202",",,m","5.0",",m,17,+","0.0",",,m,31,+","30.6",",m,02,","57.5","m","51.2",",m","0.0",",,,m","16.88",",m","26.33",",,,m","7.44",",,,m"
"MXN00026293","2006-01","27.4","-110.2333","6.7","SAN IGNACIO RIO MUERTO 4 P 12, MX","0.3","m","0.3",",m","0",",m","0",",m","0",",m","0",",m","0",",m","0",",m","27",",m","0",",m","20060123","+,,m","20060131","+,,m","20060109","+,,m","2.8",",m,23,+","0.0",",,m,31,+","30.0",",m,09,+","135.4","m","77.9",",m","0.0",",,,m","15.83",",m","25.84",",,,m","5.82",",,,m"
"MXN00026293","2006-02","27.4","-110.2333","6.7","SAN IGNACIO RIO MUERTO 4 P 12, MX","28.9","m","28.6",",m","0",",m","0",",m","0",",m","0",",m","0",",m","0",",m","28",",m","4",",m","20060203","+,,m","20060228","+,,m","20060227","+,,m","3.9",",m,03,+","0.0",",,m,28,+","33.9",",m,27,+","150.1","m","14.7",",m","0.0",",,,m","18.83",",m","29.45",",,,m","8.20",",,,m"
"MXN00026293","2006-03","27.4","-110.2333","6.7","SAN IGNACIO RIO MUERTO 4 P 12, MX","71.5","m","42.6",",m","0",",m","0",",m","0",",m","0",",m","0",",m","0",",m","30",",m","8",",m","20060324","+,,m","20060331","+,,m","20060326","+,,m","5.6",",m,24,+","0.0",",,m,31,+","35.6",",m,26,+","170.6","m","20.5",",m","0.0",",,,m","19.05",",m","29.72",",,,m","8.37",",,,m"
"MXN00026293","2006-04","27.4","-110.2333","6.7","SAN IGNACIO RIO MUERTO 4 P 12, MX","161.5","m","90.0",",m","0",",m","0",",m","0",",m","0",",m","0",",m","0",",m","29",",m","14",",m","20060409","+,,m","20060430","+,,m","20060413","+,,m","7.8",",m,09,+","0.0",",,m,30,+","36.7",",m,13,+","173.3","m","2.7",",m","0.0",",,,m","21.24",",m","31.93",",,,m","10.56",",,,m"
"MXN00026293","2006-05","27.4","-110.2333","6.7","SAN IGNACIO RIO MUERTO 4 P 12, MX","343.5","m","182.0",",m","0",",m","0",",m","0",",m","0",",m","0",",m","0",",m","31",",m","23",",m","20060509","+,,m","20060531","+,,m","20060514",",,m","10.0",",m,09,+","0.0",",,m,31,+","40.0",",m,14,","173.3","m","0.0",",m","0.0",",,,m","24.20",",m","34.45",",,,m","13.95",",,,m"
"MXN00026293","2006-06","27.4","-110.2333","6.7","SAN IGNACIO RIO MUERTO 4 P 12, MX","673.4","m","329.9",",m","0",",m","0",",m","0",",m","0",",m","0",",m","0",",m","30",",m","29",",m","20060601",",,m","20060630","+,,m","20060602",",,m","15.0",",m,01,","0.0",",,m,30,+","42.8",",m,02,","173.3","m","0.0",",m","0.0",",,,m","29.33",",m","37.84",",,,m","20.81",",,,m"
"MXN00026293","2006-07","27.4","-110.2333","6.7","SAN IGNACIO RIO MUERTO 4 P 12, MX","1056.2","m","382.8",",m","4",",m","4",",m","0",",m","0",",m","0",",m","0",",m","31",",m","30",",m","20060717",",,m","20060723",",,m","20060718","+,,m","22.2",",m,17,","14.0",",,m,23,","41.1",",m,18,+","0.0","m","0.0",",m","34.9",",,,m","30.68",",m","37.26",",,,m","24.11",",,,m"
"MXN00026293","2006-08","27.4","-110.2333","6.7","SAN IGNACIO RIO MUERTO 4 P 12, MX","1433.4","m","377.2",",m","6",",m","2",",m","1",",m","0",",m","0",",m","0",",m","31",",m","31",",m","20060824",",,m","20060806",",,m","20060831",",,m","21.7",",m,24,","25.4",",,m,06,","41.7",",m,31,","0.0","m","0.0",",m","51.7",",,,m","30.50",",m","36.78",",,,m","24.22",",,,m"
"MXN00026293","2006-09","27.4","-110.2333","6.7","SAN IGNACIO RIO MUERTO 4 P 12, MX","1744.1","m","310.7",",m","5",",m","2",",m","0",",m","0",",m","0",",m","0",",m","30",",m","30",",m","20060920","+,,m","20060903",",,m","20060915",",,m","17.8",",m,20,+","6.1",",,m,03,","38.3",",m,15,","0.0","m","0.0",",m","15.8",",,,m","28.69",",m","35.66",",,,m","21.72",",,,m"
"MXN00026293","2006-10","27.4","-110.2333","6.7","SAN IGNACIO RIO MUERTO 4 P 12, MX","1978.0","m","233.9",",m","2",",m","2",",m","0",",m","0",",m","0",",m","0",",m","31",",m","20",",m","20061028",",,m","20061023",",,m","20061005","+,,m","10.0",",m,28,","15.5",",,m,23,","38.9",",m,05,+","0.0","m","0.0",",m","21.9",",,,m","25.88",",m","33.45",",,,m","18.30",",,,m"
"MXN00026293","2006-11","27.4","-110.2333","6.7","SAN IGNACIO RIO MUERTO 4 P 12, MX","2084.8","m","106.8",",m","0",",m","0",",m","0",",m","0",",m","0",",m","0",",m","28",",m","16",",m","20061128",",,m","20061130","+,,m","20061110","+,,m","8.9",",m,28,","0.0",",,m,30,+","35.0",",m,10,+","8.8","m","8.8",",m","0.0",",,,m","21.60",",m","31.07",",,,m","12.13",",,,m"
"MXN00026293","2006-12","27.4","-110.2333","6.7","SAN IGNACIO RIO MUERTO 4 P 12, MX","2090.2","m","5.4",",m","1",",m","0",",m","0",",m","0",",m","0",",m","0",",m","19",",m","0",",m","20061224","+,,m","20061207",",,m","20061226",",,m","2.8",",m,24,+","1.5",",,m,07,","30.6",",m,26,","97.1","m","88.3",",m","1.5",",,,m","15.66",",m","24.00",",,,m","7.32",",,,m"
"MXN00026293","2007-01","27.4","-110.2333","6.7","SAN IGNACIO RIO MUERTO 4 P 12, MX","0.9","m","0.9",",m","4",",m","2",",m","0",",m","0",",m","0",",m","0",",m","18",",m","0",",m","20070124","+,,m","20070118",",,m","20070109",",,m","0.6",",m,24,+","5.8",",,m,18,","30.6",",m,09,","228.0","m","130.9",",m","12.2",",,,m","14.14",",m","23.34",",,,m","4.94",",,,m"
"MXN00026293","2007-02","27.4","-110.2333","6.7","SAN IGNACIO RIO MUERTO 4 P 12, MX","9.7","m","8.8",",m","0",",m","0",",m","0",",m","0",",m","0",",m","0",",m","25",",m","2",",m","20070227","+,,m","20070228","+,,m","20070210","+,,m","5.0",",m,27,+","0.0",",,m,28,+","32.8",",m,10,+","276.8","m","48.8",",m","0.0",",,,m","16.91",",m","26.65",",,,m","7.16",",,,m"
"MXN00026293","2007-03","27.4","-110.2333","6.7","SAN IGNACIO RIO MUERTO 4 P 12, MX","46.2","m","36.5",",m","0",",m","0",",m","0",",m","0",",m","0",",m","0",",m","31",",m","7",",m","20070304","+,,m","20070331","+,,m","20070320","+,,m","5.0",",m,04,+","0.0",",,m,31,+","33.9",",m,20,+","287.2","m","10.4",",m","0.0",",,,m","19.17",",m","30.23",",,,m","8.12",",,,m"
"MXN00026293","2007-04","27.4","-110.2333","6.7","SAN IGNACIO RIO MUERTO 4 P 12, MX","141.4","m","95.2",",m","0",",m","0",",m","0",",m","0",",m","0",",m","0",",m","30",",m","15",",m","20070425","+,,m","20070430","+,,m","20070405",",,m","7.8",",m,25,+","0.0",",,m,30,+","39.4",",m,05,","287.2","m","0.0",",m","0.0",",,,m","21.51",",m","32.89",",,,m","10.13",",,,m"
"MXN00026293","2007-05","27.4","-110.2333","6.7","SAN IGNACIO RIO MUERTO 4 P 12, MX","358.9","m","217.5",",m","0",",m","0",",m","0",",m","0",",m","0",",m","0",",m","31",",m","29",",m","20070508","+,,m","20070531","+,,m","20070529",",,m","10.0",",m,08,+","0.0",",,m,31,+","45.0",",m,29,","287.2","m","0.0",",m","0.0",",,,m","25.35",",m","37.89",",,,m","12.81",",,,m"
"MXN00026293","2007-06","27.4","-110.2333","6.7","SAN IGNACIO RIO MUERTO 4 P 12, MX","717.4","m","358.5",",m","1",",m","1",",m","0",",m","0",",m","0",",m","0",",m","30",",m","30",",m","20070608",",,m","20070616",",,m","20070625",",,m","12.8",",m,08,","3.3",",,m,16,","45.0",",m,25,","287.2","m","0.0",",m","3.3",",,,m","30.28",",m","39.76",",,,m","20.81",",,,m"
"MXN00026293","2007-07","27.4","-110.2333","6.7","SAN IGNACIO RIO MUERTO 4 P 12, MX","1136.6","m","419.2",",m","4",",m","2",",m","0",",m","0",",m","0",",m","0",",m","31",",m","30",",m","20070724",",,m","20070706",",,m","20070715",",,m","20.6",",m,24,","10.7",",,m,06,","45.6",",m,15,","0.0","m","0.0",",m","16.9",",,,m","31.85",",m","39.79",",,,m","23.92",",,,m"
"MXN00026293","2007-08","27.4","-110.2333","6.7","SAN IGNACIO RIO MUERTO 4 P 12, MX","1545.5","m","408.9",",m","6",",m","1",",m","0",",m","0",",m","0",",m","0",",m","31",",m","29",",m","20070805","+,,m","20070804",",,m","20070831","+,,m","20.6",",m,05,+","5.3",",,m,04,","45.0",",m,31,+","0.0","m","0.0",",m","10.5",",,,m","31.52",",m","39.45",",,,m","23.60",",,,m"
"MXN00026293","2007-09","27.4","-110.2333","6.7","SAN IGNACIO RIO MUERTO 4 P 12, MX","1918.3","m","372.8",",m","3",",m","2",",m","1",",m","0",",m","0",",m","0",",m","30",",m","29",",m","20070930","+,,m","20070905",",,m","20070902",",,m","20.0",",m,30,+","172.0",",,m,05,","46.7",",m,02,","0.0","m","0.0",",m","188.0",",,,m","30.76",",m","38.67",",,,m","22.85",",,,m"
"MXN00026293","2007-10","27.4","-110.2333","6.7","SAN IGNACIO RIO MUERTO 4 P 12, MX","2139.2","m","220.9",",m","0",",m","0",",m","0",",m","0",",m","0",",m","0",",m","31",",m","30",",m","20071025","+,,m","20071031","+,,m","20071031","+,,m","8.9",",m,25,+","0.0",",,m,31,+","40.0",",m,31,+","0.0","m","0.0",",m","0.0",",,,m","25.46",",m","36.81",",,,m","14.11",",,,m"
"MXN00026293","2007-11","27.4","-110.2333","6.7","SAN IGNACIO RIO MUERTO 4 P 12, MX","2244.2","m","105.0",",m","3",",m","1",",m","0",",m","0",",m","0",",m","0",",m","30",",m","13",",m","20071125",",,m","20071130",",,m","20071109","+,,m","7.8",",m,25,","8.6",",,m,30,","36.7",",m,09,+","7.7","m","7.7",",m","11.2",",,,m","21.58",",m","30.91",",,,m","12.24",",,,m"
"MXN00026293","2007-12","27.4","-110.2333","6.7","SAN IGNACIO RIO MUERTO 4 P 12, MX","2249.6","m","5.4",",m","3",",m","3",",m","1",",m","0",",m","0",",m","0",",m","16",",m","0",",m","20071227",",,m","20071209",",,m","20071204",",,m","0.6",",m,27,","29.5",",,m,09,","30.0",",m,04,","124.6","m","116.9",",m","48.3",",,,m","14.74",",m","22.12",",,,m","7.35",",,,m"
"MXN00026293","2008-01","27.4","-110.2333","6.7","SAN IGNACIO RIO MUERTO 4 P 12, MX","8.7","m","8.7",",m","1",",m","1",",m","0",",m","0",",m","0",",m","0",",m","21",",m","1",",m","20080122","+,,m","20080124",",,m","20080105",",,m","1.7",",m,22,+","5.8",",,m,24,","33.9",",m,05,","236.0","m","111.4",",m","5.8",",,,m","15.02",",m","23.28",",,,m","6.76",",,,m"
"MXN00026293","2008-02","27.4","-110.2333","6.7","SAN IGNACIO RIO MUERTO 4 P 12, MX","17.7","m","9.0",",m","0",",m","0",",m","0",",m","0",",m","0",",m","0",",m","26",",m","3",",m","20080208","+,,m","20080229","+,,m","20080225",",,m","2.8",",m,08,+","0.0",",,m,29,+","33.9",",m,25,","298.2","m","62.2",",m","0.0",",,,m","16.50",",m","27.01",",,,m","5.98",",,,m"
"MXN00026293","2008-03","27.4","-110.2333","6.7","SAN IGNACIO RIO MUERTO 4 P 12, MX","54.6","m","36.9",",m","1",",m","0",",m","0",",m","0",",m","0",",m","0",",m","29",",m","14",",m","20080319","+,,m","20080317",",,m","20080321",",,m","5.0",",m,19,+","1.3",",,m,17,","35.6",",m,21,","320.7","m","22.5",",m","1.3",",,,m","18.80",",m","30.74",",,,m","6.85",",,,m"
"MXN00026293","2008-04","27.4","-110.2333","6.7","SAN IGNACIO RIO MUERTO 4 P 12, MX","188.0","m","133.4",",m","0",",m","0",",m","0",",m","0",",m","0",",m","0",",m","30",",m","27",",m","20080412","+,,m","20080430","+,,m","20080428",",,m","7.8",",m,12,+","0.0",",,m,30,+","41.7",",m,28,","320.7","m","0.0",",m","0.0",",,,m","22.78",",m","35.76",",,,m","9.80",",,,m"
"MXN00026293","2008-05","27.4","-110.2333","6.7","SAN IGNACIO RIO MUERTO 4 P 12, MX","386.9","m","198.9",",m","0",",m","0",",m","0",",m","0",",m","0",",m","0",",m","31",",m","27",",m","20080503","+,,m","20080531","+,,m","20080511",",,m","8.9",",m,03,+","0.0",",,m,31,+","40.6",",m,11,","320.7","m","0.0",",m","0.0",",,,m","24.75",",m","36.40",",,,m","13.10",",,,m"
"MXN00026293","2008-06","27.4","-110.2333","6.7","SAN IGNACIO RIO MUERTO 4 P 12, MX","732.3","m","345.4",",m","0",",m","0",",m","0",",m","0",",m","0",",m","0",",m","30",",m","30",",m","20080601",",,m","20080630","+,,m","20080630","+,,m","15.0",",m,01,","0.0",",,m,30,+","42.8",",m,30,+","320.7","m","0.0",",m","0.0",",,,m","29.85",",m","38.26",",,,m","21.43",",,,m"
"MXN00026293","2008-07","27.4","-110.2333","6.7","SAN IGNACIO RIO MUERTO 4 P 12, MX","1137.0","m","404.7",",m","7",",m","3",",m","0",",m","0",",m","0",",m","0",",m","31",",m","31",",m","20080714",",,m","20080716",",,m","20080730",",,m","20.6",",m,14,","18.5",",,m,16,","43.9",",m,30,","0.0","m","0.0",",m","31.3",",,,m","31.39",",m","39.34",",,,m","23.44",",,,m"
"MXN00026293","2008-08","27.4","-110.2333","6.7","SAN IGNACIO RIO MUERTO 4 P 12, MX","1509.9","m","372.9",",m","10",",m","7",",m","2",",m","0",",m","0",",m","0",",m","31",",m","29",",m","20080830","+,,m","20080825",",,m","20080816","+,,m","20.6",",m,30,+","70.1",",,m,25,","42.8",",m,16,+","0.0","m","0.0",",m","200.7",",,,m","30.36",",m","37.69",",,,m","23.03",",,,m"
"MXN00026293","2008-09","27.4","-110.2333","6.7","SAN IGNACIO RIO MUERTO 4 P 12, MX","1873.4","m","363.5",",m","4",",m","3",",m","1",",m","0",",m","0",",m","0",",m","30",",m","29",",m","20080914",",,m","20080910",",,m","20080907",",,m","20.0",",m,14,","54.9",",,m,10,","43.9",",m,07,","0.0","m","0.0",",m","64.0",",,,m","30.45",",m","38.60",",,,m","22.30",",,,m"
"MXN00026293","2008-10","27.4","-110.2333","6.7","SAN IGNACIO RIO MUERTO 4 P 12, MX","2159.2","m","285.8",",m","2",",m","1",",m","0",",m","0",",m","0",",m","0",",m","31",",m","29",",m","20081014",",,m","20081011",",,m","20081018","+,,m","10.6",",m,14,","5.1",",,m,11,","40.6",",m,18,+","0.0","m","0.0",",m","6.4",",,,m","27.55",",m","37.41",",,,m","17.70",",,,m"
"MXN00026293","2008-11","27.4","-110.2333","6.7","SAN IGNACIO RIO MUERTO 4 P 12, MX","2254.8","m","95.6",",m","1",",m","0",",m","0",",m","0",",m","0",",m","0",",m","30",",m","11",",m","20081114","+,,m","20081126",",,m","20081105","+,,m","7.8",",m,14,+","1.3",",,m,26,","40.0",",m,05,+","1.3","m","1.3",",m","1.3",",,,m","21.48",",m","31.48",",,,m","11.47",",,,m"
"MXN00026293","2008-12","27.4","-110.2333","6.7","SAN IGNACIO RIO MUERTO 4 P 12, MX","2257.8","m","3.0",",m","0",",m","0",",m","0",",m","0",",m","0",",m","0",",m","27",",m","0",",m","20081229",",,m","20081231","+,,m","20081206",",,m","3.9",",m,29,","0.0",",,m,31,+","28.9",",m,06,","51.7","m","50.4",",m","0.0",",,,m","16.80",",m","24.57",",,,m","9.04",",,,m"
"MXN00026293","2009-01","27.4","-110.2333","6.7","SAN IGNACIO RIO MUERTO 4 P 12, MX","3.7","m","3.7",",m","1",",m","0",",m","0",",m","0",",m","0",",m","0",",m","23",",m","0",",m","20090111",",,m","20090122",",,m","20090124","+,,m","2.8",",m,11,","2.3",",,m,22,","26.7",",m,24,+","149.4","m","97.7",",m","2.3",",,,m","15.30",",m","23.16",",,,m","7.44",",,,m"
"MXN00026293","2009-02","27.4","-110.2333","6.7","SAN IGNACIO RIO MUERTO 4 P 12, MX","31.1","m","27.4",",m","0",",m","0",",m","0",",m","0",",m","0",",m","0",",m","28",",m","5",",m","20090221","+,,m","20090228","+,,m","20090228",",,m","5.6",",m,21,+","0.0",",,m,28,+","38.9",",m,28,","189.1","m","39.7",",m","0.0",",,,m","17.89",",m","28.18",",,,m","7.61",",,,m"
"MXN00026293","2009-03","27.4","-110.2333","6.7","SAN IGNACIO RIO MUERTO 4 P 12, MX","81.3","m","50.2",",m","2",",m","1",",m","0",",m","0",",m","0",",m","0",",m","31",",m","8",",m","20090329","+,,m","20090309",",,m","20090303",",,m","6.7",",m,29,+","2.5",",,m,09,","35.6",",m,03,","197.5","m","8.4",",m","3.0",",,,m","19.68",",m","29.55",",,,m","9.80",",,,m"
"MXN00026293","2009-04","27.4","-110.2333","6.7","SAN IGNACIO RIO MUERTO 4 P 12, MX","167.5","m","86.2",",m","0",",m","0",",m","0",",m","0",",m","0",",m","0",",m","30",",m","11",",m","20090412",",,m","20090430","+,,m","20090430","+,,m","7.8",",m,12,","0.0",",,m,30,+","35.6",",m,30,+","198.8","m","1.3",",m","0.0",",,,m","21.16",",m","31.28",",,,m","11.05",",,,m"
"MXN00026293","2009-05","27.4","-110.2333","6.7","SAN IGNACIO RIO MUERTO 4 P 12, MX","442.1","m","274.6",",m","0",",m","0",",m","0",",m","0",",m","0",",m","0",",m","31",",m","31",",m","20090502",",,m","20090531","+,,m","20090524","+,,m","10.6",",m,02,","0.0",",,m,31,+","40.0",",m,24,+","198.8","m","0.0",",m","0.0",",,,m","27.19",",m","37.69",",,,m","16.69",",,,m"
"MXN00026293","2009-06","27.4","-110.2333","6.7","SAN IGNACIO RIO MUERTO 4 P 12, MX","778.6","m","336.5",",m","2",",m","1",",m","0",",m","0",",m","0",",m","0",",m","30",",m","30",",m","20090608","+,,m","20090624",",,m","20090616","+,,m","17.8",",m,08,+","4.3",",,m,24,","40.6",",m,16,+","198.8","m","0.0",",m","6.6",",,,m","29.55",",m","39.27",",,,m","19.83",",,,m"
"MXN00026293","2009-07","27.4","-110.2333","6.7","SAN IGNACIO RIO MUERTO 4 P 12, MX","1183.8","m","405.2",",m","8",",m","5",",m","1",",m","0",",m","0",",m","0",",m","31",",m","30",",m","20090727","+,,m","20090722",",,m","20090728",",,m","21.7",",m,27,+","55.4",",,m,22,","41.7",",m,28,","0.0","m","0.0",",m","106.3",",,,m","31.40",",m","38.40",",,,m","24.41",",,,m"
"MXN00026293","2009-08","27.4","-110.2333","6.7","SAN IGNACIO RIO MUERTO 4 P 12, MX","1602.4","m","418.6",",m","2",",m","1",",m","0",",m","0",",m","0",",m","0",",m","31",",m","31",",m","20090824",",,m","20090823",",,m","20090819","+,,m","21.7",",m,24,","21.3",",,m,23,","41.7",",m,19,+","0.0","m","0.0",",m","23.1",",,,m","31.84",",m","39.37",",,,m","24.30",",,,m"
"MXN00026293","2009-09","27.4","-110.2333","6.7","SAN IGNACIO RIO MUERTO 4 P 12, MX","1970.6","m","368.2",",m","4",",m","4",",m","2",",m","0",",m","0",",m","0",",m","30",",m","27",",m","20090927",",,m","20090903",",,m","20090927",",,m","17.8",",m,27,","37.8",",,m,03,","42.8",",m,27,","0.0","m","0.0",",m","84.1",",,,m","30.61",",m","38.08",",,,m","23.13",",,,m"
"MXN00026293","2009-10","27.4","-110.2333","6.7","SAN IGNACIO RIO MUERTO 4 P 12, MX","2170.7","m","200.1",",m","8",",m","8",",m","4",",m","0",",m","0",",m","0",",m","31",",m","10",",m","20091030",",,m","20091012",",,m","20091024",",,m","10.0",",m,30,","198.9",",,m,12,","36.7",",m,24,","0.0","m","0.0",",m","388.4",",,,m","24.79",",m","31.14",",,,m","18.44",",,,m"
"MXN00026293","2009-11","27.4","-110.2333","6.7","SAN IGNACIO RIO MUERTO 4 P 12, MX","2272.0","m","101.3",",m","1",",m","0",",m","0",",m","0",",m","0",",m","0",",m","30",",m","10",",m","20091123","+,,m","20091129",",,m","20091112","+,,m","10.0",",m,23,+","1.8",",,m,29,","37.8",",m,12,+","4.1","m","4.1",",m","1.8",",,,m","21.57",",m","30.36",",,,m","12.79",",,,m"
"MXN00026293","2009-12","27.4","-110.2333","6.7","SAN IGNACIO RIO MUERTO 4 P 12, MX","2276.2","m","4.2",",m","1",",m","1",",m","0",",m","0",",m","0",",m","0",",m","28",",m","0",",m","20091226",",,m","20091228",",,m","20091221","+,,m","3.9",",m,26,","2.8",",,m,28,","28.9",",m,21,+","57.7","m","53.6",",m","2.8",",,,m","16.74",",m","24.22",",,,m","9.26",",,,m"
"MXN00026293","2010-01","27.4","-110.2333","6.7","SAN IGNACIO RIO MUERTO 4 P 12, MX","0.1","m","0.1",",m","2",",m","2",",m","0",",m","0",",m","0",",m","0",",m","29",",m","0",",m","20100103",",,m","20100127",",,m","20100109",",,m","5.0",",m,03,","6.4",",,m,27,","30.0",",m,09,","107.5","m","49.8",",m","11.2",",,,m","16.73",",m","25.71",",,,m","7.75",",,,m"
"MXN00026293","2010-02","27.4","-110.2333","6.7","SAN IGNACIO RIO MUERTO 4 P 12, MX","2.2","m","2.1",",m","3",",m","2",",m","0",",m","0",",m","0",",m","0",",m","27",",m","0",",m","20100212","+,,m","20100202",",,m","20100226",",,m","5.6",",m,12,+","7.9",",,m,02,","30.6",",m,26,","137.6","m","30.1",",m","12.2",",,,m","17.33",",m","26.83",",,,m","7.84",",,,m"
"MXN00026293","2010-03","27.4","-110.2333","6.7","SAN IGNACIO RIO MUERTO 4 P 12, MX","28.7","m","26.5",",m","0",",m","0",",m","0",",m","0",",m","0",",m","0",",m","31",",m","2",",m","20100317","+,,m","20100331","+,,m","20100323","+,,m","6.7",",m,17,+","0.0",",,m,31,+","32.8",",m,23,+","149.0","m","11.4",",m","0.0",",,,m","18.82",",m","28.98",",,,m","8.65",",,,m"
"MXN00026293","2010-04","27.4","-110.2333","6.7","SAN IGNACIO RIO MUERTO 4 P 12, MX","90.2","m","61.5",",m","0",",m","0",",m","0",",m","0",",m","0",",m","0",",m","29",",m","3",",m","20100424","+,,m","20100430","+,,m","20100402",",,m","8.9",",m,24,+","0.0",",,m,30,+","33.9",",m,02,","152.2","m","3.2",",m","0.0",",,,m","20.28",",m","30.01",",,,m","10.54",",,,m"
"MXN00026293","2010-05","27.4","-110.2333","6.7","SAN IGNACIO RIO MUERTO 4 P 12, MX","203.6","m","113.4",",m","0",",m","0",",m","0",",m","0",",m","0",",m","0",",m","30",",m","13",",m","20100502",",,m","20100531","+,,m","20100507",",,m","7.8",",m,02,","0.0",",,m,31,+","35.6",",m,07,","155.2","m","3.0",",m","0.0",",,,m","21.89",",m","31.53",",,,m","12.26",",,,m"
"MXN00026293","2010-06","27.4","-110.2333","6.7","SAN IGNACIO RIO MUERTO 4 P 12, MX","442.8","m","239.2",",m","0",",m","0",",m","0",",m","0",",m","0",",m","0",",m","30",",m","19",",m","20100615",",,m","20100630","+,,m","20100630",",,m","13.9",",m,15,","0.0",",,m,30,+","40.0",",m,30,","155.2","m","0.0",",m","0.0",",,,m","26.31",",m","33.95",",,,m","18.67",",,,m"
"MXN00026293","2010-07","27.4","-110.2333","6.7","SAN IGNACIO RIO MUERTO 4 P 12, MX","772.6","m","329.8",",m","5",",m","3",",m","1",",m","0",",m","0",",m","0",",m","31",",m","26",",m","20100708",",,m","20100725",",,m","20100724","+,,m","20.0",",m,08,","33.3",",,m,25,","37.8",",m,24,+","0.0","m","0.0",",m","62.6",",,,m","28.97",",m","34.68",",,,m","23.26",",,,m"
"MXN00026293","2010-08","27.4","-110.2333","6.7","SAN IGNACIO RIO MUERTO 4 P 12, MX","1142.4","m","369.8",",m","5",",m","4",",m","0",",m","0",",m","0",",m","0",",m","31",",m","30",",m","20100807",",,m","20100805",",,m","20100824","+,,m","21.7",",m,07,","23.9",",,m,05,","40.0",",m,24,+","0.0","m","0.0",",m","39.7",",,,m","30.26",",m","36.12",",,,m","24.41",",,,m"
"MXN00026293","2010-09","27.4","-110.2333","6.7","SAN IGNACIO RIO MUERTO 4 P 12, MX","1466.9","m","324.5",",m","7",",m","6",",m","1",",m","0",",m","0",",m","0",",m","30",",m","25",",m","20100927",",,m","20100922",",,m","20100915",",,m","20.0",",m,27,","30.0",",,m,22,","40.6",",m,15,","0.0","m","0.0",",m","96.6",",,,m","29.15",",m","34.91",",,,m","23.39",",,,m"
"MXN00026293","2010-10","27.4","-110.2333","6.7","SAN IGNACIO RIO MUERTO 4 P 12, MX","1688.3","m","221.4",",m","0",",m","0",",m","0",",m","0",",m","0",",m","0",",m","31",",m","22",",m","20101026",",,m","20101031","+,,m","20101002","+,,m","8.9",",m,26,","0.0",",,m,31,+","36.7",",m,02,+","0.0","m","0.0",",m","0.0",",,,m","25.48",",m","32.89",",,,m","18.06",",,,m"
"MXN00026293","2010-11","27.4","-110.2333","6.7","SAN IGNACIO RIO MUERTO 4 P 12, MX","1717.7","m","29.4","1,m","0",",m","0",",m","0",",m","0",",m","0",",m","0","1,m","28","1,m","4","1,m","20101130",",,m","20101130","+,,m","20101103",",1,m","1.7",",m,30,","0.0",",,m,30,+","35.0","1,m,03,","27.1","m","27.1","1,m","0.0",",,,m","18.35","1,m","27.76","1,,,m","8.95",",,,m"
"MXN00026293","2010-12","27.4","-110.2333","6.7","SAN IGNACIO RIO MUERTO 4 P 12, MX","1717.7","m","0.0",",m","0",",m","0",",m","0",",m","0",",m","0",",m","0",",m","25",",m","0",",m","20101229","+,,m","20101231","+,,m","20101206","+,,m","3.9",",m,29,+","0.0",",,m,31,+","28.9",",m,06,+","102.3","m","75.2",",m","0.0",",,,m","15.91",",m","24.50",",,,m","7.31",",,,m"
"MXN00026293","2011-01","27.4","-110.2333","6.7","SAN IGNACIO RIO MUERTO 4 P 12, MX","0.0","m","0.0",",m","0",",m","0",",m","0",",m","0",",m","0",",m","0",",m","25",",m","0",",m","20110129","+,,m","20110131","+,,m","20110130","+,,m","3.9",",m,29,+","0.0",",,m,31,+","26.7",",m,30,+","232.5","m","130.2",",m","0.0",",,,m","14.13",",m","23.21",",,,m","5.05",",,,m"
"MXN00026293","2011-02","27.4","-110.2333","6.7","SAN IGNACIO RIO MUERTO 4 P 12, MX","0.6","m","0.6",",m","0",",m","0",",m","0",",m","0",",m","2",",m","0",",m","23",",m","0",",m","20110204",",,m","20110228","+,,m","20110218","+,,m","-2.2",",m,04,","0.0",",,m,28,+","28.9",",m,18,+","347.5","m","115.0",",m","0.0",",,,m","14.24",",m","23.81",",,,m","4.68",",,,m"
"MXN00026293","2011-03","27.4","-110.2333","6.7","SAN IGNACIO RIO MUERTO 4 P 12, MX","19.3","m","18.7",",m","0",",m","0",",m","0",",m","0",",m","0",",m","0",",m","31",",m","1",",m","20110301",",,m","20110331","+,,m","20110315",",,m","5.0",",m,01,","0.0",",,m,31,+","33.9",",m,15,","367.7","m","20.2",",m","0.0",",,,m","18.28",",m","28.69",",,,m","7.87",",,,m"
"MXN00026293","2011-04","27.4","-110.2333","6.7","SAN IGNACIO RIO MUERTO 4 P 12, MX","85.2","m","65.9",",m","0",",m","0",",m","0",",m","0",",m","0",",m","0",",m","30",",m","3",",m","20110413","+,,m","20110430","+,,m","20110430","+,,m","7.8",",m,13,+","0.0",",,m,30,+","33.9",",m,30,+","372.0","m","4.3",",m","0.0",",,,m","20.39",",m","29.65",",,,m","11.12",",,,m"
"MXN00026293","2011-05","27.4","-110.2333","6.7","SAN IGNACIO RIO MUERTO 4 P 12, MX","194.0","m","108.8",",m","0",",m","0",",m","0",",m","0",",m","0",",m","0",",m","31",",m","16",",m","20110521",",,m","20110531","+,,m","20110506",",,m","7.8",",m,21,","0.0",",,m,31,+","36.7",",m,06,","372.0","m","0.0",",m","0.0",",,,m","21.84",",m","32.31",",,,m","11.37",",,,m"
"MXN00026293","2011-06","27.4","-110.2333","6.7","SAN IGNACIO RIO MUERTO 4 P 12, MX","463.1","m","269.1",",m","0",",m","0",",m","0",",m","0",",m","0",",m","0",",m","30",",m","30",",m","20110610","+,,m","20110630","+,,m","20110610","+,,m","15.0",",m,10,+","0.0",",,m,30,+","36.7",",m,10,+","372.0","m","0.0",",m","0.0",",,,m","27.30",",m","34.75",",,,m","19.86",",,,m"
"MXN00026293","2011-07","27.4","-110.2333","6.7","SAN IGNACIO RIO MUERTO 4 P 12, MX","801.1","m","338.0",",m","4",",m","3",",m","0",",m","0",",m","0",",m","0",",m","31",",m","27",",m","20110706",",,m","20110721",",,m","20110718","+,,m","20.6",",m,06,","21.3",",,m,21,","37.8",",m,18,+","0.0","m","0.0",",m","45.5",",,,m","29.24",",m","35.35",",,,m","23.12",",,,m"
"MXN00026293","2011-08","27.4","-110.2333","6.7","SAN IGNACIO RIO MUERTO 4 P 12, MX","1154.8","m","353.7","1,m","5",",m","3",",m","1",",m","0",",m","0",",m","0","1,m","30","1,m","29","1,m","20110829","+,,m","20110826",",,m","20110817",",1,m","21.7",",m,29,+","51.3",",,m,26,","40.6","1,m,17,","0.0","m","0.0","1,m","82.6",",,,m","30.10","1,m","36.19","1,,,m","24.02",",,,m"
"MXN00026293","2011-09","27.4","-110.2333","6.7","SAN IGNACIO RIO MUERTO 4 P 12, MX","1495.5","m","340.7",",m","1",",m","1",",m","0",",m","0",",m","0",",m","0",",m","30",",m","30",",m","20110929","+,,m","20110927",",,m","20110922","+,,m","20.0",",m,29,+","2.8",",,m,27,","40.0",",m,22,+","0.0","m","0.0",",m","2.8",",,,m","29.69",",m","36.41",",,,m","22.97",",,,m"
"MXN00026293","2011-10","27.4","-110.2333","6.7","SAN IGNACIO RIO MUERTO 4 P 12, MX","1720.9","m","225.4",",m","0",",m","0",",m","0",",m","0",",m","0",",m","0",",m","31",",m","26",",m","20111029","+,,m","20111031","+,,m","20111003","+,,m","10.0",",m,29,+","0.0",",,m,31,+","37.8",",m,03,+","0.0","m","0.0",",m","0.0",",,,m","25.60",",m","34.32",",,,m","16.88",",,,m"
"MXN00026293","2011-11","27.4","-110.2333","6.7","SAN IGNACIO RIO MUERTO 4 P 12, MX","1743.6","m","22.7",",m","3",",m","3",",m","0",",m","0",",m","0",",m","0",",m","29",",m","2",",m","20111110",",,m","20111113",",,m","20111102","+,,m","6.7",",m,10,","24.4",",,m,13,","32.8",",m,02,+","14.2","m","14.2",",m","40.6",",,,m","18.62",",m","26.19",",,,m","11.04",",,,m"
"MXN00026293","2011-12","27.4","-110.2333","6.7","SAN IGNACIO RIO MUERTO 4 P 12, MX","1743.6","m","0.0","1,m","1",",m","1",",m","0",",m","0",",m","0",",m","0","1,m","12","1,m","0","1,m","20111226","+,,m","20111202",",,m","20111231",",1,m","2.8",",m,26,+","5.3",",,m,02,","26.7","1,m,31,","170.3","m","156.1","1,m","5.3",",,,m","13.11","1,m","20.87","1,,,m","5.34",",,,m"
