"STATION","DATE","LATITUDE","LONGITUDE","ELEVATION","NAME","DP01","DP01_ATTRIBUTES","DP10","DP10_ATTRIBUTES","DP1X","DP1X_ATTRIBUTES","DSND","DSND_ATTRIBUTES","DYSD","DYSD_ATTRIBUTES","DYXP","DYXP_ATTRIBUTES","EMSD","EMSD_ATTRIBUTES","EMXP","EMXP_ATTRIBUTES","PRCP","PRCP_ATTRIBUTES"
"NLE00102022","1951-01","52.2667","6.9","35.0","TWENTHE 1, NL","19",",E","11",",E","0",",E","","","","","19510117",",,E","","","20.1",",,E,17,","97.3",",,,E"
"NLE00102022","1951-02","52.2667","6.9","35.0","TWENTHE 1, NL","18",",E","8",",E","0",",E","","","","","19510217",",,E","","","12.9",",,E,17,","63.4",",,,E"
"NLE00102022","1951-03","52.2667","6.9","35.0","TWENTHE 1, NL","20",",E","9",",E","0",",E","","","","","19510323",",,E","","","18.2",",,E,23,","89.1",",,,E"
"NLE00102022","1951-04","52.2667","6.9","35.0","TWENTHE 1, NL","15",",E","11",",E","0",",E","","","","","19510410",",,E","","","13.4",",,E,10,","73.8",",,,E"
"NLE00102022","1951-05","52.2667","6.9","35.0","TWENTHE 1, NL","11",",E","4",",E","0",",E","","","","","19510525",",,E","","","17.5",",,E,25,","48.8",",,,E"
"NLE00102022","1951-06","52.2667","6.9","35.0","TWENTHE 1, NL","12",",E","7",",E","0",",E","","","","","19510627",",,E","","","15.6",",,E,27,","61.7",",,,E"
"NLE00102022","1951-07","52.2667","6.9","35.0","TWENTHE 1, NL","10",",E","5",",E","1",",E","","","","","19510714",",,E","","","30.1",",,E,14,","68.7",",,,E"
"NLE00102022","1951-08","52.2667","6.9","35.0","TWENTHE 1, NL","19",",E","8",",E","0",",E","","","","","19510819",",,E","","","17.2",",,E,19,","82.4",",,,E"
"NLE00102022","1951-09","52.2667","6.9","35.0","TWENTHE 1, NL","12",",E","7",",E","0",",E","","","","","19510916",",,E","","","7.6",",,E,16,","43.9",",,,E"
"NLE00102022","1951-10","52.2667","6.9","35.0","TWENTHE 1, NL","4",",E","3",",E","0",",E","","","","","19511031",",,E","","","3.6",",,E,31,","10.8",",,,E"
"NLE00102022","1951-11","52.2667","6.9","35.0","TWENTHE 1, NL","25",",E","15",",E","0",",E","","","","","19511112",",,E","","","22.9",",,E,12,","127.9",",,,E"
"NLE00102022","1951-12","52.2667","6.9","35.0","TWENTHE 1, NL","20",",E","9",",E","0",",E","","","","","19511225",",,E","","","17.8",",,E,25,","78.5",",,,E"
"NLE00102022","1952-01","52.2667","6.9","35.0","TWENTHE 1, NL","21",",E","14",",E","0",",E","","","","","19520131",",,E","","","11.3",",,E,31,","88.4",",,,E"
"NLE00102022","1952-02","52.2667","6.9","35.0","TWENTHE 1, NL","14",",E","1",",E","0",",E","","","","","19520210",",,E","","","12.5",",,E,10,","26.4",",,,E"
"NLE00102022","1952-03","52.2667","6.9","35.0","TWENTHE 1, NL","12",",E","8",",E","0",",E","","","","","19520305",",,E","","","11.7",",,E,05,","54.9",",,,E"
"NLE00102022","1952-04","52.2667","6.9","35.0","TWENTHE 1, NL","6",",E","2",",E","0",",E","","","","","19520406",",,E","","","7.4",",,E,06,","18.6",",,,E"
"NLE00102022","1952-05","52.2667","6.9","35.0","TWENTHE 1, NL","11",",E","6",",E","0",",E","","","","","19520531",",,E","","","13.3",",,E,31,","44.2",",,,E"
"NLE00102022","1952-06","52.2667","6.9","35.0","TWENTHE 1, NL","12",",E","7",",E","0",",E","","","","","19520606",",,E","","","12.6",",,E,06,","57.7",",,,E"
"NLE00102022","1952-07","52.2667","6.9","35.0","TWENTHE 1, NL","15",",E","11",",E","2",",E","","","","","19520708",",,E","","","55.6",",,E,08,","160.1",",,,E"
"NLE00102022","1952-08","52.2667","6.9","35.0","TWENTHE 1, NL","17",",E","10",",E","1",",E","","","","","19520820",",,E","","","35.0",",,E,20,","111.0",",,,E"
"NLE00102022","1952-09","52.2667","6.9","35.0","TWENTHE 1, NL","16",",E","6",",E","0",",E","","","","","19520921",",,E","","","6.4",",,E,21,","41.8",",,,E"
"NLE00102022","1952-10","52.2667","6.9","35.0","TWENTHE 1, NL","19",",E","11",",E","0",",E","","","","","19521030",",,E","","","17.7",",,E,30,","84.1",",,,E"
"NLE00102022","1952-11","52.2667","6.9","35.0","TWENTHE 1, NL","20",",E","10",",E","0",",E","","","","","19521106",",,E","","","22.1",",,E,06,","97.2",",,,E"
"NLE00102022","1952-12","52.2667","6.9","35.0","TWENTHE 1, NL","16",",E","9",",E","0",",E","","","","","19521216",",,E","","","11.1",",,E,16,","63.5",",,,E"
"NLE00102022","1953-01","52.2667","6.9","35.0","TWENTHE 1, NL","12",",E","3",",E","0",",E","","","","","19530131",",,E","","","20.3",",,E,31,","39.5",",,,E"
"NLE00102022","1953-02","52.2667","6.9","35.0","TWENTHE 1, NL","16",",E","6",",E","0",",E","","","","","19530210",",,E","","","9.2",",,E,10,","43.2",",,,E"
"NLE00102022","1953-03","52.2667","6.9","35.0","TWENTHE 1, NL","9",",E","3",",E","0",",E","","","","","19530330",",,E","","","5.8",",,E,30,","18.0",",,,E"
"NLE00102022","1953-04","52.2667","6.9","35.0","TWENTHE 1, NL","11",",E","4",",E","0",",E","","","","","19530406",",,E","","","14.3",",,E,06,","43.3",",,,E"
"NLE00102022","1953-05","52.2667","6.9","35.0","TWENTHE 1, NL","11",",E","5",",E","0",",E","","","","","19530531",",,E","","","17.8",",,E,31,","44.4",",,,E"
"NLE00102022","1953-06","52.2667","6.9","35.0","TWENTHE 1, NL","16",",E","7",",E","0",",E","","","","","19530623",",,E","","","24.4",",,E,23,","71.0",",,,E"
"NLE00102022","1953-07","52.2667","6.9","35.0","TWENTHE 1, NL","24",",E","10",",E","0",",E","","","","","19530713",",,E","","","11.0",",,E,13,","73.1",",,,E"
"NLE00102022","1953-08","52.2667","6.9","35.0","TWENTHE 1, NL","13",",E","9",",E","0",",E","","","","","19530824",",,E","","","21.0",",,E,24,","93.3",",,,E"
"NLE00102022","1953-09","52.2667","6.9","35.0","TWENTHE 1, NL","15",",E","4",",E","0",",E","","","","","19530910",",,E","","","9.7",",,E,10,","37.9",",,,E"
"NLE00102022","1953-10","52.2667","6.9","35.0","TWENTHE 1, NL","10",",E","0",",E","0",",E","","","","","19531026",",,E","","","1.5",",,E,26,","8.1",",,,E"
"NLE00102022","1953-11","52.2667","6.9","35.0","TWENTHE 1, NL","7",",E","3",",E","0",",E","","","","","19531113",",,E","","","6.0",",,E,13,","16.2",",,,E"
"NLE00102022","1953-12","52.2667","6.9","35.0","TWENTHE 1, NL","12",",E","5",",E","0",",E","","","","","19531219",",,E","","","13.1",",,E,19,","45.5",",,,E"
"NLE00102022","1954-01","52.2667","6.9","35.0","TWENTHE 1, NL","13",",E","8",",E","0",",E","","","","","19540113",",,E","","","13.5",",,E,13,","53.6",",,,E"
"NLE00102022","1954-02","52.2667","6.9","35.0","TWENTHE 1, NL","10",",E","6",",E","0",",E","","","","","19540208",",,E","","","10.0",",,E,08,","34.5",",,,E"
"NLE00102022","1954-03","52.2667","6.9","35.0","TWENTHE 1, NL","14",",E","8",",E","0",",E","","","","","19540302",",,E","","","9.3",",,E,02,","48.2",",,,E"
"NLE00102022","1954-04","52.2667","6.9","35.0","TWENTHE 1, NL","8",",E","3",",E","0",",E","","","","","19540401",",,E","","","8.8",",,E,01,","24.2",",,,E"
"NLE00102022","1954-05","52.2667","6.9","35.0","TWENTHE 1, NL","10",",E","4",",E","0",",E","","","","","19540519",",,E","","","19.9",",,E,19,","58.4",",,,E"
"NLE00102022","1954-06","52.2667","6.9","35.0","TWENTHE 1, NL","13",",E","7",",E","0",",E","","","","","19540625",",,E","","","11.3",",,E,25,","46.7",",,,E"
"NLE00102022","1954-07","52.2667","6.9","35.0","TWENTHE 1, NL","22",",E","12",",E","1",",E","","","","","19540725",",,E","","","33.3",",,E,25,","134.2",",,,E"
"NLE00102022","1954-08","52.2667","6.9","35.0","TWENTHE 1, NL","18",",E","11",",E","1",",E","","","","","19540814",",,E","","","51.0",",,E,14,","142.3",",,,E"
"NLE00102022","1954-09","52.2667","6.9","35.0","TWENTHE 1, NL","19",",E","14",",E","0",",E","","","","","19540921",",,E","","","21.8",",,E,21,","103.7",",,,E"
"NLE00102022","1954-10","52.2667","6.9","35.0","TWENTHE 1, NL","17",",E","7",",E","0",",E","","","","","19541006",",,E","","","18.9",",,E,06,","80.0",",,,E"
"NLE00102022","1954-11","52.2667","6.9","35.0","TWENTHE 1, NL","20",",E","8",",E","1",",E","","","","","19541107",",,E","","","25.9",",,E,07,","64.7",",,,E"
"NLE00102022","1954-12","52.2667","6.9","35.0","TWENTHE 1, NL","23",",E","9",",E","0",",E","","","","","19541225",",,E","","","17.9",",,E,25,","78.7",",,,E"
"NLE00102022","1955-01","52.2667","6.9","35.0","TWENTHE 1, NL","12",",E","6",",E","0",",E","","","","","19550116",",,E","","","25.2",",,E,16,","57.2",",,,E"
"NLE00102022","1955-02","52.2667","6.9","35.0","TWENTHE 1, NL","14",",E","7",",E","0",",E","","","","","19550204",",,E","","","10.5",",,E,04,","42.3",",,,E"
"NLE00102022","1955-03","52.2667","6.9","35.0","TWENTHE 1, NL","16",",E","5",",E","0",",E","","","","","19550316",",,E","","","6.4",",,E,16,","35.3",",,,E"
"NLE00102022","1955-04","52.2667","6.9","35.0","TWENTHE 1, NL","9",",E","6",",E","0",",E","","","","","19550430",",,E","","","8.7",",,E,30,","33.4",",,,E"
"NLE00102022","1955-05","52.2667","6.9","35.0","TWENTHE 1, NL","21",",E","13",",E","1",",E","","","","","19550517",",,E","","","28.5",",,E,17,","96.3",",,,E"
"NLE00102022","1955-06","52.2667","6.9","35.0","TWENTHE 1, NL","10",",E","7",",E","0",",E","","","","","19550629",",,E","","","13.4",",,E,29,","54.7",",,,E"
"NLE00102022","1955-07","52.2667","6.9","35.0","TWENTHE 1, NL","8",",E","3",",E","0",",E","","","","","19550704",",,E","","","5.0",",,E,04,","18.5",",,,E"
"NLE00102022","1955-08","52.2667","6.9","35.0","TWENTHE 1, NL","12",",E","6",",E","0",",E","","","","","19550807",",,E","","","17.9",",,E,07,","57.2",",,,E"
"NLE00102022","1955-09","52.2667","6.9","35.0","TWENTHE 1, NL","13",",E","7",",E","0",",E","","","","","19550914",",,E","","","19.7",",,E,14,","79.7",",,,E"
"NLE00102022","1955-10","52.2667","6.9","35.0","TWENTHE 1, NL","18",",E","8",",E","0",",E","","","","","19551006",",,E","","","17.3",",,E,06,","73.3",",,,E"
"NLE00102022","1955-11","52.2667","6.9","35.0","TWENTHE 1, NL","13",",E","5",",E","0",",E","","","","","19551104",",,E","","","6.6",",,E,04,","25.7",",,,E"
"NLE00102022","1955-12","52.2667","6.9","35.0","TWENTHE 1, NL","23",",E","10",",E","0",",E","","","","","19551226",",,E","","","14.4",",,E,26,","85.1",",,,E"
"NLE00102022","1956-01","52.2667","6.9","35.0","TWENTHE 1, NL","20",",E","12",",E","0",",E","2","1,","19560125","+,1,E","19560123",",,E","40","1,,E,25,+","12.1",",,E,23,","88.2",",,,E"
"NLE00102022","1956-02","52.2667","6.9","35.0","TWENTHE 1, NL","12",",E","4",",E","0",",E","15",",","19560221","+,,E","19560214",",,E","150",",,E,21,+","4.7",",,E,14,","23.5",",,,E"
"NLE00102022","1956-03","52.2667","6.9","35.0","TWENTHE 1, NL","9",",E","4",",E","0",",E","0",",","19560315",",,E","19560304",",,E","20",",,E,15,","16.4",",,E,04,","45.3",",,,E"
"NLE00102022","1956-04","52.2667","6.9","35.0","TWENTHE 1, NL","16",",E","7",",E","0",",E","0",",","19560430","+,,E","19560412",",,E","0",",,E,30,+","11.4",",,E,12,","46.5",",,,E"
"NLE00102022","1956-05","52.2667","6.9","35.0","TWENTHE 1, NL","12",",E","3",",E","0",",E","0",",","19560531","+,,E","19560518",",,E","0",",,E,31,+","5.2",",,E,18,","24.2",",,,E"
"NLE00102022","1956-06","52.2667","6.9","35.0","TWENTHE 1, NL","18",",E","10",",E","0",",E","0",",","19560630","+,,E","19560610",",,E","0",",,E,30,+","13.6",",,E,10,","71.1",",,,E"
"NLE00102022","1956-07","52.2667","6.9","35.0","TWENTHE 1, NL","23",",E","14",",E","1",",E","0",",","19560731","+,,E","19560715",",,E","0",",,E,31,+","26.1",",,E,15,","163.1",",,,E"
"NLE00102022","1956-08","52.2667","6.9","35.0","TWENTHE 1, NL","20",",E","9",",E","0",",E","0",",","19560831","+,,E","19560824",",,E","0",",,E,31,+","16.2",",,E,24,","90.6",",,,E"
"NLE00102022","1956-09","52.2667","6.9","35.0","TWENTHE 1, NL","14",",E","7",",E","0",",E","0",",","19560930","+,,E","19560926",",,E","0",",,E,30,+","17.9",",,E,26,","60.7",",,,E"
"NLE00102022","1956-10","52.2667","6.9","35.0","TWENTHE 1, NL","18",",E","9",",E","0",",E","0",",","19561031","+,,E","19561018",",,E","0",",,E,31,+","13.8",",,E,18,","66.3",",,,E"
"NLE00102022","1956-11","52.2667","6.9","35.0","TWENTHE 1, NL","13",",E","6",",E","0",",E","0",",","19561129",",,E","19561128",",,E","20",",,E,29,","10.3",",,E,28,","49.7",",,,E"
"NLE00102022","1956-12","52.2667","6.9","35.0","TWENTHE 1, NL","17",",E","6",",E","0",",E","0",",","19561231","+,,E","19561211",",,E","0",",,E,31,+","10.2",",,E,11,","51.7",",,,E"
"NLE00102022","1957-01","52.2667","6.9","35.0","TWENTHE 1, NL","14",",E","7",",E","0",",E","0",",","19570131","+,,E","19570105",",,E","0",",,E,31,+","15.8",",,E,05,","65.1",",,,E"
"NLE00102022","1957-02","52.2667","6.9","35.0","TWENTHE 1, NL","18",",E","13",",E","0",",E","0",",","19570224","+,,E","19570220",",,E","20",",,E,24,+","17.0",",,E,20,","87.9",",,,E"
"NLE00102022","1957-03","52.2667","6.9","35.0","TWENTHE 1, NL","13",",E","7",",E","1",",E","0",",","19570331","+,,E","19570317",",,E","0",",,E,31,+","25.6",",,E,17,","70.7",",,,E"
"NLE00102022","1957-04","52.2667","6.9","35.0","TWENTHE 1, NL","5",",E","1",",E","0",",E","0",",","19570430","+,,E","19570418",",,E","0",",,E,30,+","3.0",",,E,18,","8.4",",,,E"
"NLE00102022","1957-05","52.2667","6.9","35.0","TWENTHE 1, NL","15",",E","10",",E","0",",E","0",",","19570531","+,,E","19570523",",,E","0",",,E,31,+","8.9",",,E,23,","56.3",",,,E"
"NLE00102022","1957-06","52.2667","6.9","35.0","TWENTHE 1, NL","12",",E","7",",E","0",",E","0",",","19570630","+,,E","19570610",",,E","0",",,E,30,+","7.5",",,E,10,","40.3",",,,E"
"NLE00102022","1957-07","52.2667","6.9","35.0","TWENTHE 1, NL","15",",E","9",",E","0",",E","0",",","19570731","+,,E","19570726",",,E","0",",,E,31,+","24.8",",,E,26,","93.9",",,,E"
"NLE00102022","1957-08","52.2667","6.9","35.0","TWENTHE 1, NL","19",",E","13",",E","0",",E","0",",","19570831","+,,E","19570825",",,E","0",",,E,31,+","20.3",",,E,25,","93.0",",,,E"
"NLE00102022","1957-09","52.2667","6.9","35.0","TWENTHE 1, NL","22",",E","14",",E","0",",E","0",",","19570930","+,,E","19570911",",,E","0",",,E,30,+","22.9",",,E,11,","155.7",",,,E"
"NLE00102022","1957-10","52.2667","6.9","35.0","TWENTHE 1, NL","14",",E","6",",E","0",",E","0",",","19571031","+,,E","19571016",",,E","0",",,E,31,+","5.1",",,E,16,","37.9",",,,E"
"NLE00102022","1957-11","52.2667","6.9","35.0","TWENTHE 1, NL","10",",E","5",",E","0",",E","0",",","19571130","+,,E","19571128",",,E","0",",,E,30,+","6.0",",,E,28,","28.6",",,,E"
"NLE00102022","1957-12","52.2667","6.9","35.0","TWENTHE 1, NL","14",",E","7",",E","0",",E","5",",","19571218","+,,E","19571208",",,E","150",",,E,18,+","17.2",",,E,08,","73.6",",,,E"
"NLE00102022","1958-01","52.2667","6.9","35.0","TWENTHE 1, NL","18",",E","10",",E","0",",E","5",",","19580124","+,,E","19580122",",,E","150",",,E,24,+","13.9",",,E,22,","106.4",",,,E"
"NLE00102022","1958-02","52.2667","6.9","35.0","TWENTHE 1, NL","20",",E","11",",E","0",",E","3","2,","19580228",",2,E","19580225",",,E","80","2,,E,28,","14.6",",,E,25,","89.1",",,,E"
"NLE00102022","1958-03","52.2667","6.9","35.0","TWENTHE 1, NL","10",",E","2",",E","0",",E","2",",","19580314","+,,E","19580313",",,E","80",",,E,14,+","4.5",",,E,13,","14.3",",,,E"
"NLE00102022","1958-04","52.2667","6.9","35.0","TWENTHE 1, NL","14",",E","4",",E","0",",E","0",",","19580410",",,E","19580426",",,E","20",",,E,10,","12.4",",,E,26,","43.3",",,,E"
"NLE00102022","1958-05","52.2667","6.9","35.0","TWENTHE 1, NL","15",",E","6",",E","1",",E","0",",","19580531","+,,E","19580530",",,E","0",",,E,31,+","30.4",",,E,30,","98.5",",,,E"
"NLE00102022","1958-06","52.2667","6.9","35.0","TWENTHE 1, NL","13",",E","9",",E","0",",E","0",",","19580630","+,,E","19580620",",,E","0",",,E,30,+","22.0",",,E,20,","79.8",",,,E"
"NLE00102022","1958-07","52.2667","6.9","35.0","TWENTHE 1, NL","18",",E","11",",E","1",",E","0",",","19580731","+,,E","19580703",",,E","0",",,E,31,+","35.2",",,E,03,","130.2",",,,E"
"NLE00102022","1958-08","52.2667","6.9","35.0","TWENTHE 1, NL","19",",E","12",",E","0",",E","0",",","19580831","+,,E","19580823",",,E","0",",,E,31,+","22.5",",,E,23,","112.5",",,,E"
"NLE00102022","1958-09","52.2667","6.9","35.0","TWENTHE 1, NL","17",",E","11",",E","0",",E","0",",","19580930","+,,E","19580923",",,E","0",",,E,30,+","19.0",",,E,23,","68.0",",,,E"
"NLE00102022","1958-10","52.2667","6.9","35.0","TWENTHE 1, NL","21",",E","10",",E","0",",E","0",",","19581031","+,,E","19581011",",,E","0",",,E,31,+","16.8",",,E,11,","80.9",",,,E"
"NLE00102022","1958-11","52.2667","6.9","35.0","TWENTHE 1, NL","10",",E","2",",E","0",",E","0",",","19581130","+,,E","19581101",",,E","0",",,E,30,+","5.5",",,E,01,","20.1",",,,E"
"NLE00102022","1958-12","52.2667","6.9","35.0","TWENTHE 1, NL","20",",E","11",",E","0",",E","0",",","19581231","+,,E","19581227",",,E","0",",,E,31,+","9.1",",,E,27,","76.6",",,,E"
"NLE00102022","1959-01","52.2667","6.9","35.0","TWENTHE 1, NL","23",",E","13",",E","0",",E","12",",","19590113",",,E","19590107",",,E","230",",,E,13,","15.6",",,E,07,","95.5",",,,E"
"NLE00102022","1959-02","52.2667","6.9","35.0","TWENTHE 1, NL","2",",E","1",",E","0",",E","0",",","19590228","+,,E","19590221",",,E","0",",,E,28,+","3.5",",,E,21,","3.9",",,,E"
"NLE00102022","1959-03","52.2667","6.9","35.0","TWENTHE 1, NL","11",",E","7",",E","0",",E","0",",","19590331","+,,E","19590305",",,E","0",",,E,31,+","15.6",",,E,05,","65.9",",,,E"
"NLE00102022","1959-04","52.2667","6.9","35.0","TWENTHE 1, NL","14",",E","6",",E","0",",E","0",",","19590430","+,,E","19590406",",,E","0",",,E,30,+","9.5",",,E,06,","40.7",",,,E"
"NLE00102022","1959-05","52.2667","6.9","35.0","TWENTHE 1, NL","6",",E","2",",E","0",",E","0",",","19590531","+,,E","19590503",",,E","0",",,E,31,+","5.7",",,E,03,","13.4",",,,E"
"NLE00102022","1959-06","52.2667","6.9","35.0","TWENTHE 1, NL","12",",E","9",",E","0",",E","0",",","19590630","+,,E","19590628",",,E","0",",,E,30,+","10.5",",,E,28,","48.7",",,,E"
"NLE00102022","1959-07","52.2667","6.9","35.0","TWENTHE 1, NL","7",",E","6",",E","0",",E","0",",","19590731","+,,E","19590730",",,E","0",",,E,31,+","22.2",",,E,30,","60.9",",,,E"
"NLE00102022","1959-08","52.2667","6.9","35.0","TWENTHE 1, NL","10",",E","3",",E","0",",E","0",",","19590831","+,,E","19590814",",,E","0",",,E,31,+","8.1",",,E,14,","22.0",",,,E"
"NLE00102022","1959-09","52.2667","6.9","35.0","TWENTHE 1, NL","1",",E","1",",E","0",",E","0",",","19590930","+,,E","19590921",",,E","0",",,E,30,+","3.8",",,E,21,","3.8",",,,E"
"NLE00102022","1959-10","52.2667","6.9","35.0","TWENTHE 1, NL","10",",E","4",",E","0",",E","0",",","19591031","+,,E","19591030",",,E","0",",,E,31,+","18.3",",,E,30,","45.1",",,,E"
"NLE00102022","1959-11","52.2667","6.9","35.0","TWENTHE 1, NL","10",",E","5",",E","0",",E","0",",","19591130","+,,E","19591112",",,E","0",",,E,30,+","7.9",",,E,12,","33.3",",,,E"
"NLE00102022","1959-12","52.2667","6.9","35.0","TWENTHE 1, NL","17",",E","10",",E","0",",E","0",",","19591231","+,,E","19591226",",,E","0",",,E,31,+","7.5",",,E,26,","52.3",",,,E"
"NLE00102022","1960-01","52.2667","6.9","35.0","TWENTHE 1, NL","21",",E","11",",E","0",",E","3",",","19600117","+,,E","19600125",",,E","80",",,E,17,+","10.9",",,E,25,","68.9",",,,E"
"NLE00102022","1960-02","52.2667","6.9","35.0","TWENTHE 1, NL","16",",E","5",",E","0",",E","2","1,","19600202","+,1,E","19600222",",,E","40","1,,E,02,+","7.1",",,E,22,","33.1",",,,E"
"NLE00102022","1960-03","52.2667","6.9","35.0","TWENTHE 1, NL","9",",E","4",",E","0",",E","0",",","19600331","+,,E","19600303",",,E","0",",,E,31,+","5.7",",,E,03,","21.0",",,,E"
"NLE00102022","1960-04","52.2667","6.9","35.0","TWENTHE 1, NL","14",",E","6",",E","0",",E","0",",","19600430","+,,E","19600407",",,E","0",",,E,30,+","6.0",",,E,07,","32.1",",,,E"
"NLE00102022","1960-05","52.2667","6.9","35.0","TWENTHE 1, NL","9",",E","5",",E","0",",E","0",",","19600531","+,,E","19600513",",,E","0",",,E,31,+","13.2",",,E,13,","38.1",",,,E"
"NLE00102022","1960-06","52.2667","6.9","35.0","TWENTHE 1, NL","13",",E","8",",E","1",",E","0",",","19600630","+,,E","19600606",",,E","0",",,E,30,+","30.5",",,E,06,","79.6",",,,E"
"NLE00102022","1960-07","52.2667","6.9","35.0","TWENTHE 1, NL","20",",E","12",",E","1",",E","0",",","19600731","+,,E","19600731",",,E","0",",,E,31,+","48.6",",,E,31,","163.3",",,,E"
"NLE00102022","1960-08","52.2667","6.9","35.0","TWENTHE 1, NL","24",",E","13",",E","0",",E","0",",","19600831","+,,E","19600830",",,E","0",",,E,31,+","21.5",",,E,30,","129.0",",,,E"
"NLE00102022","1960-09","52.2667","6.9","35.0","TWENTHE 1, NL","13",",E","8",",E","1",",E","0",",","19600930","+,,E","19600919",",,E","0",",,E,30,+","32.0",",,E,19,","81.6",",,,E"
"NLE00102022","1960-10","52.2667","6.9","35.0","TWENTHE 1, NL","24",",E","10",",E","0",",E","0",",","19601031","+,,E","19601026","+,,E","0",",,E,31,+","9.6",",,E,26,+","84.4",",,,E"
"NLE00102022","1960-11","52.2667","6.9","35.0","TWENTHE 1, NL","23",",E","16",",E","0",",E","0",",","19601130","+,,E","19601101",",,E","0",",,E,30,+","23.8",",,E,01,","138.0",",,,E"
"NLE00102022","1960-12","52.2667","6.9","35.0","TWENTHE 1, NL","13",",E","8",",E","1",",E","1",",","19601215",",,E","19601203",",,E","80",",,E,15,","43.9",",,E,03,","89.8",",,,E"
"NLE00102022","1961-01","52.2667","6.9","35.0","TWENTHE 1, NL","19",",E","13",",E","1",",E","0",",","19610131","+,,E","19610129",",,E","0",",,E,31,+","25.5",",,E,29,","109.2",",,,E"
"NLE00102022","1961-02","52.2667","6.9","35.0","TWENTHE 1, NL","18",",E","10",",E","1",",E","0",",","19610228","+,,E","19610227",",,E","0",",,E,28,+","28.1",",,E,27,","94.2",",,,E"
"NLE00102022","1961-03","52.2667","6.9","35.0","TWENTHE 1, NL","14",",E","7",",E","0",",E","0",",","19610331","+,,E","19610329",",,E","0",",,E,31,+","8.6",",,E,29,","46.5",",,,E"
"NLE00102022","1961-04","52.2667","6.9","35.0","TWENTHE 1, NL","17",",E","8",",E","0",",E","0",",","19610430","+,,E","19610427",",,E","0",",,E,30,+","11.3",",,E,27,","64.4",",,,E"
"NLE00102022","1961-05","52.2667","6.9","35.0","TWENTHE 1, NL","15",",E","8",",E","1",",E","0",",","19610531","+,,E","19610520",",,E","0",",,E,31,+","28.7",",,E,20,","82.5",",,,E"
"NLE00102022","1961-06","52.2667","6.9","35.0","TWENTHE 1, NL","12",",E","7",",E","1",",E","0",",","19610630","+,,E","19610604",",,E","0",",,E,30,+","42.0",",,E,04,","77.5",",,,E"
"NLE00102022","1961-07","52.2667","6.9","35.0","TWENTHE 1, NL","18",",E","12",",E","0",",E","0",",","19610731","+,,E","19610713",",,E","0",",,E,31,+","23.5",",,E,13,","120.8",",,,E"
"NLE00102022","1961-08","52.2667","6.9","35.0","TWENTHE 1, NL","19",",E","13",",E","0",",E","0",",","19610831","+,,E","19610822",",,E","0",",,E,31,+","18.5",",,E,22,","110.1",",,,E"
"NLE00102022","1961-09","52.2667","6.9","35.0","TWENTHE 1, NL","12",",E","8",",E","0",",E","0",",","19610930","+,,E","19610904",",,E","0",",,E,30,+","17.4",",,E,04,","68.4",",,,E"
"NLE00102022","1961-10","52.2667","6.9","35.0","TWENTHE 1, NL","13",",E","8",",E","0",",E","0",",","19611031","+,,E","19611017",",,E","0",",,E,31,+","23.4",",,E,17,","105.4",",,,E"
"NLE00102022","1961-11","52.2667","6.9","35.0","TWENTHE 1, NL","16",",E","10",",E","1",",E","0",",","19611130","+,,E","19611130",",,E","0",",,E,30,+","28.2",",,E,30,","93.2",",,,E"
"NLE00102022","1961-12","52.2667","6.9","35.0","TWENTHE 1, NL","16",",E","10",",E","0",",E","0",",","19611231","+,,E","19611204",",,E","0",",,E,31,+","23.1",",,E,04,","112.1",",,,E"
"NLE00102022","1962-01","52.2667","6.9","35.0","TWENTHE 1, NL","22",",E","12",",E","0",",E","0",",","19620131","+,,E","19620124",",,E","0",",,E,31,+","20.0",",,E,24,","98.2",",,,E"
"NLE00102022","1962-02","52.2667","6.9","35.0","TWENTHE 1, NL","14",",E","6",",E","0",",E","1",",","19620214",",,E","19620212",",,E","40",",,E,14,","18.9",",,E,12,","70.3",",,,E"
"NLE00102022","1962-03","52.2667","6.9","35.0","TWENTHE 1, NL","22",",E","7",",E","0",",E","1",",","19620307",",,E","19620327",",,E","40",",,E,07,","6.4",",,E,27,","51.7",",,,E"
"NLE00102022","1962-04","52.2667","6.9","35.0","TWENTHE 1, NL","13",",E","8",",E","0",",E","0",",","19620430","+,,E","19620408",",,E","0",",,E,30,+","17.7",",,E,08,","81.1",",,,E"
"NLE00102022","1962-05","52.2667","6.9","35.0","TWENTHE 1, NL","20",",E","11",",E","0",",E","0",",","19620531","+,,E","19620524",",,E","0",",,E,31,+","8.6",",,E,24,","59.6",",,,E"
"NLE00102022","1962-06","52.2667","6.9","35.0","TWENTHE 1, NL","12",",E","5",",E","0",",E","0",",","19620630","+,,E","19620615",",,E","0",",,E,30,+","7.8",",,E,15,","30.6",",,,E"
"NLE00102022","1962-07","52.2667","6.9","35.0","TWENTHE 1, NL","17",",E","8",",E","0",",E","0",",","19620731","+,,E","19620712",",,E","0",",,E,31,+","15.3",",,E,12,","69.6",",,,E"
"NLE00102022","1962-08","52.2667","6.9","35.0","TWENTHE 1, NL","15",",E","8",",E","0",",E","0",",","19620831","+,,E","19620814",",,E","0",",,E,31,+","13.6",",,E,14,","58.5",",,,E"
"NLE00102022","1962-09","52.2667","6.9","35.0","TWENTHE 1, NL","11",",E","8",",E","0",",E","0",",","19620930","+,,E","19620905",",,E","0",",,E,30,+","12.4",",,E,05,","47.6",",,,E"
"NLE00102022","1962-10","52.2667","6.9","35.0","TWENTHE 1, NL","8",",E","3",",E","0",",E","0",",","19621031","+,,E","19621026",",,E","0",",,E,31,+","17.9",",,E,26,","29.6",",,,E"
"NLE00102022","1962-11","52.2667","6.9","35.0","TWENTHE 1, NL","14",",E","4",",E","0",",E","0",",","19621130","+,,E","19621114",",,E","0",",,E,30,+","6.0",",,E,14,","25.2",",,,E"
"NLE00102022","1962-12","52.2667","6.9","35.0","TWENTHE 1, NL","12",",E","8",",E","0",",E","0","1,","19621230","+,1,E","19621214",",,E","20","1,,E,30,+","18.1",",,E,14,","79.2",",,,E"
"NLE00102022","1963-01","52.2667","6.9","35.0","TWENTHE 1, NL","8",",E","1",",E","0",",E","19","3,","19630131","+,3,E","19630104",",,E","150","3,,E,31,+","13.2",",,E,04,","21.5",",,,E"
"NLE00102022","1963-02","52.2667","6.9","35.0","TWENTHE 1, NL","9",",E","1",",E","0",",E","22",",","19630204","+,,E","19630212",",,E","230",",,E,04,+","4.3",",,E,12,","15.0",",,,E"
"NLE00102022","1963-03","52.2667","6.9","35.0","TWENTHE 1, NL","15",",E","7",",E","0",",E","0",",","19630306","+,,E","19630314",",,E","20",",,E,06,+","10.9",",,E,14,","58.6",",,,E"
"NLE00102022","1963-04","52.2667","6.9","35.0","TWENTHE 1, NL","14",",E","7",",E","0",",E","0",",","19630430","+,,E","19630429",",,E","0",",,E,30,+","15.7",",,E,29,","53.1",",,,E"
"NLE00102022","1963-05","52.2667","6.9","35.0","TWENTHE 1, NL","15",",E","6",",E","0",",E","0",",","19630531","+,,E","19630514",",,E","0",",,E,31,+","12.7",",,E,14,","58.9",",,,E"
"NLE00102022","1963-06","52.2667","6.9","35.0","TWENTHE 1, NL","16",",E","9",",E","1",",E","0",",","19630630","+,,E","19630618",",,E","0",",,E,30,+","25.7",",,E,18,","91.1",",,,E"
"NLE00102022","1963-07","52.2667","6.9","35.0","TWENTHE 1, NL","11",",E","6",",E","0",",E","0",",","19630731","+,,E","19630702",",,E","0",",,E,31,+","14.0",",,E,02,","57.6",",,,E"
"NLE00102022","1963-08","52.2667","6.9","35.0","TWENTHE 1, NL","20",",E","14",",E","0",",E","0",",","19630831","+,,E","19630820",",,E","0",",,E,31,+","16.7",",,E,20,","107.6",",,,E"
"NLE00102022","1963-09","52.2667","6.9","35.0","TWENTHE 1, NL","13",",E","11",",E","0",",E","0",",","19630930","+,,E","19630926",",,E","0",",,E,30,+","15.1",",,E,26,","88.1",",,,E"
"NLE00102022","1963-10","52.2667","6.9","35.0","TWENTHE 1, NL","14",",E","5",",E","0",",E","0",",","19631031","+,,E","19631003",",,E","0",",,E,31,+","12.2",",,E,03,","44.9",",,,E"
"NLE00102022","1963-11","52.2667","6.9","35.0","TWENTHE 1, NL","18",",E","10",",E","1",",E","0",",","19631130","+,,E","19631118",",,E","0",",,E,30,+","36.1",",,E,18,","117.5",",,,E"
"NLE00102022","1963-12","52.2667","6.9","35.0","TWENTHE 1, NL","4",",E","2",",E","0",",E","8",",","19631222","+,,E","19631226",",,E","80",",,E,22,+","7.8",",,E,26,","14.0",",,,E"
"NLE00102022","1964-01","52.2667","6.9","35.0","TWENTHE 1, NL","13",",E","2",",E","0",",E","0",",","19640131","+,,E","19640131",",,E","0",",,E,31,+","4.6",",,E,31,","17.4",",,,E"
"NLE00102022","1964-02","52.2667","6.9","35.0","TWENTHE 1, NL","14",",E","7",",E","0",",E","4",",","19640220","+,,E","19640217",",,E","80",",,E,20,+","7.7",",,E,17,","34.1",",,,E"
"NLE00102022","1964-03","52.2667","6.9","35.0","TWENTHE 1, NL","10",",E","6",",E","0",",E","0",",","19640331","+,,E","19640319",",,E","0",",,E,31,+","10.9",",,E,19,","41.3",",,,E"
"NLE00102022","1964-04","52.2667","6.9","35.0","TWENTHE 1, NL","11",",E","7",",E","0",",E","0",",","19640430","+,,E","19640423",",,E","0",",,E,30,+","18.3",",,E,23,","56.9",",,,E"
"NLE00102022","1964-05","52.2667","6.9","35.0","TWENTHE 1, NL","13",",E","8",",E","0",",E","0",",","19640531","+,,E","19640526",",,E","0",",,E,31,+","14.2",",,E,26,","62.8",",,,E"
"NLE00102022","1964-06","52.2667","6.9","35.0","TWENTHE 1, NL","12",",E","8",",E","0",",E","0",",","19640630","+,,E","19640607",",,E","0",",,E,30,+","21.9",",,E,07,","74.2",",,,E"
"NLE00102022","1964-07","52.2667","6.9","35.0","TWENTHE 1, NL","10",",E","4",",E","0",",E","0",",","19640731","+,,E","19640721",",,E","0",",,E,31,+","20.4",",,E,21,","43.1",",,,E"
"NLE00102022","1964-08","52.2667","6.9","35.0","TWENTHE 1, NL","11",",E","4",",E","0",",E","0",",","19640831","+,,E","19640812",",,E","0",",,E,31,+","14.8",",,E,12,","52.7",",,,E"
"NLE00102022","1964-09","52.2667","6.9","35.0","TWENTHE 1, NL","12",",E","8",",E","0",",E","0",",","19640930","+,,E","19640920",",,E","0",",,E,30,+","8.5",",,E,20,","44.3",",,,E"
"NLE00102022","1964-10","52.2667","6.9","35.0","TWENTHE 1, NL","13",",E","8",",E","0",",E","0",",","19641031","+,,E","19641007",",,E","0",",,E,31,+","17.9",",,E,07,","60.2",",,,E"
"NLE00102022","1964-11","52.2667","6.9","35.0","TWENTHE 1, NL","14",",E","8",",E","0",",E","0",",","19641130","+,,E","19641114",",,E","0",",,E,30,+","12.2",",,E,14,","53.0",",,,E"
"NLE00102022","1964-12","52.2667","6.9","35.0","TWENTHE 1, NL","20",",E","10",",E","0",",E","1",",","19641204",",,E","19641231",",,E","40",",,E,04,","19.4",",,E,31,","98.0",",,,E"
"NLE00102022","1965-01","52.2667","6.9","35.0","TWENTHE 1, NL","18",",E","14",",E","0",",E","0",",","19650130","+,,E","19650116",",,E","10",",,E,30,+","12.8",",,E,16,","102.4",",,,E"
"NLE00102022","1965-02","52.2667","6.9","35.0","TWENTHE 1, NL","15",",E","4",",E","0",",E","0",",","19650224",",,E","19650212",",,E","10",",,E,24,","4.7",",,E,12,","27.5",",,,E"
"NLE00102022","1965-03","52.2667","6.9","35.0","TWENTHE 1, NL","12",",E","6",",E","0",",E","0",",","19650331","+,,E","19650320",",,E","0",",,E,31,+","8.6",",,E,20,","42.3",",,,E"
"NLE00102022","1965-04","52.2667","6.9","35.0","TWENTHE 1, NL","20",",E","13",",E","0",",E","0",",","19650430","+,,E","19650417",",,E","0",",,E,30,+","16.6",",,E,17,","93.0",",,,E"
"NLE00102022","1965-05","52.2667","6.9","35.0","TWENTHE 1, NL","16",",E","11",",E","0",",E","0",",","19650531","+,,E","19650508",",,E","0",",,E,31,+","23.5",",,E,08,","109.4",",,,E"
"NLE00102022","1965-06","52.2667","6.9","35.0","TWENTHE 1, NL","11",",E","10",",E","1",",E","0",",","19650630","+,,E","19650616",",,E","0",",,E,30,+","30.7",",,E,16,","89.4",",,,E"
"NLE00102022","1965-07","52.2667","6.9","35.0","TWENTHE 1, NL","27",",E","15",",E","1",",E","0",",","19650731","+,,E","19650707",",,E","0",",,E,31,+","26.9",",,E,07,","163.7",",,,E"
"NLE00102022","1965-08","52.2667","6.9","35.0","TWENTHE 1, NL","19",",E","11",",E","0",",E","0",",","19650831","+,,E","19650807",",,E","0",",,E,31,+","10.0",",,E,07,","72.0",",,,E"
"NLE00102022","1965-09","52.2667","6.9","35.0","TWENTHE 1, NL","12",",E","5",",E","0",",E","0",",","19650930","+,,E","19650902",",,E","0",",,E,30,+","15.1",",,E,02,","42.5",",,,E"
"NLE00102022","1965-10","52.2667","6.9","35.0","TWENTHE 1, NL","6",",E","4",",E","0",",E","0",",","19651031","+,,E","19651015",",,E","0",",,E,31,+","10.4",",,E,15,","23.8",",,,E"
"NLE00102022","1965-11","52.2667","6.9","35.0","TWENTHE 1, NL","17",",E","10",",E","0",",E","4",",","19651122","+,,E","19651129",",,E","80",",,E,22,+","19.8",",,E,29,","96.7",",,,E"
"NLE00102022","1965-12","52.2667","6.9","35.0","TWENTHE 1, NL","24",",E","19",",E","1",",E","0",",","19651230",",,E","19651209",",,E","20",",,E,30,","27.0",",,E,09,","179.5",",,,E"
"NLE00102022","1966-01","52.2667","6.9","35.0","TWENTHE 1, NL","15",",E","6",",E","0",",E","5",",","19660120","+,,E","19660102",",,E","40",",,E,20,+","13.8",",,E,02,","48.5",",,,E"
"NLE00102022","1966-02","52.2667","6.9","35.0","TWENTHE 1, NL","18",",E","10",",E","0",",E","7",",","19660215","+,,E","19660208",",,E","80",",,E,15,+","20.6",",,E,08,","101.7",",,,E"
"NLE00102022","1966-03","52.2667","6.9","35.0","TWENTHE 1, NL","18",",E","11",",E","0",",E","0",",","19660330","+,,E","19660327",",,E","20",",,E,30,+","24.5",",,E,27,","102.1",",,,E"
"NLE00102022","1966-04","52.2667","6.9","35.0","TWENTHE 1, NL","16",",E","8",",E","0",",E","0",",","19660430","+,,E","19660409",",,E","0",",,E,30,+","17.0",",,E,09,","73.7",",,,E"
"NLE00102022","1966-05","52.2667","6.9","35.0","TWENTHE 1, NL","11",",E","8",",E","0",",E","0",",","19660531","+,,E","19660517",",,E","0",",,E,31,+","24.7",",,E,17,","75.7",",,,E"
"NLE00102022","1966-06","52.2667","6.9","35.0","TWENTHE 1, NL","16",",E","8",",E","2",",E","0",",","19660630","+,,E","19660618",",,E","0",",,E,30,+","52.9",",,E,18,","149.8",",,,E"
"NLE00102022","1966-07","52.2667","6.9","35.0","TWENTHE 1, NL","23",",E","13",",E","0",",E","0",",","19660731","+,,E","19660710",",,E","0",",,E,31,+","25.2",",,E,10,","139.4",",,,E"
"NLE00102022","1966-08","52.2667","6.9","35.0","TWENTHE 1, NL","13",",E","7",",E","1",",E","0",",","19660831","+,,E","19660822",",,E","0",",,E,31,+","32.6",",,E,22,","67.9",",,,E"
"NLE00102022","1966-09","52.2667","6.9","35.0","TWENTHE 1, NL","7",",E","6",",E","0",",E","0",",","19660930","+,,E","19660914",",,E","0",",,E,30,+","15.7",",,E,14,","43.2",",,,E"
"NLE00102022","1966-10","52.2667","6.9","35.0","TWENTHE 1, NL","12",",E","8",",E","0",",E","0",",","19661031","+,,E","19661004",",,E","0",",,E,31,+","14.2",",,E,04,","66.4",",,,E"
"NLE00102022","1966-11","52.2667","6.9","35.0","TWENTHE 1, NL","21",",E","13",",E","0",",E","0",",","19661130","+,,E","19661130",",,E","0",",,E,30,+","16.5",",,E,30,","112.2",",,,E"
"NLE00102022","1966-12","52.2667","6.9","35.0","TWENTHE 1, NL","24",",E","17",",E","0",",E","0",",","19661231","+,,E","19661212",",,E","0",",,E,31,+","25.2",",,E,12,","174.8",",,,E"
"NLE00102022","1967-01","52.2667","6.9","35.0","TWENTHE 1, NL","16",",E","8",",E","0",",E","0",",","19670131","+,,E","19670128",",,E","0",",,E,31,+","8.6",",,E,28,","44.3",",,,E"
"NLE00102022","1967-02","52.2667","6.9","35.0","TWENTHE 1, NL","18",",E","7",",E","0",",E","0",",","19670228","+,,E","19670227",",,E","0",",,E,28,+","15.7",",,E,27,","75.2",",,,E"
"NLE00102022","1967-03","52.2667","6.9","35.0","TWENTHE 1, NL","21",",E","12",",E","0",",E","0",",","19670331","+,,E","19670327",",,E","0",",,E,31,+","20.4",",,E,27,","83.9",",,,E"
"NLE00102022","1967-04","52.2667","6.9","35.0","TWENTHE 1, NL","16",",E","7",",E","0",",E","0",",","19670430","+,,E","19670402",",,E","0",",,E,30,+","6.9",",,E,02,","40.2",",,,E"
"NLE00102022","1967-05","52.2667","6.9","35.0","TWENTHE 1, NL","18",",E","10",",E","0",",E","0",",","19670531","+,,E","19670525",",,E","0",",,E,31,+","14.0",",,E,25,","75.2",",,,E"
"NLE00102022","1967-06","52.2667","6.9","35.0","TWENTHE 1, NL","10",",E","6",",E","0",",E","0",",","19670630","+,,E","19670627",",,E","0",",,E,30,+","20.0",",,E,27,","61.7",",,,E"
"NLE00102022","1967-07","52.2667","6.9","35.0","TWENTHE 1, NL","11",",E","9",",E","0",",E","0",",","19670731","+,,E","19670716",",,E","0",",,E,31,+","14.7",",,E,16,","67.4",",,,E"
"NLE00102022","1967-08","52.2667","6.9","35.0","TWENTHE 1, NL","13",",E","8",",E","0",",E","0",",","19670831","+,,E","19670815",",,E","0",",,E,31,+","18.1",",,E,15,","86.1",",,,E"
"NLE00102022","1967-09","52.2667","6.9","35.0","TWENTHE 1, NL","16",",E","8",",E","0",",E","0",",","19670930","+,,E","19670901",",,E","0",",,E,30,+","24.4",",,E,01,","101.0",",,,E"
"NLE00102022","1967-10","52.2667","6.9","35.0","TWENTHE 1, NL","21",",E","14",",E","0",",E","0",",","19671031","+,,E","19671017",",,E","0",",,E,31,+","15.4",",,E,17,","93.9",",,,E"
"NLE00102022","1967-11","52.2667","6.9","35.0","TWENTHE 1, NL","15",",E","10",",E","0",",E","0",",","19671130","+,,E","19671128",",,E","0",",,E,30,+","20.8",",,E,28,","80.3",",,,E"
"NLE00102022","1967-12","52.2667","6.9","35.0","TWENTHE 1, NL","25",",E","14",",E","0",",E","0",",","19671213","+,,E","19671222",",,E","20",",,E,13,+","19.0",",,E,22,","92.3",",,,E"
"NLE00102022","1968-01","52.2667","6.9","35.0","TWENTHE 1, NL","21",",E","11",",E","0",",E","9",",","19680113","+,,E","19680105",",,E","230",",,E,13,+","15.6",",,E,05,","90.6",",,,E"
"NLE00102022","1968-02","52.2667","6.9","35.0","TWENTHE 1, NL","11",",E","5",",E","0",",E","1",",","19680222",",,E","19680202",",,E","40",",,E,22,","5.3",",,E,02,","22.8",",,,E"
"NLE00102022","1968-03","52.2667","6.9","35.0","TWENTHE 1, NL","16",",E","10",",E","0",",E","0",",","19680331","+,,E","19680305",",,E","0",",,E,31,+","6.6",",,E,05,","46.4",",,,E"
"NLE00102022","1968-04","52.2667","6.9","35.0","TWENTHE 1, NL","7",",E","3",",E","0",",E","0",",","19680430","+,,E","19680428",",,E","0",",,E,30,+","5.6",",,E,28,","17.1",",,,E"
"NLE00102022","1968-05","52.2667","6.9","35.0","TWENTHE 1, NL","20",",E","11",",E","0",",E","0",",","19680531","+,,E","19680515",",,E","0",",,E,31,+","9.0",",,E,15,","79.2",",,,E"
"NLE00102022","1968-06","52.2667","6.9","35.0","TWENTHE 1, NL","13",",E","10",",E","0",",E","0",",","19680630","+,,E","19680625",",,E","0",",,E,30,+","16.7",",,E,25,","81.7",",,,E"
"NLE00102022","1968-07","52.2667","6.9","35.0","TWENTHE 1, NL","14",",E","10",",E","0",",E","0",",","19680731","+,,E","19680710",",,E","0",",,E,31,+","19.7",",,E,10,","87.9",",,,E"
"NLE00102022","1968-08","52.2667","6.9","35.0","TWENTHE 1, NL","18",",E","12",",E","1",",E","0",",","19680831","+,,E","19680801",",,E","0",",,E,31,+","43.3",",,E,01,","126.8",",,,E"
"NLE00102022","1968-09","52.2667","6.9","35.0","TWENTHE 1, NL","18",",E","11",",E","1",",E","0",",","19680930","+,,E","19680915",",,E","0",",,E,30,+","26.9",",,E,15,","119.5",",,,E"
"NLE00102022","1968-10","52.2667","6.9","35.0","TWENTHE 1, NL","14",",E","9",",E","0",",E","0",",","19681031","+,,E","19681017","+,,E","0",",,E,31,+","12.9",",,E,17,+","76.6",",,,E"
"NLE00102022","1968-11","52.2667","6.9","35.0","TWENTHE 1, NL","11",",E","4",",E","0",",E","0",",","19681130","+,,E","19681103",",,E","0",",,E,30,+","20.3",",,E,03,","48.1",",,,E"
"NLE00102022","1968-12","52.2667","6.9","35.0","TWENTHE 1, NL","10",",E","4",",E","0",",E","3",",","19681231","+,,E","19681222",",,E","40",",,E,31,+","10.6",",,E,22,","28.6",",,,E"
"NLE00102022","1969-01","52.2667","6.9","35.0","TWENTHE 1, NL","15",",E","5",",E","0",",E","1",",","19690101",",,E","19690101",",,E","80",",,E,01,","12.9",",,E,01,","45.4",",,,E"
"NLE00102022","1969-02","52.2667","6.9","35.0","TWENTHE 1, NL","18",",E","7",",E","0",",E","13",",","19690220","+,,E","19690208",",,E","230",",,E,20,+","5.2",",,E,08,","36.6",",,,E"
"NLE00102022","1969-03","52.2667","6.9","35.0","TWENTHE 1, NL","13",",E","7",",E","0",",E","0",",","19690331","+,,E","19690331",",,E","0",",,E,31,+","19.9",",,E,31,","62.4",",,,E"
"NLE00102022","1969-04","52.2667","6.9","35.0","TWENTHE 1, NL","14",",E","9",",E","0",",E","0",",","19690430","+,,E","19690411",",,E","0",",,E,30,+","15.3",",,E,11,","71.0",",,,E"
"NLE00102022","1969-05","52.2667","6.9","35.0","TWENTHE 1, NL","15",",E","10",",E","0",",E","0",",","19690531","+,,E","19690519",",,E","0",",,E,31,+","23.4",",,E,19,","81.0",",,,E"
"NLE00102022","1969-06","52.2667","6.9","35.0","TWENTHE 1, NL","12",",E","6",",E","0",",E","0",",","19690630","+,,E","19690602",",,E","0",",,E,30,+","11.0",",,E,02,","42.4",",,,E"
"NLE00102022","1969-07","52.2667","6.9","35.0","TWENTHE 1, NL","8",",E","5",",E","0",",E","0",",","19690731","+,,E","19690706",",,E","0",",,E,31,+","11.2",",,E,06,","36.6",",,,E"
"NLE00102022","1969-08","52.2667","6.9","35.0","TWENTHE 1, NL","17",",E","13",",E","0",",E","0",",","19690831","+,,E","19690828",",,E","0",",,E,31,+","23.2",",,E,28,","117.0",",,,E"
"NLE00102022","1969-09","52.2667","6.9","35.0","TWENTHE 1, NL","7",",E","1",",E","0",",E","0",",","19690930","+,,E","19690926",",,E","0",",,E,30,+","2.6",",,E,26,","8.6",",,,E"
"NLE00102022","1969-10","52.2667","6.9","35.0","TWENTHE 1, NL","9",",E","5",",E","0",",E","0",",","19691031","+,,E","19691002",",,E","0",",,E,31,+","7.7",",,E,02,","28.2",",,,E"
"NLE00102022","1969-11","52.2667","6.9","35.0","TWENTHE 1, NL","20",",E","12",",E","0",",E","1",",","19691129",",,E","19691111",",,E","40",",,E,29,","21.2",",,E,11,","110.8",",,,E"
"NLE00102022","1969-12","52.2667","6.9","35.0","TWENTHE 1, NL","12",",E","4",",E","0",",E","1",",","19691215",",,E","19691202",",,E","40",",,E,15,","5.8",",,E,02,","28.4",",,,E"
"NLE00102022","1970-01","52.2667","6.9","35.0","TWENTHE 1, NL","10",",E","4",",E","0",",E","8",",","19700110","+,,E","19700125",",,E","80",",,E,10,+","6.1",",,E,25,","29.9",",,,E"
"NLE00102022","1970-02","52.2667","6.9","35.0","TWENTHE 1, NL","20",",E","10",",E","0",",E","6",",","19700219","+,,E","19700221",",,E","150",",,E,19,+","17.5",",,E,21,","94.9",",,,E"
"NLE00102022","1970-03","52.2667","6.9","35.0","TWENTHE 1, NL","22",",E","10",",E","0",",E","4",",","19700311","+,,E","19700330",",,E","80",",,E,11,+","18.9",",,E,30,","77.6",",,,E"
"NLE00102022","1970-04","52.2667","6.9","35.0","TWENTHE 1, NL","26",",E","15",",E","0",",E","0",",","19700407",",,E","19700406",",,E","20",",,E,07,","17.6",",,E,06,","93.7",",,,E"
"NLE00102022","1970-05","52.2667","6.9","35.0","TWENTHE 1, NL","11",",E","6",",E","0",",E","0",",","19700531","+,,E","19700516",",,E","0",",,E,31,+","11.1",",,E,16,","40.5",",,,E"
"NLE00102022","1970-06","52.2667","6.9","35.0","TWENTHE 1, NL","6",",E","3",",E","0",",E","0",",","19700630","+,,E","19700630",",,E","0",",,E,30,+","10.2",",,E,30,","30.5",",,,E"
"NLE00102022","1970-07","52.2667","6.9","35.0","TWENTHE 1, NL","19",",E","10",",E","1",",E","0",",","19700731","+,,E","19700714",",,E","0",",,E,31,+","35.3",",,E,14,","131.5",",,,E"
"NLE00102022","1970-08","52.2667","6.9","35.0","TWENTHE 1, NL","6",",E","2",",E","0",",E","0",",","19700831","+,,E","19700808",",,E","0",",,E,31,+","12.0",",,E,08,","25.1",",,,E"
"NLE00102022","1970-09","52.2667","6.9","35.0","TWENTHE 1, NL","13",",E","6",",E","0",",E","0",",","19700930","+,,E","19700916",",,E","0",",,E,30,+","21.8",",,E,16,","86.0",",,,E"
"NLE00102022","1970-10","52.2667","6.9","35.0","TWENTHE 1, NL","19",",E","12",",E","0",",E","0",",","19701031","+,,E","19701003",",,E","0",",,E,31,+","14.4",",,E,03,","94.2",",,,E"
"NLE00102022","1970-11","52.2667","6.9","35.0","TWENTHE 1, NL","17",",E","10",",E","0",",E","0",",","19701130","+,,E","19701102",",,E","0",",,E,30,+","18.9",",,E,02,","86.6",",,,E"
"NLE00102022","1970-12","52.2667","6.9","35.0","TWENTHE 1, NL","15",",E","6",",E","0",",E","3",",","19701231","+,,E","19701202",",,E","40",",,E,31,+","10.7",",,E,02,","42.5",",,,E"
"NLE00102022","1971-01","52.2667","6.9","35.0","TWENTHE 1, NL","18",",E","8",",E","0",",E","7",",","19710107","+,,E","19710126",",,E","80",",,E,07,+","7.1",",,E,26,","52.4",",,,E"
"NLE00102022","1971-02","52.2667","6.9","35.0","TWENTHE 1, NL","16",",E","7",",E","0",",E","0",",","19710228","+,,E","19710221",",,E","0",",,E,28,+","5.0",",,E,21,","38.7",",,,E"
"NLE00102022","1971-03","52.2667","6.9","35.0","TWENTHE 1, NL","17",",E","5",",E","0",",E","3",",","19710306",",,E","19710324",",,E","80",",,E,06,","6.3",",,E,24,","38.0",",,,E"
"NLE00102022","1971-04","52.2667","6.9","35.0","TWENTHE 1, NL","8",",E","2",",E","0",",E","0",",","19710430","+,,E","19710424",",,E","0",",,E,30,+","17.6",",,E,24,","28.3",",,,E"
"NLE00102022","1971-05","52.2667","6.9","35.0","TWENTHE 1, NL","7",",E","4",",E","0",",E","0",",","19710531","+,,E","19710517",",,E","0",",,E,31,+","10.9",",,E,17,","38.3",",,,E"
"NLE00102022","1971-06","52.2667","6.9","35.0","TWENTHE 1, NL","16",",E","12",",E","0",",E","0",",","19710630","+,,E","19710628",",,E","0",",,E,30,+","15.3",",,E,28,","95.9",",,,E"
"NLE00102022","1971-07","52.2667","6.9","35.0","TWENTHE 1, NL","9",",E","3",",E","0",",E","0",",","19710731","+,,E","19710727",",,E","0",",,E,31,+","13.2",",,E,27,","30.7",",,,E"
"NLE00102022","1971-08","52.2667","6.9","35.0","TWENTHE 1, NL","17",",E","7",",E","0",",E","0",",","19710831","+,,E","19710827",",,E","0",",,E,31,+","14.8",",,E,27,","56.8",",,,E"
"NLE00102022","1971-09","52.2667","6.9","35.0","TWENTHE 1, NL","6",",E","3",",E","0",",E","0",",","19710930","+,,E","19710927",",,E","0",",,E,30,+","13.7",",,E,27,","30.4",",,,E"
"NLE00102022","1971-10","52.2667","6.9","35.0","TWENTHE 1, NL","6",",E","4",",E","0",",E","0",",","19711031","+,,E","19711013",",,E","0",",,E,31,+","4.6",",,E,13,","16.8",",,,E"
"NLE00102022","1971-11","52.2667","6.9","35.0","TWENTHE 1, NL","18",",E","9",",E","0",",E","0",",","19711130","+,,E","19711121",",,E","0",",,E,30,+","10.9",",,E,21,","62.8",",,,E"
"NLE00102022","1971-12","52.2667","6.9","35.0","TWENTHE 1, NL","13",",E","7",",E","0",",E","0",",","19711231","+,,E","19711222",",,E","0",",,E,31,+","7.1",",,E,22,","39.2",",,,E"
"NLE00102022","1972-01","52.2667","6.9","35.0","TWENTHE 1, NL","10",",E","5",",E","0",",E","0",",","19720129","+,,E","19720120",",,E","20",",,E,29,+","6.6",",,E,20,","25.7",",,,E"
"NLE00102022","1972-02","52.2667","6.9","35.0","TWENTHE 1, NL","8",",E","2",",E","0",",E","0",",","19720201",",,E","19720211",",,E","10",",,E,01,","5.4",",,E,11,","17.0",",,,E"
"NLE00102022","1972-03","52.2667","6.9","35.0","TWENTHE 1, NL","9",",E","6",",E","0",",E","0",",","19720311",",,E","19720331",",,E","20",",,E,11,","10.8",",,E,31,","40.2",",,,E"
"NLE00102022","1972-04","52.2667","6.9","35.0","TWENTHE 1, NL","16",",E","10",",E","0",",E","0",",","19720430","+,,E","19720415",",,E","0",",,E,30,+","13.6",",,E,15,","75.2",",,,E"
"NLE00102022","1972-05","52.2667","6.9","35.0","TWENTHE 1, NL","19",",E","10",",E","0",",E","0",",","19720531","+,,E","19720512",",,E","0",",,E,31,+","17.8",",,E,12,","87.3",",,,E"
"NLE00102022","1972-06","52.2667","6.9","35.0","TWENTHE 1, NL","15",",E","11",",E","0",",E","0",",","19720630","+,,E","19720630",",,E","0",",,E,30,+","24.4",",,E,30,","99.9",",,,E"
"NLE00102022","1972-07","52.2667","6.9","35.0","TWENTHE 1, NL","13",",E","9",",E","0",",E","0",",","19720731","+,,E","19720727",",,E","0",",,E,31,+","23.2",",,E,27,","104.8",",,,E"
"NLE00102022","1972-08","52.2667","6.9","35.0","TWENTHE 1, NL","13",",E","9",",E","1",",E","0",",","19720831","+,,E","19720802",",,E","0",",,E,31,+","32.9",",,E,02,","104.4",",,,E"
"NLE00102022","1972-09","52.2667","6.9","35.0","TWENTHE 1, NL","14",",E","6",",E","0",",E","0",",","19720930","+,,E","19720918",",,E","0",",,E,30,+","13.2",",,E,18,","67.9",",,,E"
"NLE00102022","1972-10","52.2667","6.9","35.0","TWENTHE 1, NL","7",",E","1",",E","0",",E","0",",","19721031","+,,E","19721022",",,E","0",",,E,31,+","4.5",",,E,22,","9.1",",,,E"
"NLE00102022","1972-11","52.2667","6.9","35.0","TWENTHE 1, NL","19",",E","10",",E","0",",E","0",",","19721130","+,,E","19721120",",,E","0",",,E,30,+","16.5",",,E,20,","90.2",",,,E"
"NLE00102022","1972-12","52.2667","6.9","35.0","TWENTHE 1, NL","8",",E","4",",E","0",",E","0",",","19721231","+,,E","19721206",",,E","0",",,E,31,+","6.6",",,E,06,","24.6",",,,E"
"NLE00102022","1973-01","52.2667","6.9","35.0","TWENTHE 1, NL","16",",E","3",",E","0",",E","0",",","19730131","+,,E","19730126",",,E","0",",,E,31,+","8.7",",,E,26,","30.7",",,,E"
"NLE00102022","1973-02","52.2667","6.9","35.0","TWENTHE 1, NL","19",",E","9",",E","0",",E","0",",","19730226","+,,E","19730212",",,E","10",",,E,26,+","17.2",",,E,12,","76.6",",,,E"
"NLE00102022","1973-03","52.2667","6.9","35.0","TWENTHE 1, NL","12",",E","4",",E","0",",E","0",",","19730331","+,,E","19730327",",,E","0",",,E,31,+","11.3",",,E,27,","35.0",",,,E"
"NLE00102022","1973-04","52.2667","6.9","35.0","TWENTHE 1, NL","24",",E","11",",E","0",",E","0",",","19730430","+,,E","19730402",",,E","0",",,E,30,+","23.1",",,E,02,","90.6",",,,E"
"NLE00102022","1973-05","52.2667","6.9","35.0","TWENTHE 1, NL","18",",E","12",",E","0",",E","0",",","19730531","+,,E","19730501",",,E","0",",,E,31,+","18.0",",,E,01,","66.7",",,,E"
"NLE00102022","1973-06","52.2667","6.9","35.0","TWENTHE 1, NL","4",",E","2",",E","0",",E","0",",","19730630","+,,E","19730601",",,E","0",",,E,30,+","15.8",",,E,01,","31.1",",,,E"
"NLE00102022","1973-07","52.2667","6.9","35.0","TWENTHE 1, NL","15",",E","9",",E","0",",E","0",",","19730731","+,,E","19730721",",,E","0",",,E,31,+","10.5",",,E,21,","54.6",",,,E"
"NLE00102022","1973-08","52.2667","6.9","35.0","TWENTHE 1, NL","7",",E","5",",E","0",",E","0",",","19730831","+,,E","19730807",",,E","0",",,E,31,+","10.4",",,E,07,","28.1",",,,E"
"NLE00102022","1973-09","52.2667","6.9","35.0","TWENTHE 1, NL","14",",E","9",",E","0",",E","0",",","19730930","+,,E","19730921",",,E","0",",,E,30,+","21.2",",,E,21,","72.6",",,,E"
"NLE00102022","1973-10","52.2667","6.9","35.0","TWENTHE 1, NL","14",",E","9",",E","0",",E","0",",","19731031","+,,E","19731019",",,E","0",",,E,31,+","16.6",",,E,19,","91.7",",,,E"
"NLE00102022","1973-11","52.2667","6.9","35.0","TWENTHE 1, NL","20",",E","12",",E","0",",E","3",",","19731130","+,,E","19731112",",,E","40",",,E,30,+","9.2",",,E,12,","71.2",",,,E"
"NLE00102022","1973-12","52.2667","6.9","35.0","TWENTHE 1, NL","18",",E","10",",E","0",",E","3",",","19731203","+,,E","19731207",",,E","40",",,E,03,+","12.0",",,E,07,","67.0",",,,E"
"NLE00102022","1974-01","52.2667","6.9","35.0","TWENTHE 1, NL","19",",E","7",",E","0",",E","0",",","19740131","+,,E","19740116",",,E","0",",,E,31,+","11.5",",,E,16,","66.2",",,,E"
"NLE00102022","1974-02","52.2667","6.9","35.0","TWENTHE 1, NL","11",",E","6",",E","0",",E","0",",","19740228","+,,E","19740208",",,E","0",",,E,28,+","8.8",",,E,08,","44.4",",,,E"
"NLE00102022","1974-03","52.2667","6.9","35.0","TWENTHE 1, NL","10",",E","8",",E","0",",E","0",",","19740331","+,,E","19740315",",,E","0",",,E,31,+","6.7",",,E,15,","36.8",",,,E"
"NLE00102022","1974-04","52.2667","6.9","35.0","TWENTHE 1, NL","3",",E","2",",E","0",",E","0",",","19740430","+,,E","19740430",",,E","0",",,E,30,+","4.4",",,E,30,","10.5",",,,E"
"NLE00102022","1974-05","52.2667","6.9","35.0","TWENTHE 1, NL","13",",E","6",",E","0",",E","0",",","19740531","+,,E","19740513",",,E","0",",,E,31,+","18.0",",,E,13,","56.3",",,,E"
"NLE00102022","1974-06","52.2667","6.9","35.0","TWENTHE 1, NL","12",",E","7",",E","0",",E","0",",","19740630","+,,E","19740608",",,E","0",",,E,30,+","13.5",",,E,08,","55.1",",,,E"
"NLE00102022","1974-07","52.2667","6.9","35.0","TWENTHE 1, NL","18",",E","11",",E","0",",E","0",",","19740731","+,,E","19740713",",,E","0",",,E,31,+","15.5",",,E,13,","88.5",",,,E"
"NLE00102022","1974-08","52.2667","6.9","35.0","TWENTHE 1, NL","13",",E","8",",E","1",",E","0",",","19740831","+,,E","19740804",",,E","0",",,E,31,+","29.6",",,E,04,","83.1",",,,E"
"NLE00102022","1974-09","52.2667","6.9","35.0","TWENTHE 1, NL","18",",E","10",",E","0",",E","0",",","19740930","+,,E","19740904",",,E","0",",,E,30,+","12.0",",,E,04,","84.2",",,,E"
"NLE00102022","1974-10","52.2667","6.9","35.0","TWENTHE 1, NL","21",",E","12",",E","0",",E","0",",","19741031","+,,E","19741022",",,E","0",",,E,31,+","22.5",",,E,22,","100.6",",,,E"
"NLE00102022","1974-11","52.2667","6.9","35.0","TWENTHE 1, NL","20",",E","13",",E","0",",E","0",",","19741130","+,,E","19741115",",,E","0",",,E,30,+","15.2",",,E,15,","79.7",",,,E"
"NLE00102022","1974-12","52.2667","6.9","35.0","TWENTHE 1, NL","27",",E","17",",E","0",",E","0",",","19741231","+,,E","19741225",",,E","0",",,E,31,+","20.0",",,E,25,","131.3",",,,E"
"NLE00102022","1975-01","52.2667","6.9","35.0","TWENTHE 1, NL","20",",E","11",",E","0",",E","0",",","19750131","+,,E","19750106",",,E","0",",,E,31,+","19.5",",,E,06,","87.4",",,,E"
"NLE00102022","1975-02","52.2667","6.9","35.0","TWENTHE 1, NL","6",",E","3",",E","0",",E","0",",","19750228","+,,E","19750213",",,E","0",",,E,28,+","6.9",",,E,13,","16.4",",,,E"
"NLE00102022","1975-03","52.2667","6.9","35.0","TWENTHE 1, NL","18",",E","8",",E","0",",E","1",",","19750328",",,E","19750327",",,E","80",",,E,28,","16.5",",,E,27,","81.5",",,,E"
"NLE00102022","1975-04","52.2667","6.9","35.0","TWENTHE 1, NL","17",",E","12",",E","0",",E","1",",","19750404",",,E","19750414",",,E","40",",,E,04,","7.1",",,E,14,","60.9",",,,E"
"NLE00102022","1975-05","52.2667","6.9","35.0","TWENTHE 1, NL","12",",E","7",",E","0",",E","0",",","19750531","+,,E","19750508",",,E","0",",,E,31,+","8.6",",,E,08,","47.5",",,,E"
"NLE00102022","1975-06","52.2667","6.9","35.0","TWENTHE 1, NL","10",",E","8",",E","0",",E","0",",","19750630","+,,E","19750622",",,E","0",",,E,30,+","11.4",",,E,22,","44.3",",,,E"
"NLE00102022","1975-07","52.2667","6.9","35.0","TWENTHE 1, NL","14",",E","9",",E","0",",E","0",",","19750731","+,,E","19750717",",,E","0",",,E,31,+","10.0",",,E,17,","58.4",",,,E"
"NLE00102022","1975-08","52.2667","6.9","35.0","TWENTHE 1, NL","6",",E","2",",E","0",",E","0",",","19750831","+,,E","19750816",",,E","0",",,E,31,+","7.6",",,E,16,","12.9",",,,E"
"NLE00102022","1975-09","52.2667","6.9","35.0","TWENTHE 1, NL","14",",E","7",",E","1",",E","0",",","19750930","+,,E","19750903",",,E","0",",,E,30,+","27.0",",,E,03,","74.6",",,,E"
"NLE00102022","1975-10","52.2667","6.9","35.0","TWENTHE 1, NL","8",",E","1",",E","0",",E","0",",","19751031","+,,E","19751004",",,E","0",",,E,31,+","4.6",",,E,04,","12.3",",,,E"
"NLE00102022","1975-11","52.2667","6.9","35.0","TWENTHE 1, NL","13",",E","7",",E","0",",E","0",",","19751130","+,,E","19751128",",,E","0",",,E,30,+","12.0",",,E,28,","68.3",",,,E"
"NLE00102022","1975-12","52.2667","6.9","35.0","TWENTHE 1, NL","10",",E","5",",E","0",",E","0",",","19751231","+,,E","19751231",",,E","0",",,E,31,+","9.3",",,E,31,","31.3",",,,E"
"NLE00102022","1976-01","52.2667","6.9","35.0","TWENTHE 1, NL","19",",E","12",",E","0",",E","5",",","19760129","+,,E","19760105","+,,E","150",",,E,29,+","14.7",",,E,05,+","99.7",",,,E"
"NLE00102022","1976-02","52.2667","6.9","35.0","TWENTHE 1, NL","7",",E","3",",E","0",",E","8",",","19760204","+,,E","19760212",",,E","80",",,E,04,+","9.0",",,E,12,","24.8",",,,E"
"NLE00102022","1976-03","52.2667","6.9","35.0","TWENTHE 1, NL","9",",E","3",",E","0",",E","1",",","19760309",",,E","19760326",",,E","40",",,E,09,","6.6",",,E,26,","22.5",",,,E"
"NLE00102022","1976-04","52.2667","6.9","35.0","TWENTHE 1, NL","6",",E","1",",E","0",",E","0",",","19760430","+,,E","19760402",",,E","0",",,E,30,+","4.2",",,E,02,","8.7",",,,E"
"NLE00102022","1976-05","52.2667","6.9","35.0","TWENTHE 1, NL","13",",E","11",",E","0",",E","0",",","19760531","+,,E","19760526",",,E","0",",,E,31,+","17.4",",,E,26,","57.5",",,,E"
"NLE00102022","1976-06","52.2667","6.9","35.0","TWENTHE 1, NL","5",",E","3",",E","0",",E","0",",","19760630","+,,E","19760619",",,E","0",",,E,30,+","16.2",",,E,19,","41.6",",,,E"
"NLE00102022","1976-07","52.2667","6.9","35.0","TWENTHE 1, NL","9",",E","3",",E","0",",E","0",",","19760731","+,,E","19760721",",,E","0",",,E,31,+","6.7",",,E,21,","21.9",",,,E"
"NLE00102022","1976-08","52.2667","6.9","35.0","TWENTHE 1, NL","9",",E","5",",E","0",",E","0",",","19760831","+,,E","19760803",",,E","0",",,E,31,+","6.3",",,E,03,","26.7",",,,E"
"NLE00102022","1976-09","52.2667","6.9","35.0","TWENTHE 1, NL","11",",E","5",",E","0",",E","0",",","19760930","+,,E","19760901",",,E","0",",,E,30,+","15.4",",,E,01,","43.2",",,,E"
"NLE00102022","1976-10","52.2667","6.9","35.0","TWENTHE 1, NL","11",",E","8",",E","0",",E","0",",","19761031","+,,E","19761012",",,E","0",",,E,31,+","9.9",",,E,12,","39.5",",,,E"
"NLE00102022","1976-11","52.2667","6.9","35.0","TWENTHE 1, NL","19",",E","8",",E","0",",E","0",",","19761130","+,,E","19761130",",,E","0",",,E,30,+","17.5",",,E,30,","62.7",",,,E"
"NLE00102022","1976-12","52.2667","6.9","35.0","TWENTHE 1, NL","15",",E","7",",E","0",",E","8",",","19761215","+,,E","19761206",",,E","80",",,E,15,+","7.8",",,E,06,","44.0",",,,E"
"NLE00102022","1977-01","52.2667","6.9","35.0","TWENTHE 1, NL","19",",E","12",",E","0",",E","1",",","19770114",",,E","19770127",",,E","80",",,E,14,","9.7",",,E,27,","64.0",",,,E"
"NLE00102022","1977-02","52.2667","6.9","35.0","TWENTHE 1, NL","18",",E","14",",E","0",",E","0",",","19770228","+,,E","19770204",",,E","0",",,E,28,+","7.4",",,E,04,","59.2",",,,E"
"NLE00102022","1977-03","52.2667","6.9","35.0","TWENTHE 1, NL","16",",E","3",",E","0",",E","0",",","19770331","+,,E","19770327",",,E","0",",,E,31,+","9.3",",,E,27,","33.9",",,,E"
"NLE00102022","1977-04","52.2667","6.9","35.0","TWENTHE 1, NL","20",",E","8",",E","0",",E","0",",","19770430","+,,E","19770403",",,E","0",",,E,30,+","11.5",",,E,03,","61.3",",,,E"
"NLE00102022","1977-05","52.2667","6.9","35.0","TWENTHE 1, NL","11",",E","6",",E","0",",E","0",",","19770531","+,,E","19770511",",,E","0",",,E,31,+","12.4",",,E,11,","45.1",",,,E"
"NLE00102022","1977-06","52.2667","6.9","35.0","TWENTHE 1, NL","16",",E","9",",E","1",",E","0",",","19770630","+,,E","19770614",",,E","0",",,E,30,+","28.2",",,E,14,","85.5",",,,E"
"NLE00102022","1977-07","52.2667","6.9","35.0","TWENTHE 1, NL","10",",E","5",",E","0",",E","0",",","19770731","+,,E","19770726",",,E","0",",,E,31,+","14.8",",,E,26,","44.2",",,,E"
"NLE00102022","1977-08","52.2667","6.9","35.0","TWENTHE 1, NL","15",",E","11",",E","0",",E","0",",","19770831","+,,E","19770812",",,E","0",",,E,31,+","17.4",",,E,12,","102.4",",,,E"
"NLE00102022","1977-09","52.2667","6.9","35.0","TWENTHE 1, NL","6",",E","1",",E","0",",E","0",",","19770930","+,,E","19770930",",,E","0",",,E,30,+","19.4",",,E,30,","23.9",",,,E"
"NLE00102022","1977-10","52.2667","6.9","35.0","TWENTHE 1, NL","9",",E","3",",E","0",",E","0",",","19771031","+,,E","19771002",",,E","0",",,E,31,+","8.6",",,E,02,","24.0",",,,E"
"NLE00102022","1977-11","52.2667","6.9","35.0","TWENTHE 1, NL","20",",E","11",",E","0",",E","0",",","19771130","+,,E","19771102",",,E","0",",,E,30,+","21.4",",,E,02,","132.3",",,,E"
"NLE00102022","1977-12","52.2667","6.9","35.0","TWENTHE 1, NL","17",",E","6",",E","0",",E","0",",","19771231","+,,E","19771211",",,E","0",",,E,31,+","9.4",",,E,11,","41.6",",,,E"
"NLE00102022","1978-01","52.2667","6.9","35.0","TWENTHE 1, NL","11",",E","7",",E","0",",E","1",",","19780105",",,E","19780111",",,E","40",",,E,05,","10.8",",,E,11,","51.0",",,,E"
"NLE00102022","1978-02","52.2667","6.9","35.0","TWENTHE 1, NL","12",",E","2",",E","0",",E","11",",","19780215",",,E","19780214",",,E","150",",,E,15,","4.7",",,E,14,","19.1",",,,E"
"NLE00102022","1978-03","52.2667","6.9","35.0","TWENTHE 1, NL","24",",E","11",",E","0",",E","0",",","19780331","+,,E","19780319",",,E","0",",,E,31,+","11.1",",,E,19,","87.8",",,,E"
"NLE00102022","1978-04","52.2667","6.9","35.0","TWENTHE 1, NL","9",",E","3",",E","0",",E","0",",","19780430","+,,E","19780421",",,E","0",",,E,30,+","7.3",",,E,21,","23.1",",,,E"
"NLE00102022","1978-05","52.2667","6.9","35.0","TWENTHE 1, NL","11",",E","3",",E","0",",E","0",",","19780531","+,,E","19780506",",,E","0",",,E,31,+","16.2",",,E,06,","40.1",",,,E"
"NLE00102022","1978-06","52.2667","6.9","35.0","TWENTHE 1, NL","15",",E","10",",E","0",",E","0",",","19780630","+,,E","19780602",",,E","0",",,E,30,+","25.3",",,E,02,","90.7",",,,E"
"NLE00102022","1978-07","52.2667","6.9","35.0","TWENTHE 1, NL","13",",E","6",",E","0",",E","0",",","19780731","+,,E","19780702",",,E","0",",,E,31,+","14.0",",,E,02,","57.8",",,,E"
"NLE00102022","1978-08","52.2667","6.9","35.0","TWENTHE 1, NL","15",",E","10",",E","0",",E","0",",","19780831","+,,E","19780815",",,E","0",",,E,31,+","13.0",",,E,15,","58.8",",,,E"
"NLE00102022","1978-09","52.2667","6.9","35.0","TWENTHE 1, NL","17",",E","8",",E","0",",E","0",",","19780930","+,,E","19780927",",,E","0",",,E,30,+","17.7",",,E,27,","81.2",",,,E"
"NLE00102022","1978-10","52.2667","6.9","35.0","TWENTHE 1, NL","8",",E","1",",E","0",",E","0",",","19781031","+,,E","19781016",",,E","0",",,E,31,+","7.0",",,E,16,","13.3",",,,E"
"NLE00102022","1978-11","52.2667","6.9","35.0","TWENTHE 1, NL","12",",E","1",",E","0",",E","1",",","19781128",",,E","19781127",",,E","40",",,E,28,","2.7",",,E,27,","17.0",",,,E"
"NLE00102022","1978-12","52.2667","6.9","35.0","TWENTHE 1, NL","18",",E","10",",E","0",",E","0",",","19781201",",,E","19781215",",,E","10",",,E,01,","17.5",",,E,15,","91.9",",,,E"
"NLE00102022","1979-01","52.2667","6.9","35.0","TWENTHE 1, NL","15",",E","5",",E","0",",E","31",",","19790127","+,,E","19790108",",,E","150",",,E,27,+","6.2",",,E,08,","28.9",",,,E"
"NLE00102022","1979-02","52.2667","6.9","35.0","TWENTHE 1, NL","12",",E","5",",E","0",",E","11",",","19790223","+,,E","19790201",",,E","150",",,E,23,+","13.5",",,E,01,","42.0",",,,E"
"NLE00102022","1979-03","52.2667","6.9","35.0","TWENTHE 1, NL","24",",E","13",",E","0",",E","0",",","19790331","+,,E","19790315",",,E","0",",,E,31,+","12.4",",,E,15,","82.5",",,,E"
"NLE00102022","1979-04","52.2667","6.9","35.0","TWENTHE 1, NL","15",",E","10",",E","0",",E","0",",","19790430","+,,E","19790420",",,E","0",",,E,30,+","11.7",",,E,20,","71.5",",,,E"
"NLE00102022","1979-05","52.2667","6.9","35.0","TWENTHE 1, NL","18",",E","11",",E","0",",E","0",",","19790531","+,,E","19790501",",,E","0",",,E,31,+","13.6",",,E,01,","71.2",",,,E"
"NLE00102022","1979-06","52.2667","6.9","35.0","TWENTHE 1, NL","14",",E","6",",E","0",",E","0",",","19790630","+,,E","19790603",",,E","0",",,E,30,+","16.8",",,E,03,","67.7",",,,E"
"NLE00102022","1979-07","52.2667","6.9","35.0","TWENTHE 1, NL","12",",E","6",",E","0",",E","0",",","19790731","+,,E","19790707",",,E","0",",,E,31,+","10.1",",,E,07,","44.2",",,,E"
"NLE00102022","1979-08","52.2667","6.9","35.0","TWENTHE 1, NL","14",",E","5",",E","0",",E","0",",","19790831","+,,E","19790809",",,E","0",",,E,31,+","18.7",",,E,09,","64.6",",,,E"
"NLE00102022","1979-09","52.2667","6.9","35.0","TWENTHE 1, NL","8",",E","3",",E","0",",E","0",",","19790930","+,,E","19790903",",,E","0",",,E,30,+","15.3",",,E,03,","31.0",",,,E"
"NLE00102022","1979-10","52.2667","6.9","35.0","TWENTHE 1, NL","10",",E","4",",E","0",",E","0",",","19791031","+,,E","19791011",",,E","0",",,E,31,+","14.4",",,E,11,","31.8",",,,E"
"NLE00102022","1979-11","52.2667","6.9","35.0","TWENTHE 1, NL","15",",E","8",",E","0",",E","0",",","19791130","+,,E","19791104",",,E","0",",,E,30,+","14.9",",,E,04,","52.9",",,,E"
"NLE00102022","1979-12","52.2667","6.9","35.0","TWENTHE 1, NL","20",",E","15",",E","0",",E","0",",","19791222","+,,E","19791207",",,E","10",",,E,22,+","10.7",",,E,07,","97.2",",,,E"
"NLE00102022","1980-01","52.2667","6.9","35.0","TWENTHE 1, NL","15",",E","7",",E","0",",E","2",",","19800129",",,E","19800131",",,E","80",",,E,29,","13.8",",,E,31,","47.7",",,,E"
"NLE00102022","1980-02","52.2667","6.9","35.0","TWENTHE 1, NL","10",",E","4",",E","0",",E","0",",","19800229","+,,E","19800205",",,E","0",",,E,29,+","9.4",",,E,05,","39.1",",,,E"
"NLE00102022","1980-03","52.2667","6.9","35.0","TWENTHE 1, NL","15",",E","5",",E","0",",E","0",",","19800331","+,,E","19800328",",,E","0",",,E,31,+","12.3",",,E,28,","50.4",",,,E"
"NLE00102022","1980-04","52.2667","6.9","35.0","TWENTHE 1, NL","15",",E","7",",E","0",",E","0",",","19800430","+,,E","19800401",",,E","0",",,E,30,+","23.9",",,E,01,","57.4",",,,E"
"NLE00102022","1980-05","52.2667","6.9","35.0","TWENTHE 1, NL","4",",E","1",",E","0",",E","0",",","19800531","+,,E","19800529",",,E","0",",,E,31,+","10.9",",,E,29,","13.1",",,,E"
"NLE00102022","1980-06","52.2667","6.9","35.0","TWENTHE 1, NL","20",",E","10",",E","0",",E","0",",","19800630","+,,E","19800630",",,E","0",",,E,30,+","14.6",",,E,30,","91.3",",,,E"
"NLE00102022","1980-07","52.2667","6.9","35.0","TWENTHE 1, NL","19",",E","12",",E","1",",E","0",",","19800731","+,,E","19800720",",,E","0",",,E,31,+","56.1",",,E,20,","161.9",",,,E"
"NLE00102022","1980-08","52.2667","6.9","35.0","TWENTHE 1, NL","17",",E","7",",E","0",",E","0",",","19800831","+,,E","19800830",",,E","0",",,E,31,+","9.5",",,E,30,","48.4",",,,E"
"NLE00102022","1980-09","52.2667","6.9","35.0","TWENTHE 1, NL","12",",E","5",",E","0",",E","0",",","19800930","+,,E","19800908",",,E","0",",,E,30,+","12.6",",,E,08,","40.1",",,,E"
"NLE00102022","1980-10","52.2667","6.9","35.0","TWENTHE 1, NL","13",",E","7",",E","0",",E","0",",","19801031","+,,E","19801006",",,E","0",",,E,31,+","15.9",",,E,06,","48.7",",,,E"
"NLE00102022","1980-11","52.2667","6.9","35.0","TWENTHE 1, NL","16",",E","10",",E","0",",E","2",",","19801108","+,,E","19801115",",,E","150",",,E,08,+","16.5",",,E,15,","79.2",",,,E"
"NLE00102022","1980-12","52.2667","6.9","35.0","TWENTHE 1, NL","16",",E","8",",E","0",",E","4",",","19801208","+,,E","19801217",",,E","40",",,E,08,+","8.1",",,E,17,","49.3",",,,E"
"NLE00102022","1981-01","52.2667","6.9","35.0","TWENTHE 1, NL","17",",E","10",",E","0",",E","6",",","19810117","+,,E","19810102",",,E","80",",,E,17,+","20.9",",,E,02,","84.8",",,,E"
"NLE00102022","1981-02","52.2667","6.9","35.0","TWENTHE 1, NL","11",",E","5",",E","0",",E","7",",","19810226","+,,E","19810202",",,E","40",",,E,26,+","8.6",",,E,02,","29.4",",,,E"
"NLE00102022","1981-03","52.2667","6.9","35.0","TWENTHE 1, NL","18",",E","12",",E","0",",E","0",",","19810301",",,E","19810311",",,E","20",",,E,01,","24.3",",,E,11,","131.6",",,,E"
"NLE00102022","1981-04","52.2667","6.9","35.0","TWENTHE 1, NL","8",",E","2",",E","0",",E","0",",","19810430","+,,E","19810429",",,E","0",",,E,30,+","2.6",",,E,29,","11.5",",,,E"
"NLE00102022","1981-05","52.2667","6.9","35.0","TWENTHE 1, NL","18",",E","8",",E","0",",E","0",",","19810531","+,,E","19810531",",,E","0",",,E,31,+","18.6",",,E,31,","66.4",",,,E"
"NLE00102022","1981-06","52.2667","6.9","35.0","TWENTHE 1, NL","17",",E","6",",E","2",",E","0",",","19810630","+,,E","19810628",",,E","0",",,E,30,+","43.3",",,E,28,","112.0",",,,E"
"NLE00102022","1981-07","52.2667","6.9","35.0","TWENTHE 1, NL","14",",E","9",",E","1",",E","0",",","19810731","+,,E","19810710",",,E","0",",,E,31,+","32.2",",,E,10,","80.4",",,,E"
"NLE00102022","1981-08","52.2667","6.9","35.0","TWENTHE 1, NL","9",",E","4",",E","0",",E","0",",","19810831","+,,E","19810820",",,E","0",",,E,31,+","10.8",",,E,20,","28.2",",,,E"
"NLE00102022","1981-09","52.2667","6.9","35.0","TWENTHE 1, NL","9",",E","4",",E","0",",E","0",",","19810930","+,,E","19810920",",,E","0",",,E,30,+","8.5",",,E,20,","32.6",",,,E"
"NLE00102022","1981-10","52.2667","6.9","35.0","TWENTHE 1, NL","20",",E","12",",E","0",",E","0",",","19811031","+,,E","19811017",",,E","0",",,E,31,+","9.6",",,E,17,","86.5",",,,E"
"NLE00102022","1981-11","52.2667","6.9","35.0","TWENTHE 1, NL","22",",E","12",",E","0",",E","0",",","19811130","+,,E","19811130",",,E","0",",,E,30,+","14.0",",,E,30,","93.7",",,,E"
"NLE00102022","1981-12","52.2667","6.9","35.0","TWENTHE 1, NL","16",",E","9",",E","0",",E","18",",","19811223","+,,E","19811204",",,E","150",",,E,23,+","8.8",",,E,04,","50.1",",,,E"
"NLE00102022","1982-01","52.2667","6.9","35.0","TWENTHE 1, NL","13",",E","8",",E","0",",E","0",",","19820131","+,,E","19820130",",,E","0",",,E,31,+","11.2",",,E,30,","54.5",",,,E"
"NLE00102022","1982-02","52.2667","6.9","35.0","TWENTHE 1, NL","7",",E","3",",E","0",",E","0",",","19820228","+,,E","19820207",",,E","0",",,E,28,+","4.9",",,E,07,","20.5",",,,E"
"NLE00102022","1982-03","52.2667","6.9","35.0","TWENTHE 1, NL","15",",E","8",",E","0",",E","0",",","19820331","+,,E","19820310",",,E","0",",,E,31,+","12.1",",,E,10,","58.4",",,,E"
"NLE00102022","1982-04","52.2667","6.9","35.0","TWENTHE 1, NL","11",",E","6",",E","0",",E","0",",","19820430","+,,E","19820407",",,E","0",",,E,30,+","10.2",",,E,07,","31.7",",,,E"
"NLE00102022","1982-05","52.2667","6.9","35.0","TWENTHE 1, NL","16",",E","6",",E","0",",E","0",",","19820531","+,,E","19820506",",,E","0",",,E,31,+","9.1",",,E,06,","38.8",",,,E"
"NLE00102022","1982-06","52.2667","6.9","35.0","TWENTHE 1, NL","17",",E","11",",E","0",",E","0",",","19820630","+,,E","19820622",",,E","0",",,E,30,+","23.5",",,E,22,","102.3",",,,E"
"NLE00102022","1982-07","52.2667","6.9","35.0","TWENTHE 1, NL","7",",E","1",",E","0",",E","0",",","19820731","+,,E","19820702",",,E","0",",,E,31,+","9.6",",,E,02,","13.9",",,,E"
"NLE00102022","1982-08","52.2667","6.9","35.0","TWENTHE 1, NL","15",",E","6",",E","0",",E","0",",","19820831","+,,E","19820817",",,E","0",",,E,31,+","5.4",",,E,17,","37.4",",,,E"
"NLE00102022","1982-09","52.2667","6.9","35.0","TWENTHE 1, NL","8",",E","4",",E","0",",E","0",",","19820930","+,,E","19820930",",,E","0",",,E,30,+","9.9",",,E,30,","24.0",",,,E"
"NLE00102022","1982-10","52.2667","6.9","35.0","TWENTHE 1, NL","13",",E","10",",E","0",",E","0",",","19821031","+,,E","19821023",",,E","0",",,E,31,+","18.7",",,E,23,","96.0",",,,E"
"NLE00102022","1982-11","52.2667","6.9","35.0","TWENTHE 1, NL","17",",E","11",",E","0",",E","0",",","19821130","+,,E","19821117",",,E","0",",,E,30,+","22.6",",,E,17,","91.6",",,,E"
"NLE00102022","1982-12","52.2667","6.9","35.0","TWENTHE 1, NL","17",",E","10",",E","0",",E","0",",","19821231","+,,E","19821219",",,E","0",",,E,31,+","14.1",",,E,19,","83.3",",,,E"
"NLE00102022","1983-01","52.2667","6.9","35.0","TWENTHE 1, NL","22",",E","16",",E","1",",E","0",",","19830119",",,E","19830103",",,E","20",",,E,19,","29.4",",,E,03,","122.0",",,,E"
"NLE00102022","1983-02","52.2667","6.9","35.0","TWENTHE 1, NL","12",",E","5",",E","0",",E","1",",","19830207",",,E","19830205",",,E","40",",,E,07,","6.6",",,E,05,","33.0",",,,E"
"NLE00102022","1983-03","52.2667","6.9","35.0","TWENTHE 1, NL","17",",E","11",",E","0",",E","0",",","19830331","+,,E","19830323",",,E","0",",,E,31,+","16.8",",,E,23,","83.5",",,,E"
"NLE00102022","1983-04","52.2667","6.9","35.0","TWENTHE 1, NL","20",",E","10",",E","0",",E","0",",","19830430","+,,E","19830411",",,E","0",",,E,30,+","24.1",",,E,11,","85.4",",,,E"
"NLE00102022","1983-05","52.2667","6.9","35.0","TWENTHE 1, NL","24",",E","16",",E","0",",E","0",",","19830531","+,,E","19830526",",,E","0",",,E,31,+","14.9",",,E,26,","108.5",",,,E"
"NLE00102022","1983-06","52.2667","6.9","35.0","TWENTHE 1, NL","12",",E","5",",E","0",",E","0",",","19830630","+,,E","19830608",",,E","0",",,E,30,+","11.4",",,E,08,","43.0",",,,E"
"NLE00102022","1983-07","52.2667","6.9","35.0","TWENTHE 1, NL","2",",E","1",",E","0",",E","0",",","19830731","+,,E","19830723",",,E","0",",,E,31,+","23.2",",,E,23,","24.8",",,,E"
"NLE00102022","1983-08","52.2667","6.9","35.0","TWENTHE 1, NL","4",",E","2",",E","0",",E","0",",","19830831","+,,E","19830804",",,E","0",",,E,31,+","3.3",",,E,04,","8.1",",,,E"
"NLE00102022","1983-09","52.2667","6.9","35.0","TWENTHE 1, NL","15",",E","8",",E","0",",E","0",",","19830930","+,,E","19830911",",,E","0",",,E,30,+","18.2",",,E,11,","67.5",",,,E"
"NLE00102022","1983-10","52.2667","6.9","35.0","TWENTHE 1, NL","16",",E","7",",E","0",",E","0",",","19831031","+,,E","19831008",",,E","0",",,E,31,+","15.8",",,E,08,","48.4",",,,E"
"NLE00102022","1983-11","52.2667","6.9","35.0","TWENTHE 1, NL","11",",E","3",",E","2",",E","0",",","19831115",",,E","19831126",",,E","10",",,E,15,","28.2",",,E,26,","85.5",",,,E"
"NLE00102022","1983-12","52.2667","6.9","35.0","TWENTHE 1, NL","15",",E","9",",E","0",",E","0",",","19831211",",,E","19831208",",,E","20",",,E,11,","23.2",",,E,08,","107.2",",,,E"
"NLE00102022","1984-01","52.2667","6.9","35.0","TWENTHE 1, NL","27",",E","16",",E","0",",E","6",",","19840124","+,,E","19840102",",,E","150",",,E,24,+","22.9",",,E,02,","141.5",",,,E"
"NLE00102022","1984-02","52.2667","6.9","35.0","TWENTHE 1, NL","12",",E","7",",E","0",",E","0",",","19840229","+,,E","19840206",",,E","0",",,E,29,+","20.9",",,E,06,","61.0",",,,E"
"NLE00102022","1984-03","52.2667","6.9","35.0","TWENTHE 1, NL","10",",E","4",",E","0",",E","1",",","19840311",",,E","19840302",",,E","80",",,E,11,","9.7",",,E,02,","36.3",",,,E"
"NLE00102022","1984-04","52.2667","6.9","35.0","TWENTHE 1, NL","8",",E","3",",E","0",",E","0",",","19840430","+,,E","19840430",",,E","0",",,E,30,+","3.7",",,E,30,","17.0",",,,E"
"NLE00102022","1984-05","52.2667","6.9","35.0","TWENTHE 1, NL","18",",E","12",",E","2",",E","0",",","19840531","+,,E","19840521",",,E","0",",,E,31,+","43.6",",,E,21,","155.9",",,,E"
"NLE00102022","1984-06","52.2667","6.9","35.0","TWENTHE 1, NL","17",",E","9",",E","0",",E","0",",","19840630","+,,E","19840603",",,E","0",",,E,30,+","23.4",",,E,03,","79.1",",,,E"
"NLE00102022","1984-07","52.2667","6.9","35.0","TWENTHE 1, NL","17",",E","5",",E","1",",E","0",",","19840731","+,,E","19840710",",,E","0",",,E,31,+","26.0",",,E,10,","57.8",",,,E"
"NLE00102022","1984-08","52.2667","6.9","35.0","TWENTHE 1, NL","9",",E","2",",E","0",",E","0",",","19840831","+,,E","19840805",",,E","0",",,E,31,+","5.9",",,E,05,","17.0",",,,E"
"NLE00102022","1984-09","52.2667","6.9","35.0","TWENTHE 1, NL","20",",E","11",",E","0",",E","0",",","19840930","+,,E","19840909",",,E","0",",,E,30,+","23.9",",,E,09,","129.9",",,,E"
"NLE00102022","1984-10","52.2667","6.9","35.0","TWENTHE 1, NL","19",",E","13",",E","0",",E","0",",","19841031","+,,E","19841022",",,E","0",",,E,31,+","18.7",",,E,22,","96.9",",,,E"
"NLE00102022","1984-11","52.2667","6.9","35.0","TWENTHE 1, NL","9",",E","6",",E","0",",E","0",",","19841130","+,,E","19841122",",,E","0",",,E,30,+","13.7",",,E,22,","49.9",",,,E"
"NLE00102022","1984-12","52.2667","6.9","35.0","TWENTHE 1, NL","12",",E","4",",E","0",",E","0",",","19841231","+,,E","19841217",",,E","0",",,E,31,+","10.6",",,E,17,","42.1",",,,E"
"NLE00102022","1985-01","52.2667","6.9","35.0","TWENTHE 1, NL","16",",E","7",",E","0",",E","","","","","19850106",",,E","","","12.0",",,E,06,","56.0",",,,E"
"NLE00102022","1985-02","52.2667","6.9","35.0","TWENTHE 1, NL","4",",E","0",",E","0",",E","0",",","19850209",",,E","19850208","+,,E","20",",,E,09,","0.8",",,E,08,+","2.9",",,,E"
"NLE00102022","1985-03","52.2667","6.9","35.0","TWENTHE 1, NL","19",",E","9",",E","0",",E","0",",","19850320","+,,E","19850326",",,E","20",",,E,20,+","10.8",",,E,26,","60.1",",,,E"
"NLE00102022","1985-04","52.2667","6.9","35.0","TWENTHE 1, NL","17",",E","10",",E","0",",E","0",",","19850428",",,E","19850406",",,E","20",",,E,28,","15.7",",,E,06,","75.2",",,,E"
"NLE00102022","1985-05","52.2667","6.9","35.0","TWENTHE 1, NL","11",",E","5",",E","0",",E","0",",","19850531","+,,E","19850512",",,E","0",",,E,31,+","13.3",",,E,12,","45.6",",,,E"
"NLE00102022","1985-06","52.2667","6.9","35.0","TWENTHE 1, NL","23",",E","16",",E","0",",E","0",",","19850630","+,,E","19850612",",,E","0",",,E,30,+","14.8",",,E,12,","108.3",",,,E"
"NLE00102022","1985-07","52.2667","6.9","35.0","TWENTHE 1, NL","18",",E","10",",E","0",",E","0",",","19850731","+,,E","19850709",",,E","0",",,E,31,+","19.9",",,E,09,","79.8",",,,E"
"NLE00102022","1985-08","52.2667","6.9","35.0","TWENTHE 1, NL","20",",E","10",",E","0",",E","0",",","19850831","+,,E","19850814",",,E","0",",,E,31,+","17.9",",,E,14,","89.1",",,,E"
"NLE00102022","1985-09","52.2667","6.9","35.0","TWENTHE 1, NL","14",",E","8",",E","0",",E","0",",","19850930","+,,E","19850903",",,E","0",",,E,30,+","12.9",",,E,03,","56.8",",,,E"
"NLE00102022","1985-10","52.2667","6.9","35.0","TWENTHE 1, NL","7",",E","3",",E","0",",E","0",",","19851031","+,,E","19851007",",,E","0",",,E,31,+","7.9",",,E,07,","17.1",",,,E"
"NLE00102022","1985-11","52.2667","6.9","35.0","TWENTHE 1, NL","21",",E","8",",E","0",",E","2",",","19851124","+,,E","19851105",",,E","40",",,E,24,+","17.1",",,E,05,","57.6",",,,E"
"NLE00102022","1985-12","52.2667","6.9","35.0","TWENTHE 1, NL","16",",E","10",",E","0",",E","0",",","19851231","+,,E","19851226",",,E","0",",,E,31,+","21.8",",,E,26,","78.7",",,,E"
"NLE00102022","1986-01","52.2667","6.9","35.0","TWENTHE 1, NL","22",",E","11",",E","0",",E","2",",","19860105","+,,E","19860118",",,E","40",",,E,05,+","18.1",",,E,18,","114.1",",,,E"
"NLE00102022","1986-02","52.2667","6.9","35.0","TWENTHE 1, NL","2",",E","0",",E","0",",E","2",",","19860223","+,,E","19860218",",,E","40",",,E,23,+","1.2",",,E,18,","1.8",",,,E"
"NLE00102022","1986-03","52.2667","6.9","35.0","TWENTHE 1, NL","14",",E","11",",E","0",",E","0",",","19860331","+,,E","19860327",",,E","0",",,E,31,+","14.4",",,E,27,","70.9",",,,E"
"NLE00102022","1986-04","52.2667","6.9","35.0","TWENTHE 1, NL","16",",E","8",",E","0",",E","0",",","19860430","+,,E","19860425",",,E","0",",,E,30,+","8.6",",,E,25,","52.9",",,,E"
"NLE00102022","1986-05","52.2667","6.9","35.0","TWENTHE 1, NL","12",",E","7",",E","0",",E","0",",","19860531","+,,E","19860529",",,E","0",",,E,31,+","10.1",",,E,29,","48.1",",,,E"
"NLE00102022","1986-06","52.2667","6.9","35.0","TWENTHE 1, NL","9",",E","6",",E","0",",E","0",",","19860630","+,,E","19860617",",,E","0",",,E,30,+","22.5",",,E,17,","70.1",",,,E"
"NLE00102022","1986-07","52.2667","6.9","35.0","TWENTHE 1, NL","12",",E","5",",E","0",",E","0",",","19860731","+,,E","19860705",",,E","0",",,E,31,+","9.7",",,E,05,","33.5",",,,E"
"NLE00102022","1986-08","52.2667","6.9","35.0","TWENTHE 1, NL","11",",E","6",",E","0",",E","0",",","19860831","+,,E","19860830",",,E","0",",,E,31,+","22.0",",,E,30,","70.1",",,,E"
"NLE00102022","1986-09","52.2667","6.9","35.0","TWENTHE 1, NL","7",",E","3",",E","0",",E","0",",","19860930","+,,E","19860915",",,E","0",",,E,30,+","10.6",",,E,15,","26.7",",,,E"
"NLE00102022","1986-10","52.2667","6.9","35.0","TWENTHE 1, NL","15",",E","10",",E","0",",E","0",",","19861031","+,,E","19861020",",,E","0",",,E,31,+","23.2",",,E,20,","90.8",",,,E"
"NLE00102022","1986-11","52.2667","6.9","35.0","TWENTHE 1, NL","16",",E","6",",E","0",",E","0",",","19861130","+,,E","19861119",",,E","0",",,E,30,+","17.8",",,E,19,","56.4",",,,E"
"NLE00102022","1986-12","52.2667","6.9","35.0","TWENTHE 1, NL","20",",E","14",",E","1",",E","2",",","19861227","+,,E","19861229",",,E","80",",,E,27,+","32.7",",,E,29,","147.3",",,,E"
"NLE00102022","1987-01","52.2667","6.9","35.0","TWENTHE 1, NL","12",",E","6",",E","0",",E","0",",","19870121","+,,E","19870101",",,E","20",",,E,21,+","17.6",",,E,01,","59.6",",,,E"
"NLE00102022","1987-02","52.2667","6.9","35.0","TWENTHE 1, NL","14",",E","4",",E","0",",E","0",",","19870221","+,,E","19870227",",,E","20",",,E,21,+","6.8",",,E,27,","33.3",",,,E"
"NLE00102022","1987-03","52.2667","6.9","35.0","TWENTHE 1, NL","16",",E","8",",E","0",",E","2",",","19870317","+,,E","19870301",",,E","40",",,E,17,+","18.9",",,E,01,","79.1",",,,E"
"NLE00102022","1987-04","52.2667","6.9","35.0","TWENTHE 1, NL","9",",E","3",",E","0",",E","0",",","19870430","+,,E","19870411",",,E","0",",,E,30,+","9.4",",,E,11,","21.2",",,,E"
"NLE00102022","1987-05","52.2667","6.9","35.0","TWENTHE 1, NL","17",",E","9",",E","0",",E","0",",","19870531","+,,E","19870512",",,E","0",",,E,31,+","14.4",",,E,12,","71.4",",,,E"
"NLE00102022","1987-06","52.2667","6.9","35.0","TWENTHE 1, NL","18",",E","14",",E","0",",E","0",",","19870630","+,,E","19870613",",,E","0",",,E,30,+","19.8",",,E,13,","109.5",",,,E"
"NLE00102022","1987-07","52.2667","6.9","35.0","TWENTHE 1, NL","14",",E","10",",E","0",",E","0",",","19870731","+,,E","19870729",",,E","0",",,E,31,+","16.7",",,E,29,","91.6",",,,E"
"NLE00102022","1987-08","52.2667","6.9","35.0","TWENTHE 1, NL","20",",E","9",",E","1",",E","0",",","19870831","+,,E","19870813",",,E","0",",,E,31,+","28.3",",,E,13,","92.1",",,,E"
"NLE00102022","1987-09","52.2667","6.9","35.0","TWENTHE 1, NL","17",",E","10",",E","0",",E","0",",","19870930","+,,E","19870904",",,E","0",",,E,30,+","22.4",",,E,04,","86.9",",,,E"
"NLE00102022","1987-10","52.2667","6.9","35.0","TWENTHE 1, NL","11",",E","9",",E","0",",E","0",",","19871031","+,,E","19871014",",,E","0",",,E,31,+","20.1",",,E,14,","90.7",",,,E"
"NLE00102022","1987-11","52.2667","6.9","35.0","TWENTHE 1, NL","15",",E","11",",E","0",",E","0",",","19871130","+,,E","19871119",",,E","0",",,E,30,+","17.4",",,E,19,","86.4",",,,E"
"NLE00102022","1987-12","52.2667","6.9","35.0","TWENTHE 1, NL","14",",E","6",",E","1",",E","0",",","19871231","+,,E","19871217",",,E","0",",,E,31,+","28.2",",,E,17,","65.3",",,,E"
"NLE00102022","1988-01","52.2667","6.9","35.0","TWENTHE 1, NL","18",",E","16",",E","0",",E","0",",","19880123",",,E","19880110",",,E","20",",,E,23,","14.7",",,E,10,","117.8",",,,E"
"NLE00102022","1988-02","52.2667","6.9","35.0","TWENTHE 1, NL","19",",E","11",",E","0",",E","0",",","19880229","+,,E","19880205",",,E","0",",,E,29,+","7.2",",,E,05,","60.3",",,,E"
"NLE00102022","1988-03","52.2667","6.9","35.0","TWENTHE 1, NL","26",",E","17",",E","0",",E","0",",","19880301",",,E","19880306",",,E","20",",,E,01,","11.4",",,E,06,","99.1",",,,E"
"NLE00102022","1988-04","52.2667","6.9","35.0","TWENTHE 1, NL","5",",E","0",",E","0",",E","0",",","19880430","+,,E","19880408",",,E","0",",,E,30,+","2.3",",,E,08,","6.6",",,,E"
"NLE00102022","1988-05","52.2667","6.9","35.0","TWENTHE 1, NL","9",",E","4",",E","0",",E","0",",","19880531","+,,E","19880527",",,E","0",",,E,31,+","9.9",",,E,27,","29.2",",,,E"
"NLE00102022","1988-06","52.2667","6.9","35.0","TWENTHE 1, NL","15",",E","5",",E","0",",E","0",",","19880630","+,,E","19880609",",,E","0",",,E,30,+","7.6",",,E,09,","35.6",",,,E"
"NLE00102022","1988-07","52.2667","6.9","35.0","TWENTHE 1, NL","22",",E","12",",E","0",",E","0",",","19880731","+,,E","19880716",",,E","0",",,E,31,+","23.1",",,E,16,","137.7",",,,E"
"NLE00102022","1988-08","52.2667","6.9","35.0","TWENTHE 1, NL","11",",E","8",",E","0",",E","0",",","19880831","+,,E","19880819",",,E","0",",,E,31,+","9.7",",,E,19,","48.9",",,,E"
"NLE00102022","1988-09","52.2667","6.9","35.0","TWENTHE 1, NL","18",",E","9",",E","0",",E","0",",","19880930","+,,E","19880924",",,E","0",",,E,30,+","10.9",",,E,24,","59.4",",,,E"
"NLE00102022","1988-10","52.2667","6.9","35.0","TWENTHE 1, NL","9",",E","5",",E","0",",E","0",",","19881031","+,,E","19881007",",,E","0",",,E,31,+","16.8",",,E,07,","55.7",",,,E"
"NLE00102022","1988-11","52.2667","6.9","35.0","TWENTHE 1, NL","13",",E","4",",E","0",",E","0",",","19881130","+,,E","19881111",",,E","0",",,E,30,+","15.4",",,E,11,","52.7",",,,E"
"NLE00102022","1988-12","52.2667","6.9","35.0","TWENTHE 1, NL","21",",E","9",",E","0",",E","0",",","19881231","+,,E","19881218",",,E","0",",,E,31,+","23.2",",,E,18,","85.9",",,,E"
"NLE00102022","1989-01","52.2667","6.9","35.0","TWENTHE 1, NL","11",",E","3",",E","0",",E","0",",","19890131","+,,E","19890105",",,E","0",",,E,31,+","6.5",",,E,05,","21.1",",,,E"
"NLE00102022","1989-02","52.2667","6.9","35.0","TWENTHE 1, NL","16",",E","10",",E","0",",E","0",",","19890228","+,,E","19890219",",,E","0",",,E,28,+","13.5",",,E,19,","68.3",",,,E"
"NLE00102022","1989-03","52.2667","6.9","35.0","TWENTHE 1, NL","17",",E","9",",E","0",",E","0",",","19890331","+,,E","19890316",",,E","0",",,E,31,+","16.0",",,E,16,","84.9",",,,E"
"NLE00102022","1989-04","52.2667","6.9","35.0","TWENTHE 1, NL","15",",E","9",",E","0",",E","0",",","19890430","+,,E","19890406",",,E","0",",,E,30,+","15.4",",,E,06,","69.7",",,,E"
"NLE00102022","1989-05","52.2667","6.9","35.0","TWENTHE 1, NL","2",",E","2",",E","0",",E","0",",","19890531","+,,E","19890512",",,E","0",",,E,31,+","5.1",",,E,12,","9.3",",,,E"
"NLE00102022","1989-06","52.2667","6.9","35.0","TWENTHE 1, NL","13",",E","8",",E","0",",E","0",",","19890630","+,,E","19890605",",,E","0",",,E,30,+","13.1",",,E,05,","60.0",",,,E"
"NLE00102022","1989-07","52.2667","6.9","35.0","TWENTHE 1, NL","8",",E","6",",E","0",",E","0",",","19890731","+,,E","19890701",",,E","0",",,E,31,+","13.2",",,E,01,","48.7",",,,E"
"NLE00102022","1989-08","52.2667","6.9","35.0","TWENTHE 1, NL","7",",E","6",",E","1",",E","0",",","19890831","+,,E","19890826",",,E","0",",,E,31,+","61.3",",,E,26,","106.6",",,,E"
"NLE00102022","1989-09","52.2667","6.9","35.0","TWENTHE 1, NL","13",",E","5",",E","0",",E","0",",","19890930","+,,E","19890924",",,E","0",",,E,30,+","17.6",",,E,24,","51.0",",,,E"
"NLE00102022","1989-10","52.2667","6.9","35.0","TWENTHE 1, NL","19",",E","8",",E","0",",E","0",",","19891031","+,,E","19891029",",,E","0",",,E,31,+","18.1",",,E,29,","71.6",",,,E"
"NLE00102022","1989-11","52.2667","6.9","35.0","TWENTHE 1, NL","9",",E","2",",E","0",",E","0",",","19891130","+,,E","19891104",",,E","0",",,E,30,+","4.8",",,E,04,","15.4",",,,E"
"NLE00102022","1989-12","52.2667","6.9","35.0","TWENTHE 1, NL","14",",E","9",",E","0",",E","0",",","19891231","+,,E","19891213",",,E","0",",,E,31,+","17.0",",,E,13,","69.5",",,,E"
"NLE00102022","1990-01","52.2667","6.9","35.0","TWENTHE 1, NL","14",",E","5",",E","0",",E","0",",","19900131","+,,E","19900123",",,E","0",",,E,31,+","14.7",",,E,23,","46.8",",,,E"
"NLE00102022","1990-02","52.2667","6.9","35.0","TWENTHE 1, NL","18",",E","15",",E","1",",E","0",",","19900228","+,,E","19900228",",,E","0",",,E,28,+","32.2",",,E,28,","129.3",",,,E"
"NLE00102022","1990-03","52.2667","6.9","35.0","TWENTHE 1, NL","14",",E","7",",E","0",",E","0",",","19900331","+,,E","19900324",",,E","0",",,E,31,+","9.1",",,E,24,","38.9",",,,E"
"NLE00102022","1990-04","52.2667","6.9","35.0","TWENTHE 1, NL","13",",E","6",",E","0",",E","0",",","19900430","+,,E","19900414",",,E","0",",,E,30,+","8.1",",,E,14,","40.8",",,,E"
"NLE00102022","1990-05","52.2667","6.9","35.0","TWENTHE 1, NL","7",",E","5",",E","0",",E","0",",","19900531","+,,E","19900507",",,E","0",",,E,31,+","21.7",",,E,07,","63.5",",,,E"
"NLE00102022","1990-06","52.2667","6.9","35.0","TWENTHE 1, NL","14",",E","10",",E","0",",E","0",",","19900630","+,,E","19900626",",,E","0",",,E,30,+","12.4",",,E,26,","64.6",",,,E"
"NLE00102022","1990-07","52.2667","6.9","35.0","TWENTHE 1, NL","7",",E","6",",E","0",",E","0",",","19900731","+,,E","19900701",",,E","0",",,E,31,+","11.7",",,E,01,","35.7",",,,E"
"NLE00102022","1990-08","52.2667","6.9","35.0","TWENTHE 1, NL","12",",E","5",",E","0",",E","0",",","19900831","+,,E","19900819",",,E","0",",,E,31,+","23.9",",,E,19,","61.8",",,,E"
"NLE00102022","1990-09","52.2667","6.9","35.0","TWENTHE 1, NL","17",",E","11",",E","0",",E","0",",","19900930","+,,E","19900923",",,E","0",",,E,30,+","14.2",",,E,23,","97.1",",,,E"
"NLE00102022","1990-10","52.2667","6.9","35.0","TWENTHE 1, NL","12",",E","5",",E","0",",E","0",",","19901031","+,,E","19901028",",,E","0",",,E,31,+","20.8",",,E,28,","52.4",",,,E"
"NLE00102022","1990-11","52.2667","6.9","35.0","TWENTHE 1, NL","16",",E","12",",E","0",",E","0",",","19901126",",,E","19901114",",,E","20",",,E,26,","15.5",",,E,14,","93.7",",,,E"
"NLE00102022","1990-12","52.2667","6.9","35.0","TWENTHE 1, NL","17",",E","7",",E","0",",E","0",",","19901231","+,,E","19901226",",,E","0",",,E,31,+","16.4",",,E,26,","71.1",",,,E"
"NLE00102022","1991-01","52.2667","6.9","35.0","TWENTHE 1, NL","14",",E","8",",E","0",",E","0",",","19910131","+,,E","19910102",",,E","0",",,E,31,+","11.4",",,E,02,","62.4",",,,E"
"NLE00102022","1991-02","52.2667","6.9","35.0","TWENTHE 1, NL","7",",E","2",",E","0",",E","10",",","19910216",",,E","19910215",",,E","150",",,E,16,","13.5",",,E,15,","21.2",",,,E"
"NLE00102022","1991-03","52.2667","6.9","35.0","TWENTHE 1, NL","7",",E","1",",E","0",",E","0",",","19910331","+,,E","19910304",",,E","0",",,E,31,+","2.5",",,E,04,","10.5",",,,E"
"NLE00102022","1991-04","52.2667","6.9","35.0","TWENTHE 1, NL","7",",E","3",",E","0",",E","0",",","19910430","+,,E","19910421",",,E","0",",,E,30,+","5.4",",,E,21,","16.6",",,,E"
"NLE00102022","1991-05","52.2667","6.9","35.0","TWENTHE 1, NL","10",",E","5",",E","0",",E","0",",","19910531","+,,E","19910501",",,E","0",",,E,31,+","13.2",",,E,01,","37.8",",,,E"
"NLE00102022","1991-06","52.2667","6.9","35.0","TWENTHE 1, NL","20",",E","13",",E","2",",E","0",",","19910630","+,,E","19910627",",,E","0",",,E,30,+","40.2",",,E,27,","123.8",",,,E"
"NLE00102022","1991-07","52.2667","6.9","35.0","TWENTHE 1, NL","9",",E","2",",E","0",",E","0",",","19910731","+,,E","19910723",",,E","0",",,E,31,+","3.7",",,E,23,","14.7",",,,E"
"NLE00102022","1991-08","52.2667","6.9","35.0","TWENTHE 1, NL","6",",E","3",",E","0",",E","0",",","19910831","+,,E","19910807",",,E","0",",,E,31,+","14.1",",,E,07,","22.3",",,,E"
"NLE00102022","1991-09","52.2667","6.9","35.0","TWENTHE 1, NL","12",",E","7",",E","1",",E","0",",","19910930","+,,E","19910925",",,E","0",",,E,30,+","25.8",",,E,25,","70.5",",,,E"
"NLE00102022","1991-10","52.2667","6.9","35.0","TWENTHE 1, NL","10",",E","5",",E","0",",E","0",",","19911031","+,,E","19911017",",,E","0",",,E,31,+","10.9",",,E,17,","46.0",",,,E"
"NLE00102022","1991-11","52.2667","6.9","35.0","TWENTHE 1, NL","17",",E","11",",E","0",",E","0",",","19911130","+,,E","19911119",",,E","0",",,E,30,+","23.4",",,E,19,","111.7",",,,E"
"NLE00102022","1991-12","52.2667","6.9","35.0","TWENTHE 1, NL","11",",E","6",",E","0",",E","0",",","19911231","+,,E","19911219",",,E","0",",,E,31,+","17.0",",,E,19,","56.2",",,,E"
"NLE00102022","1992-01","52.2667","6.9","35.0","TWENTHE 1, NL","8",",E","4",",E","0",",E","0",",","19920131","+,,E","19920105",",,E","0",",,E,31,+","24.4",",,E,05,","47.2",",,,E"
"NLE00102022","1992-02","52.2667","6.9","35.0","TWENTHE 1, NL","13",",E","5",",E","0",",E","0",",","19920217",",,E","19920210",",,E","10",",,E,17,","4.4",",,E,10,","28.8",",,,E"
"NLE00102022","1992-03","52.2667","6.9","35.0","TWENTHE 1, NL","19",",E","10",",E","1",",E","0",",","19920331","+,,E","19920312",",,E","0",",,E,31,+","43.7",",,E,12,","110.8",",,,E"
"NLE00102022","1992-04","52.2667","6.9","35.0","TWENTHE 1, NL","13",",E","6",",E","0",",E","0",",","19920430","+,,E","19920426",",,E","0",",,E,30,+","12.2",",,E,26,","46.1",",,,E"
"NLE00102022","1992-05","52.2667","6.9","35.0","TWENTHE 1, NL","7",",E","5",",E","0",",E","0",",","19920531","+,,E","19920509",",,E","0",",,E,31,+","9.8",",,E,09,","33.1",",,,E"
"NLE00102022","1992-06","52.2667","6.9","35.0","TWENTHE 1, NL","6",",E","5",",E","0",",E","0",",","19920630","+,,E","19920604",",,E","0",",,E,30,+","15.7",",,E,04,","42.9",",,,E"
"NLE00102022","1992-07","52.2667","6.9","35.0","TWENTHE 1, NL","14",",E","5",",E","0",",E","0",",","19920731","+,,E","19920717",",,E","0",",,E,31,+","7.0",",,E,17,","31.9",",,,E"
"NLE00102022","1992-08","52.2667","6.9","35.0","TWENTHE 1, NL","19",",E","13",",E","1",",E","0",",","19920831","+,,E","19920813",",,E","0",",,E,31,+","50.1",",,E,13,","132.3",",,,E"
"NLE00102022","1992-09","52.2667","6.9","35.0","TWENTHE 1, NL","7",",E","5",",E","0",",E","0",",","19920930","+,,E","19920918",",,E","0",",,E,30,+","10.6",",,E,18,","37.5",",,,E"
"NLE00102022","1992-10","52.2667","6.9","35.0","TWENTHE 1, NL","15",",E","7",",E","0",",E","0",",","19921031","+,,E","19921025",",,E","0",",,E,31,+","12.8",",,E,25,","57.2",",,,E"
"NLE00102022","1992-11","52.2667","6.9","35.0","TWENTHE 1, NL","22",",E","14",",E","0",",E","0",",","19921130","+,,E","19921111",",,E","0",",,E,30,+","16.3",",,E,11,","115.5",",,,E"
"NLE00102022","1992-12","52.2667","6.9","35.0","TWENTHE 1, NL","11",",E","7",",E","0",",E","0",",","19921231","+,,E","19921211",",,E","0",",,E,31,+","20.2",",,E,11,","54.8",",,,E"
"NLE00102022","1993-01","52.2667","6.9","35.0","TWENTHE 1, NL","19",",E","12",",E","1",",E","0",",","19930131","+,,E","19930128",",,E","0",",,E,31,+","27.1",",,E,28,","115.4",",,,E"
"NLE00102022","1993-02","52.2667","6.9","35.0","TWENTHE 1, NL","9",",E","2",",E","0",",E","0",",","19930228","+,,E","19930220",",,E","0",",,E,28,+","15.9",",,E,20,","32.2",",,,E"
"NLE00102022","1993-03","52.2667","6.9","35.0","TWENTHE 1, NL","11",",E","1",",E","0",",E","0",",","19930331","+,,E","19930322",",,E","0",",,E,31,+","3.4",",,E,22,","11.2",",,,E"
"NLE00102022","1993-04","52.2667","6.9","35.0","TWENTHE 1, NL","12",",E","6",",E","0",",E","0",",","19930430","+,,E","19930418",",,E","0",",,E,30,+","22.4",",,E,18,","79.8",",,,E"
"NLE00102022","1993-05","52.2667","6.9","35.0","TWENTHE 1, NL","11",",E","8",",E","1",",E","0",",","19930531","+,,E","19930526",",,E","0",",,E,31,+","28.1",",,E,26,","92.1",",,,E"
"NLE00102022","1993-06","52.2667","6.9","35.0","TWENTHE 1, NL","10",",E","3",",E","0",",E","0",",","19930630","+,,E","19930616",",,E","0",",,E,30,+","16.3",",,E,16,","30.6",",,,E"
"NLE00102022","1993-07","52.2667","6.9","35.0","TWENTHE 1, NL","20",",E","14",",E","1",",E","0",",","19930731","+,,E","19930724",",,E","0",",,E,31,+","45.9",",,E,24,","178.2",",,,E"
"NLE00102022","1993-08","52.2667","6.9","35.0","TWENTHE 1, NL","16",",E","8",",E","0",",E","0",",","19930831","+,,E","19930822",",,E","0",",,E,31,+","19.3",",,E,22,","71.5",",,,E"
"NLE00102022","1993-09","52.2667","6.9","35.0","TWENTHE 1, NL","17",",E","11",",E","1",",E","0",",","19930930","+,,E","19930925",",,E","0",",,E,30,+","36.9",",,E,25,","113.5",",,,E"
"NLE00102022","1993-10","52.2667","6.9","35.0","TWENTHE 1, NL","14",",E","7",",E","2",",E","0",",","19931031","+,,E","19931014",",,E","0",",,E,31,+","26.1",",,E,14,","113.1",",,,E"
"NLE00102022","1993-11","52.2667","6.9","35.0","TWENTHE 1, NL","8",",E","6",",E","0",",E","0",",","19931130","+,,E","19931114",",,E","0",",,E,30,+","19.6",",,E,14,","50.4",",,,E"
"NLE00102022","1993-12","52.2667","6.9","35.0","TWENTHE 1, NL","27",",E","20",",E","1",",E","0",",","19931231","+,,E","19931230",",,E","0",",,E,31,+","28.8",",,E,30,","180.5",",,,E"
"NLE00102022","1994-01","52.2667","6.9","35.0","TWENTHE 1, NL","19",",E","14",",E","0",",E","0",",","19940131","+,,E","19940127",",,E","0",",,E,31,+","24.7",",,E,27,","119.4",",,,E"
"NLE00102022","1994-02","52.2667","6.9","35.0","TWENTHE 1, NL","8",",E","3",",E","0",",E","0",",","19940223",",,E","19940228",",,E","20",",,E,23,","6.2",",,E,28,","19.2",",,,E"
"NLE00102022","1994-03","52.2667","6.9","35.0","TWENTHE 1, NL","21",",E","15",",E","0",",E","0",",","19940331","+,,E","19940318",",,E","0",",,E,31,+","22.7",",,E,18,","120.9",",,,E"
"NLE00102022","1994-04","52.2667","6.9","35.0","TWENTHE 1, NL","12",",E","9",",E","0",",E","0",",","19940430","+,,E","19940404",",,E","0",",,E,30,+","19.6",",,E,04,","75.2",",,,E"
"NLE00102022","1994-05","52.2667","6.9","35.0","TWENTHE 1, NL","13",",E","7",",E","0",",E","0",",","19940531","+,,E","19940508",",,E","0",",,E,31,+","9.0",",,E,08,","50.7",",,,E"
"NLE00102022","1994-06","52.2667","6.9","35.0","TWENTHE 1, NL","13",",E","8",",E","0",",E","0",",","19940630","+,,E","19940628",",,E","0",",,E,30,+","24.1",",,E,28,","74.8",",,,E"
"NLE00102022","1994-07","52.2667","6.9","35.0","TWENTHE 1, NL","5",",E","3",",E","1",",E","0",",","19940731","+,,E","19940706",",,E","0",",,E,31,+","27.8",",,E,06,","56.5",",,,E"
"NLE00102022","1994-08","52.2667","6.9","35.0","TWENTHE 1, NL","12",",E","6",",E","1",",E","0",",","19940831","+,,E","19940823",",,E","0",",,E,31,+","27.1",",,E,23,","65.8",",,,E"
"NLE00102022","1994-09","52.2667","6.9","35.0","TWENTHE 1, NL","19",",E","13",",E","1",",E","0",",","19940930","+,,E","19940915",",,E","0",",,E,30,+","27.6",",,E,15,","129.7",",,,E"
"NLE00102022","1994-10","52.2667","6.9","35.0","TWENTHE 1, NL","14",",E","9",",E","0",",E","0",",","19941031","+,,E","19941030",",,E","0",",,E,31,+","24.9",",,E,30,","107.9",",,,E"
"NLE00102022","1994-11","52.2667","6.9","35.0","TWENTHE 1, NL","14",",E","8",",E","0",",E","0",",","19941130","+,,E","19941117",",,E","0",",,E,30,+","17.5",",,E,17,","68.0",",,,E"
"NLE00102022","1994-12","52.2667","6.9","35.0","TWENTHE 1, NL","18",",E","13",",E","2",",E","0",",","19941231","+,,E","19941227","+,,E","0",",,E,31,+","26.6",",,E,27,+","139.9",",,,E"
"NLE00102022","1995-01","52.2667","6.9","35.0","TWENTHE 1, NL","23",",E","13",",E","0",",E","0",",","19950131","+,,E","19950126",",,E","0",",,E,31,+","12.5",",,E,26,","108.9",",,,E"
"NLE00102022","1995-02","52.2667","6.9","35.0","TWENTHE 1, NL","23",",E","13",",E","0",",E","0",",","19950228","+,,E","19950219",",,E","0",",,E,28,+","12.0",",,E,19,","86.2",",,,E"
"NLE00102022","1995-03","52.2667","6.9","35.0","TWENTHE 1, NL","22",",E","12",",E","0",",E","0",",","19950331","+,,E","19950326",",,E","0",",,E,31,+","24.6",",,E,26,","105.0",",,,E"
"NLE00102022","1995-04","52.2667","6.9","35.0","TWENTHE 1, NL","12",",E","7",",E","0",",E","0",",","19950430","+,,E","19950416",",,E","0",",,E,30,+","18.2",",,E,16,","52.0",",,,E"
"NLE00102022","1995-05","52.2667","6.9","35.0","TWENTHE 1, NL","11",",E","5",",E","1",",E","0",",","19950531","+,,E","19950525",",,E","0",",,E,31,+","34.8",",,E,25,","73.3",",,,E"
"NLE00102022","1995-06","52.2667","6.9","35.0","TWENTHE 1, NL","12",",E","8",",E","0",",E","0",",","19950630","+,,E","19950609",",,E","0",",,E,30,+","12.0",",,E,09,","66.5",",,,E"
"NLE00102022","1995-07","52.2667","6.9","35.0","TWENTHE 1, NL","11",",E","7",",E","2",",E","0",",","19950731","+,,E","19950726",",,E","0",",,E,31,+","39.2",",,E,26,","108.2",",,,E"
"NLE00102022","1995-08","52.2667","6.9","35.0","TWENTHE 1, NL","7",",E","4",",E","0",",E","0",",","19950831","+,,E","19950825",",,E","0",",,E,31,+","6.3",",,E,25,","22.2",",,,E"
"NLE00102022","1995-09","52.2667","6.9","35.0","TWENTHE 1, NL","20",",E","8",",E","1",",E","0",",","19950930","+,,E","19950926",",,E","0",",,E,30,+","27.3",",,E,26,","97.5",",,,E"
"NLE00102022","1995-10","52.2667","6.9","35.0","TWENTHE 1, NL","8",",E","2",",E","0",",E","0",",","19951031","+,,E","19951005",",,E","0",",,E,31,+","3.8",",,E,05,","14.7",",,,E"
"NLE00102022","1995-11","52.2667","6.9","35.0","TWENTHE 1, NL","11",",E","7",",E","0",",E","0",",","19951130","+,,E","19951118",",,E","0",",,E,30,+","16.0",",,E,18,","39.7",",,,E"
"NLE00102022","1995-12","52.2667","6.9","35.0","TWENTHE 1, NL","8",",E","3",",E","0",",E","0",",","19951220","+,,E","19951222",",,E","20",",,E,20,+","17.8",",,E,22,","34.4",",,,E"
"NLE00102022","1996-01","52.2667","6.9","35.0","TWENTHE 1, NL","4",",E","1",",E","0",",E","5",",","19960130","+,,E","19960126",",,E","80",",,E,30,+","5.5",",,E,26,","10.1",",,,E"
"NLE00102022","1996-02","52.2667","6.9","35.0","TWENTHE 1, NL","15",",E","6",",E","0",",E","8",",","19960205",",,E","19960212",",,E","150",",,E,05,","13.6",",,E,12,","57.2",",,,E"
"NLE00102022","1996-03","52.2667","6.9","35.0","TWENTHE 1, NL","7",",E","1",",E","0",",E","0",",","19960331","+,,E","19960321",",,E","0",",,E,31,+","4.8",",,E,21,","12.0",",,,E"
"NLE00102022","1996-04","52.2667","6.9","35.0","TWENTHE 1, NL","2",",E","2",",E","0",",E","0",",","19960430","+,,E","19960424",",,E","0",",,E,30,+","5.4",",,E,24,","8.6",",,,E"
"NLE00102022","1996-05","52.2667","6.9","35.0","TWENTHE 1, NL","16",",E","8",",E","0",",E","0",",","19960531","+,,E","19960524",",,E","0",",,E,31,+","10.2",",,E,24,","54.9",",,,E"
"NLE00102022","1996-06","52.2667","6.9","35.0","TWENTHE 1, NL","9",",E","4",",E","0",",E","0",",","19960630","+,,E","19960608",",,E","0",",,E,30,+","16.4",",,E,08,","34.8",",,,E"
"NLE00102022","1996-07","52.2667","6.9","35.0","TWENTHE 1, NL","11",",E","10",",E","0",",E","0",",","19960731","+,,E","19960724",",,E","0",",,E,31,+","18.8",",,E,24,","74.9",",,,E"
"NLE00102022","1996-08","52.2667","6.9","35.0","TWENTHE 1, NL","13",",E","7",",E","1",",E","0",",","19960831","+,,E","19960812",",,E","0",",,E,31,+","29.2",",,E,12,","117.3",",,,E"
"NLE00102022","1996-09","52.2667","6.9","35.0","TWENTHE 1, NL","14",",E","8",",E","0",",E","0",",","19960930","+,,E","19960930",",,E","0",",,E,30,+","20.1",",,E,30,","78.8",",,,E"
"NLE00102022","1996-10","52.2667","6.9","35.0","TWENTHE 1, NL","12",",E","7",",E","0",",E","0",",","19961031","+,,E","19961020",",,E","0",",,E,31,+","15.8",",,E,20,","64.5",",,,E"
"NLE00102022","1996-11","52.2667","6.9","35.0","TWENTHE 1, NL","26",",E","14",",E","0",",E","0",",","19961130","+,,E","19961129",",,E","0",",,E,30,+","18.5",",,E,29,","115.1",",,,E"
"NLE00102022","1996-12","52.2667","6.9","35.0","TWENTHE 1, NL","12",",E","5",",E","0",",E","2",",","19961231","+,,E","19961219",",,E","40",",,E,31,+","20.4",",,E,19,","59.0",",,,E"
"NLE00102022","1997-01","52.2667","6.9","35.0","TWENTHE 1, NL","6",",E","0",",E","0",",E","4",",","19970104","+,,E","19970123",",,E","40",",,E,04,+","1.4",",,E,23,","4.5",",,,E"
"NLE00102022","1997-02","52.2667","6.9","35.0","TWENTHE 1, NL","18",",E","12",",E","0",",E","0",",","19970228","+,,E","19970212",",,E","0",",,E,28,+","16.1",",,E,12,","101.6",",,,E"
"NLE00102022","1997-03","52.2667","6.9","35.0","TWENTHE 1, NL","14",",E","4",",E","0",",E","0",",","19970331","+,,E","19970318",",,E","0",",,E,31,+","7.3",",,E,18,","32.3",",,,E"
"NLE00102022","1997-04","52.2667","6.9","35.0","TWENTHE 1, NL","10",",E","4",",E","0",",E","0",",","19970430","+,,E","19970428",",,E","0",",,E,30,+","11.9",",,E,28,","39.3",",,,E"
"NLE00102022","1997-05","52.2667","6.9","35.0","TWENTHE 1, NL","14",",E","5",",E","0",",E","0",",","19970531","+,,E","19970505",",,E","0",",,E,31,+","12.8",",,E,05,","48.5",",,,E"
"NLE00102022","1997-06","52.2667","6.9","35.0","TWENTHE 1, NL","19",",E","13",",E","0",",E","0",",","19970630","+,,E","19970607",",,E","0",",,E,30,+","24.1",",,E,07,","130.2",",,,E"
"NLE00102022","1997-07","52.2667","6.9","35.0","TWENTHE 1, NL","18",",E","11",",E","2",",E","0",",","19970731","+,,E","19970721",",,E","0",",,E,31,+","32.2",",,E,21,","121.4",",,,E"
"NLE00102022","1997-08","52.2667","6.9","35.0","TWENTHE 1, NL","12",",E","5",",E","0",",E","0",",","19970831","+,,E","19970827",",,E","0",",,E,31,+","14.4",",,E,27,","44.1",",,,E"
"NLE00102022","1997-09","52.2667","6.9","35.0","TWENTHE 1, NL","7",",E","2",",E","1",",E","0",",","19970930","+,,E","19970901",",,E","0",",,E,30,+","30.3",",,E,01,","40.8",",,,E"
"NLE00102022","1997-10","52.2667","6.9","35.0","TWENTHE 1, NL","15",",E","7",",E","0",",E","0",",","19971031","+,,E","19971009",",,E","0",",,E,31,+","15.7",",,E,09,","67.5",",,,E"
"NLE00102022","1997-11","52.2667","6.9","35.0","TWENTHE 1, NL","13",",E","3",",E","0",",E","0",",","19971130","+,,E","19971128",",,E","0",",,E,30,+","6.6",",,E,28,","25.8",",,,E"
"NLE00102022","1997-12","52.2667","6.9","35.0","TWENTHE 1, NL","19",",E","11",",E","0",",E","0",",","19971231","+,,E","19971206",",,E","0",",,E,31,+","10.2",",,E,06,","77.8",",,,E"
"NLE00102022","1998-01","52.2667","6.9","35.0","TWENTHE 1, NL","18",",E","11",",E","0",",E","0",",","19980131","+,,E","19980103",",,E","0",",,E,31,+","13.7",",,E,03,","79.6",",,,E"
"NLE00102022","1998-02","52.2667","6.9","35.0","TWENTHE 1, NL","8",",E","5",",E","0",",E","0",",","19980203",",,E","19980227",",,E","20",",,E,03,","8.4",",,E,27,","23.0",",,,E"
"NLE00102022","1998-03","52.2667","6.9","35.0","TWENTHE 1, NL","16",",E","8",",E","1",",E","0",",","19980331","+,,E","19980306",",,E","0",",,E,31,+","30.9",",,E,06,","104.6",",,,E"
"NLE00102022","1998-04","52.2667","6.9","35.0","TWENTHE 1, NL","22",",E","13",",E","0",",E","0",",","19980430","+,,E","19980407",",,E","0",",,E,30,+","24.6",",,E,07,","97.8",",,,E"
"NLE00102022","1998-05","52.2667","6.9","35.0","TWENTHE 1, NL","10",",E","5",",E","0",",E","0",",","19980531","+,,E","19980525",",,E","0",",,E,31,+","6.9",",,E,25,","24.5",",,,E"
"NLE00102022","1998-06","52.2667","6.9","35.0","TWENTHE 1, NL","25",",E","16",",E","0",",E","0",",","19980630","+,,E","19980606",",,E","0",",,E,30,+","22.1",",,E,06,","148.4",",,,E"
"NLE00102022","1998-07","52.2667","6.9","35.0","TWENTHE 1, NL","21",",E","9",",E","0",",E","0",",","19980731","+,,E","19980731",",,E","0",",,E,31,+","16.0",",,E,31,","68.3",",,,E"
"NLE00102022","1998-08","52.2667","6.9","35.0","TWENTHE 1, NL","12",",E","9",",E","0",",E","0",",","19980831","+,,E","19980823",",,E","0",",,E,31,+","21.4",",,E,23,","69.2",",,,E"
"NLE00102022","1998-09","52.2667","6.9","35.0","TWENTHE 1, NL","17",",E","11",",E","1",",E","0",",","19980930","+,,E","19980914",",,E","0",",,E,30,+","40.6",",,E,14,","137.4",",,,E"
"NLE00102022","1998-10","52.2667","6.9","35.0","TWENTHE 1, NL","24",",E","20",",E","1",",E","0",",","19981031","+,,E","19981027",",,E","0",",,E,31,+","38.7",",,E,27,","220.8",",,,E"
"NLE00102022","1998-11","52.2667","6.9","35.0","TWENTHE 1, NL","14",",E","9",",E","0",",E","0",",","19981130","+,,E","19981108",",,E","0",",,E,30,+","18.8",",,E,08,","62.6",",,,E"
"NLE00102022","1998-12","52.2667","6.9","35.0","TWENTHE 1, NL","20",",E","11",",E","0",",E","4",",","19981206",",,E","19981215",",,E","80",",,E,06,","15.6",",,E,15,","72.2",",,,E"
"NLE00102022","1999-01","52.2667","6.9","35.0","TWENTHE 1, NL","21",",E","12",",E","0",",E","1",",","19990113",",,E","19990116",",,E","40",",,E,13,","13.2",",,E,16,","81.1",",,,E"
"NLE00102022","1999-02","52.2667","6.9","35.0","TWENTHE 1, NL","22",",E","9",",E","0",",E","0",",","19990217",",,E","19990221",",,E","20",",,E,17,","10.1",",,E,21,","69.0",",,,E"
"NLE00102022","1999-03","52.2667","6.9","35.0","TWENTHE 1, NL","17",",E","9",",E","0",",E","0",",","19990331","+,,E","19990301",",,E","0",",,E,31,+","20.1",",,E,01,","79.8",",,,E"
"NLE00102022","1999-04","52.2667","6.9","35.0","TWENTHE 1, NL","18",",E","10",",E","0",",E","0",",","19990430","+,,E","19990403",",,E","0",",,E,30,+","10.3",",,E,03,","68.2",",,,E"
"NLE00102022","1999-05","52.2667","6.9","35.0","TWENTHE 1, NL","12",",E","7",",E","0",",E","0",",","19990531","+,,E","19990505",",,E","0",",,E,31,+","13.8",",,E,05,","63.7",",,,E"
"NLE00102022","1999-06","52.2667","6.9","35.0","TWENTHE 1, NL","15",",E","6",",E","0",",E","0",",","19990630","+,,E","19990626",",,E","0",",,E,30,+","19.4",",,E,26,","63.5",",,,E"
"NLE00102022","1999-07","52.2667","6.9","35.0","TWENTHE 1, NL","12",",E","6",",E","0",",E","0",",","19990731","+,,E","19990704",",,E","0",",,E,31,+","19.0",",,E,04,","66.5",",,,E"
"NLE00102022","1999-08","52.2667","6.9","35.0","TWENTHE 1, NL","14",",E","8",",E","0",",E","0",",","19990831","+,,E","19990810",",,E","0",",,E,31,+","18.2",",,E,10,","83.7",",,,E"
"NLE00102022","1999-09","52.2667","6.9","35.0","TWENTHE 1, NL","12",",E","6",",E","1",",E","0",",","19990930","+,,E","19990915",",,E","0",",,E,30,+","39.0",",,E,15,","74.4",",,,E"
"NLE00102022","1999-10","52.2667","6.9","35.0","TWENTHE 1, NL","16",",E","7",",E","0",",E","0",",","19991031","+,,E","19991030",",,E","0",",,E,31,+","4.9",",,E,30,","36.7",",,,E"
"NLE00102022","1999-11","52.2667","6.9","35.0","TWENTHE 1, NL","15",",E","6",",E","0",",E","0",",","19991130","+,,E","19991106",",,E","0",",,E,30,+","15.7",",,E,06,","52.5",",,,E"
"NLE00102022","1999-12","52.2667","6.9","35.0","TWENTHE 1, NL","26",",E","12",",E","0",",E","0",",","19991219",",,E","19991226",",,E","20",",,E,19,","21.3",",,E,26,","135.4",",,,E"
"NLE00102022","2000-01","52.2667","6.9","35.0","TWENTHE 1, NL","19",",E","9",",E","0",",E","0",",","20000131","+,,E","20000129",",,E","0",",,E,31,+","16.6",",,E,29,","65.6",",,,E"
"NLE00102022","2000-02","52.2667","6.9","35.0","TWENTHE 1, NL","19",",E","15",",E","0",",E","0",",","20000217",",,E","20000224",",,E","20",",,E,17,","21.6",",,E,24,","106.7",",,,E"
"NLE00102022","2000-03","52.2667","6.9","35.0","TWENTHE 1, NL","20",",E","10",",E","1",",E","0",",","20000331","+,,E","20000308",",,E","0",",,E,31,+","25.9",",,E,08,","102.7",",,,E"
"NLE00102022","2000-04","52.2667","6.9","35.0","TWENTHE 1, NL","11",",E","7",",E","0",",E","0",",","20000430","+,,E","20000404",",,E","0",",,E,30,+","11.4",",,E,04,","51.3",",,,E"
"NLE00102022","2000-05","52.2667","6.9","35.0","TWENTHE 1, NL","15",",E","11",",E","0",",E","0",",","20000531","+,,E","20000516",",,E","0",",,E,31,+","12.0",",,E,16,","77.7",",,,E"
"NLE00102022","2000-06","52.2667","6.9","35.0","TWENTHE 1, NL","10",",E","4",",E","0",",E","0",",","20000630","+,,E","20000603",",,E","0",",,E,30,+","13.1",",,E,03,","42.3",",,,E"
"NLE00102022","2000-07","52.2667","6.9","35.0","TWENTHE 1, NL","21",",E","9",",E","0",",E","0",",","20000731","+,,E","20000727",",,E","0",",,E,31,+","16.2",",,E,27,","96.1",",,,E"
"NLE00102022","2000-08","52.2667","6.9","35.0","TWENTHE 1, NL","10",",E","7",",E","0",",E","0",",","20000831","+,,E","20000829",",,E","0",",,E,31,+","17.6",",,E,29,","81.7",",,,E"
"NLE00102022","2000-09","52.2667","6.9","35.0","TWENTHE 1, NL","19",",E","10",",E","0",",E","0",",","20000930","+,,E","20000920",",,E","0",",,E,30,+","19.8",",,E,20,","89.3",",,,E"
"NLE00102022","2000-10","52.2667","6.9","35.0","TWENTHE 1, NL","19",",E","9",",E","0",",E","0",",","20001031","+,,E","20001030",",,E","0",",,E,31,+","10.2",",,E,30,","65.2",",,,E"
"NLE00102022","2000-11","52.2667","6.9","35.0","TWENTHE 1, NL","22",",E","8",",E","0",",E","0",",","20001130","+,,E","20001112",",,E","0",",,E,30,+","8.2",",,E,12,","54.8",",,,E"
"NLE00102022","2000-12","52.2667","6.9","35.0","TWENTHE 1, NL","19",",E","8",",E","0",",E","6",",","20001228","+,,E","20001210",",,E","80",",,E,28,+","12.1",",,E,10,","58.8",",,,E"
"NLE00102022","2001-01","52.2667","6.9","35.0","TWENTHE 1, NL","17",",E","8",",E","0",",E","1",",","20010122",",,E","20010105",",,E","40",",,E,22,","19.9",",,E,05,","63.2",",,,E"
"NLE00102022","2001-02","52.2667","6.9","35.0","TWENTHE 1, NL","18",",E","9",",E","0",",E","2",",","20010204","+,,E","20010204",",,E","80",",,E,04,+","18.8",",,E,04,","73.2",",,,E"
"NLE00102022","2001-03","52.2667","6.9","35.0","TWENTHE 1, NL","21",",E","11",",E","0",",E","0",",","20010331","+,,E","20010318",",,E","0",",,E,31,+","17.8",",,E,18,","88.3",",,,E"
"NLE00102022","2001-04","52.2667","6.9","35.0","TWENTHE 1, NL","19",",E","11",",E","0",",E","0",",","20010430","+,,E","20010414",",,E","0",",,E,30,+","11.6",",,E,14,","82.0",",,,E"
"NLE00102022","2001-05","52.2667","6.9","35.0","TWENTHE 1, NL","7",",E","5",",E","0",",E","0",",","20010531","+,,E","20010531",",,E","0",",,E,31,+","5.4",",,E,31,","25.5",",,,E"
"NLE00102022","2001-06","52.2667","6.9","35.0","TWENTHE 1, NL","12",",E","9",",E","1",",E","0",",","20010630","+,,E","20010630",",,E","0",",,E,30,+","33.7",",,E,30,","86.0",",,,E"
"NLE00102022","2001-07","52.2667","6.9","35.0","TWENTHE 1, NL","13",",E","8",",E","0",",E","0",",","20010731","+,,E","20010717",",,E","0",",,E,31,+","11.6",",,E,17,","59.7",",,,E"
"NLE00102022","2001-08","52.2667","6.9","35.0","TWENTHE 1, NL","17",",E","11",",E","1",",E","0",",","20010831","+,,E","20010807",",,E","0",",,E,31,+","37.7",",,E,07,","114.8",",,,E"
"NLE00102022","2001-09","52.2667","6.9","35.0","TWENTHE 1, NL","25",",E","13",",E","0",",E","0",",","20010930","+,,E","20010916",",,E","0",",,E,30,+","16.1",",,E,16,","110.2",",,,E"
"NLE00102022","2001-10","52.2667","6.9","35.0","TWENTHE 1, NL","9",",E","5",",E","0",",E","0",",","20011031","+,,E","20011002",",,E","0",",,E,31,+","17.1",",,E,02,","53.3",",,,E"
"NLE00102022","2001-11","52.2667","6.9","35.0","TWENTHE 1, NL","20",",E","9",",E","0",",E","0",",","20011130","+,,E","20011129",",,E","0",",,E,30,+","14.8",",,E,29,","80.9",",,,E"
"NLE00102022","2001-12","52.2667","6.9","35.0","TWENTHE 1, NL","21",",E","8",",E","0",",E","0",",","20011230",",,E","20011224",",,E","20",",,E,30,","19.0",",,E,24,","89.2",",,,E"
"NLE00102022","2002-01","52.2667","6.9","35.0","TWENTHE 1, NL","16",",E","5",",E","0",",E","0",",","20020131","+,,E","20020126",",,E","0",",,E,31,+","24.1",",,E,26,","67.1",",,,E"
"NLE00102022","2002-02","52.2667","6.9","35.0","TWENTHE 1, NL","20",",E","12",",E","0",",E","0",",","20020228","+,,E","20020219",",,E","0",",,E,28,+","24.8",",,E,19,","136.8",",,,E"
"NLE00102022","2002-03","52.2667","6.9","35.0","TWENTHE 1, NL","14",",E","6",",E","0",",E","0",",","20020331","+,,E","20020306",",,E","0",",,E,31,+","6.8",",,E,06,","35.4",",,,E"
"NLE00102022","2002-04","52.2667","6.9","35.0","TWENTHE 1, NL","8",",E","6",",E","0",",E","0",",","20020430","+,,E","20020427",",,E","0",",,E,30,+","16.3",",,E,27,","60.6",",,,E"
"NLE00102022","2002-05","52.2667","6.9","35.0","TWENTHE 1, NL","14",",E","5",",E","0",",E","0",",","20020531","+,,E","20020504",",,E","0",",,E,31,+","23.5",",,E,04,","50.3",",,,E"
"NLE00102022","2002-06","52.2667","6.9","35.0","TWENTHE 1, NL","15",",E","10",",E","0",",E","0",",","20020630","+,,E","20020628",",,E","0",",,E,30,+","13.2",",,E,28,","75.6",",,,E"
"NLE00102022","2002-07","52.2667","6.9","35.0","TWENTHE 1, NL","16",",E","9",",E","0",",E","0",",","20020731","+,,E","20020710",",,E","0",",,E,31,+","17.3",",,E,10,","89.1",",,,E"
"NLE00102022","2002-08","52.2667","6.9","35.0","TWENTHE 1, NL","13",",E","8",",E","0",",E","0",",","20020831","+,,E","20020820",",,E","0",",,E,31,+","17.8",",,E,20,","96.4",",,,E"
"NLE00102022","2002-09","52.2667","6.9","35.0","TWENTHE 1, NL","6",",E","4",",E","0",",E","0",",","20020930","+,,E","20020909",",,E","0",",,E,30,+","15.1",",,E,09,","34.2",",,,E"
"NLE00102022","2002-10","52.2667","6.9","35.0","TWENTHE 1, NL","21",",E","14",",E","0",",E","0",",","20021031","+,,E","20021025",",,E","0",",,E,31,+","15.7",",,E,25,","97.7",",,,E"
"NLE00102022","2002-11","52.2667","6.9","35.0","TWENTHE 1, NL","17",",E","11",",E","0",",E","0",",","20021130","+,,E","20021108",",,E","0",",,E,30,+","16.9",",,E,08,","90.9",",,,E"
"NLE00102022","2002-12","52.2667","6.9","35.0","TWENTHE 1, NL","17",",E","8",",E","1",",E","0",",","20021231","+,,E","20021229",",,E","0",",,E,31,+","26.4",",,E,29,","85.3",",,,E"
"NLE00102022","2003-01","52.2667","6.9","35.0","TWENTHE 1, NL","17",",E","11",",E","0",",E","0",",","20030131","+,,E","20030102",",,E","20",",,E,31,+","19.5",",,E,02,","79.9",",,,E"
"NLE00102022","2003-02","52.2667","6.9","35.0","TWENTHE 1, NL","5",",E","3",",E","0",",E","0",",","20030205","+,,E","20030202",",,E","20",",,E,05,+","17.9",",,E,02,","33.3",",,,E"
"NLE00102022","2003-03","52.2667","6.9","35.0","TWENTHE 1, NL","6",",E","3",",E","0",",E","0",",","20030331","+,,E","20030311",",,E","0",",,E,31,+","16.4",",,E,11,","30.6",",,,E"
"NLE00102022","2003-04","52.2667","6.9","35.0","TWENTHE 1, NL","10",",E","6",",E","0",",E","0",",","20030430","+,,E","20030426",",,E","0",",,E,30,+","25.1",",,E,26,","72.2",",,,E"
"NLE00102022","2003-05","52.2667","6.9","35.0","TWENTHE 1, NL","17",",E","13",",E","0",",E","0",",","20030531","+,,E","20030519",",,E","0",",,E,31,+","24.0",",,E,19,","118.3",",,,E"
"NLE00102022","2003-06","52.2667","6.9","35.0","TWENTHE 1, NL","10",",E","6",",E","0",",E","0",",","20030630","+,,E","20030617",",,E","0",",,E,30,+","11.6",",,E,17,","48.8",",,,E"
"NLE00102022","2003-07","52.2667","6.9","35.0","TWENTHE 1, NL","11",",E","8",",E","0",",E","0",",","20030731","+,,E","20030702",",,E","0",",,E,31,+","13.0",",,E,02,","63.8",",,,E"
"NLE00102022","2003-08","52.2667","6.9","35.0","TWENTHE 1, NL","7",",E","4",",E","0",",E","0",",","20030831","+,,E","20030828",",,E","0",",,E,31,+","12.1",",,E,28,","26.3",",,,E"
"NLE00102022","2003-09","52.2667","6.9","35.0","TWENTHE 1, NL","12",",E","8",",E","0",",E","0",",","20030930","+,,E","20030910",",,E","0",",,E,30,+","18.8",",,E,10,","62.9",",,,E"
"NLE00102022","2003-10","52.2667","6.9","35.0","TWENTHE 1, NL","15",",E","5",",E","0",",E","0",",","20031031","+,,E","20031006",",,E","0",",,E,31,+","15.6",",,E,06,","52.9",",,,E"
"NLE00102022","2003-11","52.2667","6.9","35.0","TWENTHE 1, NL","14",",E","3",",E","0",",E","0",",","20031130","+,,E","20031102",",,E","0",",,E,30,+","8.1",",,E,02,","31.8",",,,E"
"NLE00102022","2003-12","52.2667","6.9","35.0","TWENTHE 1, NL","15",",E","9",",E","0",",E","0",",","20031231","+,,E","20031213",",,E","0",",,E,31,+","23.4",",,E,13,","87.6",",,,E"
"NLE00102022","2004-01","52.2667","6.9","35.0","TWENTHE 1, NL","24",",E","18",",E","0",",E","0",",","20040129",",,E","20040114",",,E","20",",,E,29,","17.4",",,E,14,","129.5",",,,E"
"NLE00102022","2004-02","52.2667","6.9","35.0","TWENTHE 1, NL","17",",E","9",",E","0",",E","0",",","20040227",",,E","20040207",",,E","20",",,E,27,","17.4",",,E,07,","71.6",",,,E"
"NLE00102022","2004-03","52.2667","6.9","35.0","TWENTHE 1, NL","11",",E","5",",E","0",",E","0",",","20040331","+,,E","20040319",",,E","0",",,E,31,+","9.6",",,E,19,","35.7",",,,E"
"NLE00102022","2004-04","52.2667","6.9","35.0","TWENTHE 1, NL","13",",E","4",",E","0",",E","0",",","20040430","+,,E","20040428",",,E","0",",,E,30,+","16.2",",,E,28,","62.8",",,,E"
"NLE00102022","2004-05","52.2667","6.9","35.0","TWENTHE 1, NL","9",",E","6",",E","0",",E","0",",","20040531","+,,E","20040507",",,E","0",",,E,31,+","22.1",",,E,07,","65.6",",,,E"
"NLE00102022","2004-06","52.2667","6.9","35.0","TWENTHE 1, NL","15",",E","7",",E","1",",E","0",",","20040630","+,,E","20040612",",,E","0",",,E,30,+","26.0",",,E,12,","73.8",",,,E"
"NLE00102022","2004-07","52.2667","6.9","35.0","TWENTHE 1, NL","19",",E","16",",E","0",",E","0",",","20040731","+,,E","20040701",",,E","0",",,E,31,+","21.9",",,E,01,","126.9",",,,E"
"NLE00102022","2004-08","52.2667","6.9","35.0","TWENTHE 1, NL","20",",E","13",",E","0",",E","0",",","20040831","+,,E","20040818",",,E","0",",,E,31,+","18.2",",,E,18,","116.6",",,,E"
"NLE00102022","2004-09","52.2667","6.9","35.0","TWENTHE 1, NL","16",",E","10",",E","0",",E","0",",","20040930","+,,E","20040918",",,E","0",",,E,30,+","6.1",",,E,18,","54.9",",,,E"
"NLE00102022","2004-10","52.2667","6.9","35.0","TWENTHE 1, NL","12",",E","4",",E","0",",E","0",",","20041031","+,,E","20041020",",,E","0",",,E,31,+","12.2",",,E,20,","34.8",",,,E"
"NLE00102022","2004-11","52.2667","6.9","35.0","TWENTHE 1, NL","19",",E","11",",E","0",",E","0",",","20041130","+,,E","20041118",",,E","0",",,E,30,+","22.3",",,E,18,","89.7",",,,E"
"NLE00102022","2004-12","52.2667","6.9","35.0","TWENTHE 1, NL","12",",E","8",",E","0",",E","0",",","20041231","+,,E","20041224",",,E","0",",,E,31,+","15.6",",,E,24,","58.0",",,,E"
"NLE00102022","2005-01","52.2667","6.9","35.0","TWENTHE 1, NL","17",",E","9",",E","0",",E","0",",","20050129","+,,E","20050117",",,E","10",",,E,29,+","11.6",",,E,17,","58.6",",,,E"
"NLE00102022","2005-02","52.2667","6.9","35.0","TWENTHE 1, NL","17",",E","8",",E","0",",E","0",",","20050222",",,E","20050212",",,E","10",",,E,22,","17.1",",,E,12,","64.4",",,,E"
"NLE00102022","2005-03","52.2667","6.9","35.0","TWENTHE 1, NL","18",",E","6",",E","0",",E","5",",","20050305","+,,E","20050312",",,E","50",",,E,05,+","10.6",",,E,12,","57.3",",,,E"
"NLE00102022","2005-04","52.2667","6.9","35.0","TWENTHE 1, NL","13",",E","7",",E","0",",E","0",",","20050430","+,,E","20050419",",,E","0",",,E,30,+","19.7",",,E,19,","72.2",",,,E"
"NLE00102022","2005-05","52.2667","6.9","35.0","TWENTHE 1, NL","17",",E","12",",E","0",",E","0",",","20050531","+,,E","20050503",",,E","0",",,E,31,+","17.0",",,E,03,","94.1",",,,E"
"NLE00102022","2005-06","52.2667","6.9","35.0","TWENTHE 1, NL","10",",E","6",",E","0",",E","0",",","20050630","+,,E","20050612",",,E","0",",,E,30,+","10.0",",,E,12,","43.6",",,,E"
"NLE00102022","2005-07","52.2667","6.9","35.0","TWENTHE 1, NL","18",",E","11",",E","0",",E","0",",","20050731","+,,E","20050729",",,E","0",",,E,31,+","25.1",",,E,29,","102.6",",,,E"
"NLE00102022","2005-08","52.2667","6.9","35.0","TWENTHE 1, NL","16",",E","10",",E","0",",E","0",",","20050831","+,,E","20050819",",,E","0",",,E,31,+","10.8",",,E,19,","72.5",",,,E"
"NLE00102022","2005-09","52.2667","6.9","35.0","TWENTHE 1, NL","8",",E","4",",E","1",",E","0",",","20050930","+,,E","20050915",",,E","0",",,E,30,+","25.9",",,E,15,","46.2",",,,E"
"NLE00102022","2005-10","52.2667","6.9","35.0","TWENTHE 1, NL","9",",E","4",",E","0",",E","0",",","20051031","+,,E","20051024",",,E","0",",,E,31,+","14.7",",,E,24,","35.3",",,,E"
"NLE00102022","2005-11","52.2667","6.9","35.0","TWENTHE 1, NL","18",",E","8",",E","1",",E","5",",","20051127",",,E","20051125",",,E","210",",,E,27,","33.2",",,E,25,","96.8",",,,E"
"NLE00102022","2005-12","52.2667","6.9","35.0","TWENTHE 1, NL","19",",E","7",",E","0",",E","3",",","20051202","+,,E","20051215",",,E","40",",,E,02,+","10.6",",,E,15,","46.7",",,,E"
"NLE00102022","2006-01","52.2667","6.9","35.0","TWENTHE 1, NL","9",",E","6",",E","0",",E","0",",","20060126","+,,E","20060117",",,E","10",",,E,26,+","4.8",",,E,17,","24.9",",,,E"
"NLE00102022","2006-02","52.2667","6.9","35.0","TWENTHE 1, NL","16",",E","8",",E","0",",E","0",",","20060227","+,,E","20060217",",,E","10",",,E,27,+","10.0",",,E,17,","53.3",",,,E"
"NLE00102022","2006-03","52.2667","6.9","35.0","TWENTHE 1, NL","15",",E","11",",E","0",",E","1",",","20060302",",,E","20060308",",,E","30",",,E,02,","13.5",",,E,08,","79.3",",,,E"
"NLE00102022","2006-04","52.2667","6.9","35.0","TWENTHE 1, NL","16",",E","7",",E","0",",E","0",",","20060430","+,,E","20060413",",,E","0",",,E,30,+","9.5",",,E,13,","49.9",",,,E"
"NLE00102022","2006-05","52.2667","6.9","35.0","TWENTHE 1, NL","16",",E","12",",E","0",",E","0",",","20060531","+,,E","20060520",",,E","0",",,E,31,+","21.5",",,E,20,","95.1",",,,E"
"NLE00102022","2006-06","52.2667","6.9","35.0","TWENTHE 1, NL","5",",E","0",",E","0",",E","0",",","20060630","+,,E","20060614",",,E","0",",,E,30,+","2.1",",,E,14,","5.2",",,,E"
"NLE00102022","2006-07","52.2667","6.9","35.0","TWENTHE 1, NL","10",",E","4",",E","0",",E","0",",","20060731","+,,E","20060707",",,E","0",",,E,31,+","15.3",",,E,07,","35.5",",,,E"
"NLE00102022","2006-08","52.2667","6.9","35.0","TWENTHE 1, NL","23",",E","15",",E","1",",E","0",",","20060831","+,,E","20060801",",,E","0",",,E,31,+","31.0",",,E,01,","171.2",",,,E"
"NLE00102022","2006-09","52.2667","6.9","35.0","TWENTHE 1, NL","6",",E","1",",E","0",",E","0",",","20060930","+,,E","20060926",",,E","0",",,E,30,+","4.5",",,E,26,","10.5",",,,E"
"NLE00102022","2006-10","52.2667","6.9","35.0","TWENTHE 1, NL","19",",E","12",",E","0",",E","0",",","20061031","+,,E","20061002",",,E","0",",,E,31,+","18.1",",,E,02,","101.4",",,,E"
"NLE00102022","2006-11","52.2667","6.9","35.0","TWENTHE 1, NL","19",",E","13",",E","0",",E","0",",","20061130","+,,E","20061120",",,E","0",",,E,30,+","12.7",",,E,20,","87.9",",,,E"
"NLE00102022","2006-12","52.2667","6.9","35.0","TWENTHE 1, NL","20",",E","10",",E","0",",E","0",",","20061231","+,,E","20061207",",,E","0",",,E,31,+","15.1",",,E,07,","87.6",",,,E"
"NLE00102022","2007-01","52.2667","6.9","35.0","TWENTHE 1, NL","24",",E","15",",E","1",",E","0",",","20070131","+,,E","20070118",",,E","0",",,E,31,+","26.7",",,E,18,","147.3",",,,E"
"NLE00102022","2007-02","52.2667","6.9","35.0","TWENTHE 1, NL","15",",E","11",",E","0",",E","0",",","20070209","+,,E","20070212",",,E","10",",,E,09,+","16.5",",,E,12,","112.4",",,,E"
"NLE00102022","2007-03","52.2667","6.9","35.0","TWENTHE 1, NL","16",",E","9",",E","0",",E","0",",","20070331","+,,E","20070306",",,E","0",",,E,31,+","14.0",",,E,06,","67.8",",,,E"
"NLE00102022","2007-04","52.2667","6.9","35.0","TWENTHE 1, NL","1",",E","0",",E","0",",E","0",",","20070430","+,,E","20070403",",,E","0",",,E,30,+","0.4",",,E,03,","0.4",",,,E"
"NLE00102022","2007-05","52.2667","6.9","35.0","TWENTHE 1, NL","20",",E","14",",E","1",",E","0",",","20070531","+,,E","20070507",",,E","0",",,E,31,+","29.0",",,E,07,","137.5",",,,E"
"NLE00102022","2007-06","52.2667","6.9","35.0","TWENTHE 1, NL","18",",E","10",",E","0",",E","0",",","20070630","+,,E","20070610",",,E","0",",,E,30,+","17.8",",,E,10,","91.4",",,,E"
"NLE00102022","2007-07","52.2667","6.9","35.0","TWENTHE 1, NL","22",",E","15",",E","0",",E","0",",","20070731","+,,E","20070728",",,E","0",",,E,31,+","17.3",",,E,28,","105.3",",,,E"
"NLE00102022","2007-08","52.2667","6.9","35.0","TWENTHE 1, NL","13",",E","4",",E","0",",E","0",",","20070831","+,,E","20070821",",,E","0",",,E,31,+","18.9",",,E,21,","51.0",",,,E"
"NLE00102022","2007-09","52.2667","6.9","35.0","TWENTHE 1, NL","19",",E","7",",E","0",",E","0",",","20070930","+,,E","20070902",",,E","0",",,E,30,+","21.3",",,E,02,","82.0",",,,E"
"NLE00102022","2007-10","52.2667","6.9","35.0","TWENTHE 1, NL","7",",E","4",",E","0",",E","0",",","20071031","+,,E","20071003",",,E","0",",,E,31,+","17.4",",,E,03,","48.8",",,,E"
"NLE00102022","2007-11","52.2667","6.9","35.0","TWENTHE 1, NL","21",",E","10",",E","0",",E","0",",","20071130","+,,E","20071110",",,E","0",",,E,30,+","12.3",",,E,10,","71.6",",,,E"
"NLE00102022","2007-12","52.2667","6.9","35.0","TWENTHE 1, NL","15",",E","5",",E","1",",E","0",",","20071231","+,,E","20071206",",,E","0",",,E,31,+","27.4",",,E,06,","88.5",",,,E"
"NLE00102022","2008-01","52.2667","6.9","35.0","TWENTHE 1, NL","23",",E","13",",E","0",",E","0",",","20080131","+,,E","20080119",",,E","0",",,E,31,+","18.8",",,E,19,","120.6",",,,E"
"NLE00102022","2008-02","52.2667","6.9","35.0","TWENTHE 1, NL","11",",E","4",",E","0",",E","0",",","20080229","+,,E","20080229",",,E","0",",,E,29,+","15.6",",,E,29,","43.5",",,,E"
"NLE00102022","2008-03","52.2667","6.9","35.0","TWENTHE 1, NL","24",",E","10",",E","0",",E","0",",","20080326","+,,E","20080320",",,E","10",",,E,26,+","21.6",",,E,20,","101.8",",,,E"
"NLE00102022","2008-04","52.2667","6.9","35.0","TWENTHE 1, NL","11",",E","5",",E","0",",E","0",",","20080430","+,,E","20080428",",,E","0",",,E,30,+","11.7",",,E,28,","35.1",",,,E"
"NLE00102022","2008-05","52.2667","6.9","35.0","TWENTHE 1, NL","10",",E","4",",E","0",",E","0",",","20080531","+,,E","20080515",",,E","0",",,E,31,+","19.3",",,E,15,","45.4",",,,E"
"NLE00102022","2008-06","52.2667","6.9","35.0","TWENTHE 1, NL","11",",E","5",",E","0",",E","0",",","20080630","+,,E","20080622",",,E","0",",,E,30,+","11.0",",,E,22,","31.7",",,,E"
"NLE00102022","2008-07","52.2667","6.9","35.0","TWENTHE 1, NL","21",",E","12",",E","0",",E","0",",","20080731","+,,E","20080710",",,E","0",",,E,31,+","17.3",",,E,10,","95.2",",,,E"
"NLE00102022","2008-08","52.2667","6.9","35.0","TWENTHE 1, NL","17",",E","7",",E","0",",E","0",",","20080831","+,,E","20080803",",,E","0",",,E,31,+","13.3",",,E,03,","58.2",",,,E"
"NLE00102022","2008-09","52.2667","6.9","35.0","TWENTHE 1, NL","10",",E","7",",E","1",",E","0",",","20080930","+,,E","20080930",",,E","0",",,E,30,+","45.5",",,E,30,","85.0",",,,E"
"NLE00102022","2008-10","52.2667","6.9","35.0","TWENTHE 1, NL","18",",E","8",",E","0",",E","0",",","20081031","+,,E","20081005",",,E","0",",,E,31,+","11.4",",,E,05,","64.5",",,,E"
"NLE00102022","2008-11","52.2667","6.9","35.0","TWENTHE 1, NL","24",",E","13",",E","0",",E","1",",","20081124",",,E","20081120",",,E","40",",,E,24,","10.0",",,E,20,","75.4",",,,E"
"NLE00102022","2008-12","52.2667","6.9","35.0","TWENTHE 1, NL","12",",E","4",",E","0",",E","0",",","20081201",",,E","20081219","+,,E","10",",,E,01,","6.7",",,E,19,+","26.4",",,,E"
"NLE00102022","2009-01","52.2667","6.9","35.0","TWENTHE 1, NL","13",",E","5",",E","0",",E","7",",","20090111","+,,E","20090104",",,E","40",",,E,11,+","11.9",",,E,04,","46.9",",,,E"
"NLE00102022","2009-02","52.2667","6.9","35.0","TWENTHE 1, NL","20",",E","7",",E","0",",E","0",",","20090204","+,,E","20090209",",,E","10",",,E,04,+","11.9",",,E,09,","64.9",",,,E"
"NLE00102022","2009-03","52.2667","6.9","35.0","TWENTHE 1, NL","19",",E","11",",E","0",",E","","","","","20090305",",,E","","","14.8",",,E,05,","91.0",",,,E"
"NLE00102022","2009-04","52.2667","6.9","35.0","TWENTHE 1, NL","6",",E","2",",E","0",",E","","","","","20090428",",,E","","","3.9",",,E,28,","14.7",",,,E"
"NLE00102022","2009-05","52.2667","6.9","35.0","TWENTHE 1, NL","14",",E","5",",E","0",",E","0",",","20090531","+,,E","20090505",",,E","0",",,E,31,+","11.9",",,E,05,","46.2",",,,E"
"NLE00102022","2009-06","52.2667","6.9","35.0","TWENTHE 1, NL","14",",E","9",",E","0",",E","0",",","20090630","+,,E","20090610",",,E","0",",,E,30,+","23.5",",,E,10,","89.4",",,,E"
"NLE00102022","2009-07","52.2667","6.9","35.0","TWENTHE 1, NL","21",",E","17",",E","1",",E","0",",","20090731","+,,E","20090703",",,E","0",",,E,31,+","27.0",",,E,03,","176.0",",,,E"
"NLE00102022","2009-08","52.2667","6.9","35.0","TWENTHE 1, NL","10",",E","5",",E","0",",E","0",",","20090831","+,,E","20090802",",,E","0",",,E,31,+","7.2",",,E,02,","30.1",",,,E"
"NLE00102022","2009-09","52.2667","6.9","35.0","TWENTHE 1, NL","10",",E","8",",E","0",",E","0",",","20090930","+,,E","20090904",",,E","0",",,E,30,+","17.7",",,E,04,","52.9",",,,E"
"NLE00102022","2009-10","52.2667","6.9","35.0","TWENTHE 1, NL","17",",E","7",",E","1",",E","0",",","20091031","+,,E","20091007",",,E","0",",,E,31,+","31.1",",,E,07,","72.2",",,,E"
"NLE00102022","2009-11","52.2667","6.9","35.0","TWENTHE 1, NL","22",",E","8",",E","0",",E","0",",","20091130","+,,E","20091101",",,E","0",",,E,30,+","19.5",",,E,01,","106.1",",,,E"
"NLE00102022","2009-12","52.2667","6.9","35.0","TWENTHE 1, NL","22",",E","13",",E","0",",E","4",",","20091222",",,E","20091209",",,E","80",",,E,22,","11.3",",,E,09,","95.1",",,,E"
"NLE00102022","2010-01","52.2667","6.9","35.0","TWENTHE 1, NL","16",",E","7",",E","0",",E","18",",","20100110",",,E","20100116",",,E","80",",,E,10,","6.4",",,E,16,","38.8",",,,E"
"NLE00102022","2010-02","52.2667","6.9","35.0","TWENTHE 1, NL","22",",E","9",",E","0",",E","5",",","20100202","+,,E","20100228",",,E","50",",,E,02,+","13.6",",,E,28,","75.0",",,,E"
"NLE00102022","2010-03","52.2667","6.9","35.0","TWENTHE 1, NL","16",",E","8",",E","0",",E","0",",","20100308",",,E","20100320",",,E","20",",,E,08,","14.4",",,E,20,","60.7",",,,E"
"NLE00102022","2010-04","52.2667","6.9","35.0","TWENTHE 1, NL","12",",E","6",",E","0",",E","0",",","20100430","+,,E","20100403",",,E","0",",,E,30,+","10.5",",,E,03,","39.5",",,,E"
"NLE00102022","2010-05","52.2667","6.9","35.0","TWENTHE 1, NL","14",",E","9",",E","0",",E","0",",","20100531","+,,E","20100530",",,E","0",",,E,31,+","17.0",",,E,30,","65.0",",,,E"
"NLE00102022","2010-06","52.2667","6.9","35.0","TWENTHE 1, NL","5",",E","2",",E","0",",E","0",",","20100630","+,,E","20100609",",,E","0",",,E,30,+","6.0",",,E,09,","15.0",",,,E"
"NLE00102022","2010-07","52.2667","6.9","35.0","TWENTHE 1, NL","13",",E","7",",E","0",",E","0",",","20100731","+,,E","20100727",",,E","0",",,E,31,+","14.9",",,E,27,","70.6",",,,E"
"NLE00102022","2010-08","52.2667","6.9","35.0","TWENTHE 1, NL","23",",E","14",",E","2",",E","0",",","20100831","+,,E","20100826",",,E","0",",,E,31,+","76.4",",,E,26,","238.6",",,,E"
"NLE00102022","2010-09","52.2667","6.9","35.0","TWENTHE 1, NL","19",",E","11",",E","0",",E","0",",","20100930","+,,E","20100927",",,E","0",",,E,30,+","10.5",",,E,27,","72.4",",,,E"
"NLE00102022","2010-10","52.2667","6.9","35.0","TWENTHE 1, NL","14",",E","9",",E","0",",E","0",",","20101031","+,,E","20101015",",,E","0",",,E,31,+","17.3",",,E,15,","57.6",",,,E"
"NLE00102022","2010-11","52.2667","6.9","35.0","TWENTHE 1, NL","17",",E","9",",E","1",",E","0",",","20101130",",,E","20101105",",,E","20",",,E,30,","35.2",",,E,05,","104.3",",,,E"
"NLE00102022","2010-12","52.2667","6.9","35.0","TWENTHE 1, NL","18",",E","8",",E","0",",E","19",",","20101224",",,E","20101209",",,E","210",",,E,24,","11.4",",,E,09,","57.0",",,,E"
"NLE00102022","2011-01","52.2667","6.9","35.0","TWENTHE 1, NL","19",",E","9",",E","0",",E","5",",","20110102","+,,E","20110112",",,E","50",",,E,02,+","17.0",",,E,12,","87.6",",,,E"
"NLE00102022","2011-02","52.2667","6.9","35.0","TWENTHE 1, NL","13",",E","5",",E","0",",E","0",",","20110224",",,E","20110210",",,E","10",",,E,24,","10.6",",,E,10,","47.5",",,,E"
"NLE00102022","2011-03","52.2667","6.9","35.0","TWENTHE 1, NL","6",",E","3",",E","0",",E","0",",","20110331","+,,E","20110313",",,E","0",",,E,31,+","4.6",",,E,13,","15.4",",,,E"
"NLE00102022","2011-04","52.2667","6.9","35.0","TWENTHE 1, NL","7",",E","5",",E","0",",E","0",",","20110430","+,,E","20110427",",,E","0",",,E,30,+","18.3",",,E,27,","39.1",",,,E"
"NLE00102022","2011-05","52.2667","6.9","35.0","TWENTHE 1, NL","11",",E","3",",E","0",",E","0",",","20110531","+,,E","20110516",",,E","0",",,E,31,+","4.2",",,E,16,","19.8",",,,E"
"NLE00102022","2011-06","52.2667","6.9","35.0","TWENTHE 1, NL","19",",E","11",",E","0",",E","0",",","20110630","+,,E","20110616",",,E","0",",,E,30,+","24.0",",,E,16,","101.7",",,,E"
"NLE00102022","2011-07","52.2667","6.9","35.0","TWENTHE 1, NL","15",",E","7",",E","1",",E","0",",","20110731","+,,E","20110728",",,E","0",",,E,31,+","28.4",",,E,28,","99.6",",,,E"
"NLE00102022","2011-08","52.2667","6.9","35.0","TWENTHE 1, NL","20",",E","14",",E","0",",E","0",",","20110831","+,,E","20110808",",,E","0",",,E,31,+","24.9",",,E,08,","157.3",",,,E"
"NLE00102022","2011-09","52.2667","6.9","35.0","TWENTHE 1, NL","10",",E","5",",E","0",",E","0",",","20110930","+,,E","20110906",",,E","0",",,E,30,+","23.4",",,E,06,","50.1",",,,E"
"NLE00102022","2011-10","52.2667","6.9","35.0","TWENTHE 1, NL","12",",E","9",",E","0",",E","0",",","20111031","+,,E","20111011",",,E","0",",,E,31,+","22.0",",,E,11,","85.4",",,,E"
"NLE00102022","2011-11","52.2667","6.9","35.0","TWENTHE 1, NL","6",",E","1",",E","0",",E","0",",","20111130","+,,E","20111123",",,E","0",",,E,30,+","2.8",",,E,23,","9.5",",,,E"
"NLE00102022","2011-12","52.2667","6.9","35.0","TWENTHE 1, NL","28",",E","20",",E","0",",E","0",",","20111220",",,E","20111215",",,E","10",",,E,20,","13.2",",,E,15,","127.1",",,,E"
"NLE00102022","2012-01","52.2667","6.9","35.0","TWENTHE 1, NL","20",",E","14",",E","0",",E","0",",","20120131","+,,E","20120104",",,E","0",",,E,31,+","20.0",",,E,04,","111.3",",,,E"
"NLE00102022","2012-02","52.2667","6.9","35.0","TWENTHE 1, NL","14",",E","4",",E","0",",E","0",",","20120213","+,,E","20120218",",,E","10",",,E,13,+","7.1",",,E,18,","26.2",",,,E"
"NLE00102022","2012-03","52.2667","6.9","35.0","TWENTHE 1, NL","7",",E","2",",E","0",",E","0",",","20120331","+,,E","20120307",",,E","0",",,E,31,+","7.4",",,E,07,","19.0",",,,E"
"NLE00102022","2012-04","52.2667","6.9","35.0","TWENTHE 1, NL","19",",E","6",",E","0",",E","0",",","20120430","+,,E","20120414",",,E","0",",,E,30,+","13.4",",,E,14,","60.6",",,,E"
"NLE00102022","2012-05","52.2667","6.9","35.0","TWENTHE 1, NL","12",",E","7",",E","0",",E","0",",","20120531","+,,E","20120515",",,E","0",",,E,31,+","15.3",",,E,15,","52.4",",,,E"
"NLE00102022","2012-06","52.2667","6.9","35.0","TWENTHE 1, NL","18",",E","10",",E","0",",E","0",",","20120630","+,,E","20120616",",,E","0",",,E,30,+","14.1",",,E,16,","83.1",",,,E"
"NLE00102022","2012-07","52.2667","6.9","35.0","TWENTHE 1, NL","17",",E","10",",E","0",",E","0",",","20120731","+,,E","20120727",",,E","0",",,E,31,+","24.8",",,E,27,","118.0",",,,E"
"NLE00102022","2012-08","52.2667","6.9","35.0","TWENTHE 1, NL","12",",E","2",",E","0",",E","0",",","20120831","+,,E","20120826",",,E","0",",,E,31,+","21.9",",,E,26,","37.8",",,,E"
"NLE00102022","2012-09","52.2667","6.9","35.0","TWENTHE 1, NL","13",",E","7",",E","1",",E","0",",","20120930","+,,E","20120923",",,E","0",",,E,30,+","33.6",",,E,23,","73.3",",,,E"
"NLE00102022","2012-10","52.2667","6.9","35.0","TWENTHE 1, NL","14",",E","8",",E","0",",E","0",",","20121031","+,,E","20121003",",,E","0",",,E,31,+","24.0",",,E,03,","97.4",",,,E"
"NLE00102022","2012-11","52.2667","6.9","35.0","TWENTHE 1, NL","17",",E","5",",E","0",",E","0",",","20121130","+,,E","20121106",",,E","0",",,E,30,+","5.7",",,E,06,","34.1",",,,E"
"NLE00102022","2012-12","52.2667","6.9","35.0","TWENTHE 1, NL","28",",E","15",",E","1",",E","0",",","20121214","+,,E","20121222",",,E","10",",,E,14,+","25.5",",,E,22,","132.9",",,,E"
"NLE00102022","2013-01","52.2667","6.9","35.0","TWENTHE 1, NL","20",",E","11",",E","0",",E","10",",","20130116",",,E","20130130",",,E","80",",,E,16,","8.6",",,E,30,","60.9",",,,E"
"NLE00102022","2013-02","52.2667","6.9","35.0","TWENTHE 1, NL","16",",E","4",",E","0",",E","1",",","20130224",",,E","20130203",",,E","60",",,E,24,","9.8",",,E,03,","38.7",",,,E"
"NLE00102022","2013-03","52.2667","6.9","35.0","TWENTHE 1, NL","12",",E","3",",E","0",",E","0",",","20130330","+,,E","20130309",",,E","10",",,E,30,+","14.9",",,E,09,","33.4",",,,E"
"NLE00102022","2013-04","52.2667","6.9","35.0","TWENTHE 1, NL","8",",E","5",",E","0",",E","0",",","20130430","+,,E","20130426",",,E","0",",,E,30,+","12.0",",,E,26,","33.6",",,,E"
"NLE00102022","2013-05","52.2667","6.9","35.0","TWENTHE 1, NL","16",",E","7",",E","0",",E","0",",","20130531","+,,E","20130521",",,E","0",",,E,31,+","11.5",",,E,21,","56.2",",,,E"
"NLE00102022","2013-06","52.2667","6.9","35.0","TWENTHE 1, NL","13",",E","9",",E","1",",E","0",",","20130630","+,,E","20130620",",,E","0",",,E,30,+","44.2",",,E,20,","100.9",",,,E"
"NLE00102022","2013-07","52.2667","6.9","35.0","TWENTHE 1, NL","5",",E","4",",E","0",",E","0",",","20130731","+,,E","20130727",",,E","0",",,E,31,+","9.5",",,E,27,","23.0",",,,E"
"NLE00102022","2013-08","52.2667","6.9","35.0","TWENTHE 1, NL","12",",E","5",",E","0",",E","0",",","20130831","+,,E","20130818",",,E","0",",,E,31,+","9.2",",,E,18,","38.5",",,,E"
"NLE00102022","2013-09","52.2667","6.9","35.0","TWENTHE 1, NL","14",",E","10",",E","2",",E","0",",","20130930","+,,E","20130909",",,E","0",",,E,30,+","60.0",",,E,09,","164.0",",,,E"
"NLE00102022","2013-10","52.2667","6.9","35.0","TWENTHE 1, NL","15",",E","7",",E","1",",E","0",",","20131031","+,,E","20131011",",,E","0",",,E,31,+","33.2",",,E,11,","99.0",",,,E"
"NLE00102022","2013-11","52.2667","6.9","35.0","TWENTHE 1, NL","20",",E","10",",E","0",",E","0",",","20131130","+,,E","20131103",",,E","0",",,E,30,+","15.2",",,E,03,","86.0",",,,E"
"NLE00102022","2013-12","52.2667","6.9","35.0","TWENTHE 1, NL","19",",E","5",",E","1",",E","0",",","20131231","+,,E","20131224",",,E","0",",,E,31,+","36.3",",,E,24,","89.2",",,,E"
"NLE00102022","2014-01","52.2667","6.9","35.0","TWENTHE 1, NL","19",",E","10",",E","0",",E","0",",","20140131","+,,E","20140126",",,E","0",",,E,31,+","11.8",",,E,26,","67.1",",,,E"
"NLE00102022","2014-02","52.2667","6.9","35.0","TWENTHE 1, NL","16",",E","7",",E","0",",E","0",",","20140228","+,,E","20140207",",,E","0",",,E,28,+","11.4",",,E,07,","55.2",",,,E"
"NLE00102022","2014-03","52.2667","6.9","35.0","TWENTHE 1, NL","7",",E","3",",E","0",",E","0",",","20140331","+,,E","20140321",",,E","0",",,E,31,+","11.4",",,E,21,","32.4",",,,E"
"NLE00102022","2014-04","52.2667","6.9","35.0","TWENTHE 1, NL","15",",E","8",",E","0",",E","0",",","20140430","+,,E","20140430",",,E","0",",,E,30,+","11.8",",,E,30,","53.7",",,,E"
"NLE00102022","2014-05","52.2667","6.9","35.0","TWENTHE 1, NL","15",",E","11",",E","1",",E","0",",","20140531","+,,E","20140526",",,E","0",",,E,31,+","31.1",",,E,26,","114.0",",,,E"
"NLE00102022","2014-06","52.2667","6.9","35.0","TWENTHE 1, NL","14",",E","7",",E","0",",E","0",",","20140630","+,,E","20140609",",,E","0",",,E,30,+","14.6",",,E,09,","60.0",",,,E"
"NLE00102022","2014-07","52.2667","6.9","35.0","TWENTHE 1, NL","12",",E","8",",E","0",",E","0",",","20140731","+,,E","20140720",",,E","0",",,E,31,+","22.0",",,E,20,","94.3",",,,E"
"NLE00102022","2014-08","52.2667","6.9","35.0","TWENTHE 1, NL","22",",E","13",",E","0",",E","0",",","20140831","+,,E","20140810",",,E","0",",,E,31,+","22.4",",,E,10,","135.6",",,,E"
"NLE00102022","2014-09","52.2667","6.9","35.0","TWENTHE 1, NL","10",",E","4",",E","0",",E","0",",","20140930","+,,E","20140920",",,E","0",",,E,30,+","18.1",",,E,20,","33.1",",,,E"
"NLE00102022","2014-10","52.2667","6.9","35.0","TWENTHE 1, NL","14",",E","9",",E","1",",E","0",",","20141031","+,,E","20141021",",,E","0",",,E,31,+","30.3",",,E,21,","79.2",",,,E"
"NLE00102022","2014-11","52.2667","6.9","35.0","TWENTHE 1, NL","14",",E","6",",E","0",",E","0",",","20141130","+,,E","20141115",",,E","0",",,E,30,+","12.5",",,E,15,","51.5",",,,E"
"NLE00102022","2014-12","52.2667","6.9","35.0","TWENTHE 1, NL","23",",E","12",",E","0",",E","0",",","20141230","+,,E","20141212",",,E","10",",,E,30,+","14.2",",,E,12,","90.3",",,,E"
"NLE00102022","2015-01","52.2667","6.9","35.0","TWENTHE 1, NL","22",",E","15",",E","0",",E","1",",","20150124",",,E","20150108",",,E","40",",,E,24,","15.3",",,E,08,","113.8",",,,E"
"NLE00102022","2015-02","52.2667","6.9","35.0","TWENTHE 1, NL","14",",E","4",",E","0",",E","0",",","20150205","+,,E","20150220",",,E","10",",,E,05,+","17.9",",,E,20,","48.9",",,,E"
"NLE00102022","2015-03","52.2667","6.9","35.0","TWENTHE 1, NL","16",",E","11",",E","0",",E","0",",","20150331","+,,E","20150330",",,E","0",",,E,31,+","23.5",",,E,30,","95.7",",,,E"
"NLE00102022","2015-04","52.2667","6.9","35.0","TWENTHE 1, NL","9",",E","4",",E","0",",E","","","","","20150401",",,E","","","14.3",",,E,01,","41.0",",,,E"
"NLE00102022","2015-05","52.2667","6.9","35.0","TWENTHE 1, NL","17",",E","5",",E","0",",E","0",",","20150531","+,,E","20150504",",,E","0",",,E,31,+","7.3",",,E,04,","39.5",",,,E"
"NLE00102022","2015-06","52.2667","6.9","35.0","TWENTHE 1, NL","12",",E","8",",E","0",",E","0",",","20150630","+,,E","20150621",",,E","0",",,E,30,+","17.0",",,E,21,","58.2",",,,E"
"NLE00102022","2015-07","52.2667","6.9","35.0","TWENTHE 1, NL","18",",E","12",",E","0",",E","","","","","20150725",",,E","","","23.6",",,E,25,","100.8",",,,E"
"NLE00102022","2015-08","52.2667","6.9","35.0","TWENTHE 1, NL","19",",E","11",",E","2",",E","0",",","20150831","+,,E","20150816",",,E","0",",,E,31,+","39.9",",,E,16,","152.3",",,,E"
"NLE00102022","2015-09","52.2667","6.9","35.0","TWENTHE 1, NL","19",",E","11",",E","1",",E","0",",","20150930","+,,E","20150922",",,E","0",",,E,30,+","25.7",",,E,22,","84.8",",,,E"
"NLE00102022","2015-10","52.2667","6.9","35.0","TWENTHE 1, NL","12",",E","6",",E","0",",E","0",",","20151031","+,,E","20151016",",,E","0",",,E,31,+","16.6",",,E,16,","54.5",",,,E"
"NLE00102022","2015-11","52.2667","6.9","35.0","TWENTHE 1, NL","22",",E","19",",E","0",",E","0",",","20151130","+,,E","20151129",",,E","0",",,E,30,+","22.7",",,E,29,","150.7",",,,E"
"NLE00102022","2015-12","52.2667","6.9","35.0","TWENTHE 1, NL","16",",E","8",",E","0",",E","0",",","20151231","+,,E","20151210",",,E","0",",,E,31,+","11.7",",,E,10,","52.9",",,,E"
"NLE00102022","2016-01","52.2667","6.9","35.0","TWENTHE 1, NL","21",",E","13",",E","0",",E","0",",","20160120","+,,E","20160127",",,E","10",",,E,20,+","15.5",",,E,27,","101.5",",,,E"
"NLE00102022","2016-02","52.2667","6.9","35.0","TWENTHE 1, NL","18",",E","8",",E","0",",E","0",",","20160215",",,E","20160209",",,E","10",",,E,15,","19.1",",,E,09,","93.6",",,,E"
"NLE00102022","2016-03","52.2667","6.9","35.0","TWENTHE 1, NL","13",",E","9",",E","0",",E","0",",","20160331","+,,E","20160304",",,E","0",",,E,31,+","7.9",",,E,04,","50.3",",,,E"
"NLE00102022","2016-04","52.2667","6.9","35.0","TWENTHE 1, NL","17",",E","10",",E","0",",E","","","","","20160415",",,E","","","16.1",",,E,15,","72.5",",,,E"
"NLE00102022","2016-05","52.2667","6.9","35.0","TWENTHE 1, NL","11",",E","3",",E","2",",E","","","","","20160523",",,E","","","32.3",",,E,23,","72.4",",,,E"
"NLE00102022","2016-06","52.2667","6.9","35.0","TWENTHE 1, NL","18",",E","13",",E","0",",E","0",",","20160630","+,,E","20160623",",,E","0",",,E,30,+","21.7",",,E,23,","113.5",",,,E"
"NLE00102022","2016-07","52.2667","6.9","35.0","TWENTHE 1, NL","16",",E","9",",E","0",",E","0",",","20160731","+,,E","20160701",",,E","0",",,E,31,+","12.2",",,E,01,","61.3",",,,E"
"NLE00102022","2016-08","52.2667","6.9","35.0","TWENTHE 1, NL","13",",E","7",",E","0",",E","0",",","20160831","+,,E","20160811",",,E","0",",,E,31,+","11.7",",,E,11,","50.7",",,,E"
"NLE00102022","2016-09","52.2667","6.9","35.0","TWENTHE 1, NL","7",",E","3",",E","0",",E","0",",","20160930","+,,E","20160904",",,E","0",",,E,30,+","4.7",",,E,04,","17.7",",,,E"
"NLE00102022","2016-10","52.2667","6.9","35.0","TWENTHE 1, NL","12",",E","4",",E","0",",E","0",",","20161031","+,,E","20161018",",,E","0",",,E,31,+","19.0",",,E,18,","53.7",",,,E"
"NLE00102022","2016-11","52.2667","6.9","35.0","TWENTHE 1, NL","18",",E","11",",E","0",",E","0",",","20161109",",,E","20161117",",,E","10",",,E,09,","15.0",",,E,17,","77.9",",,,E"
"NLE00102022","2016-12","52.2667","6.9","35.0","TWENTHE 1, NL","8",",E","3",",E","0",",E","0",",","20161231","+,,E","20161210",",,E","0",",,E,31,+","10.7",",,E,10,","30.7",",,,E"
"NLE00102022","2017-01","52.2667","6.9","35.0","TWENTHE 1, NL","15",",E","9",",E","1",",E","11",",","20170113",",,E","20170112",",,E","110",",,E,13,","27.8",",,E,12,","67.5",",,,E"
"NLE00102022","2017-02","52.2667","6.9","35.0","TWENTHE 1, NL","18",",E","9",",E","0",",E","0",",","20170213","+,,E","20170222",",,E","10",",,E,13,+","19.4",",,E,22,","70.4",",,,E"
"NLE00102022","2017-03","52.2667","6.9","35.0","TWENTHE 1, NL","16",",E","10",",E","0",",E","0",",","20170331","+,,E","20170320",",,E","0",",,E,31,+","14.1",",,E,20,","69.7",",,,E"
"NLE00102022","2017-04","52.2667","6.9","35.0","TWENTHE 1, NL","12",",E","5",",E","0",",E","0",",","20170430","+,,E","20170428",",,E","0",",,E,30,+","5.0",",,E,28,","25.0",",,,E"
"NLE00102022","2017-05","52.2667","6.9","35.0","TWENTHE 1, NL","12",",E","6",",E","0",",E","0",",","20170531","+,,E","20170512",",,E","0",",,E,31,+","8.6",",,E,12,","38.4",",,,E"
"NLE00102022","2017-06","52.2667","6.9","35.0","TWENTHE 1, NL","14",",E","9",",E","0",",E","0",",","20170630","+,,E","20170630",",,E","0",",,E,30,+","14.0",",,E,30,","65.4",",,,E"
"NLE00102022","2017-07","52.2667","6.9","35.0","TWENTHE 1, NL","19",",E","11",",E","0",",E","0",",","20170731","+,,E","20170711",",,E","0",",,E,31,+","22.9",",,E,11,","113.7",",,,E"
"NLE00102022","2017-08","52.2667","6.9","35.0","TWENTHE 1, NL","15",",E","9",",E","0",",E","0",",","20170831","+,,E","20170815",",,E","0",",,E,31,+","22.7",",,E,15,","87.4",",,,E"
"NLE00102022","2017-09","52.2667","6.9","35.0","TWENTHE 1, NL","18",",E","11",",E","0",",E","0",",","20170930","+,,E","20170917",",,E","0",",,E,30,+","17.6",",,E,17,","115.9",",,,E"
"NLE00102022","2017-10","52.2667","6.9","35.0","TWENTHE 1, NL","21",",E","7",",E","0",",E","0",",","20171031","+,,E","20171004",",,E","0",",,E,31,+","11.9",",,E,04,","67.4",",,,E"
"NLE00102022","2017-11","52.2667","6.9","35.0","TWENTHE 1, NL","22",",E","10",",E","0",",E","0",",","20171130","+,,E","20171120",",,E","0",",,E,30,+","16.1",",,E,20,","79.8",",,,E"
"NLE00102022","2017-12","52.2667","6.9","35.0","TWENTHE 1, NL","23",",E","13",",E","0",",E","1",",","20171211",",,E","20171213",",,E","70",",,E,11,","24.2",",,E,13,","114.2",",,,E"
"NLE00102022","2018-01","52.2667","6.9","35.0","TWENTHE 1, NL","20",",E","10",",E","0",",E","0",",","20180117",",,E","20180115",",,E","10",",,E,17,","22.3",",,E,15,","109.6",",,,E"
"NLE00102022","2018-02","52.2667","6.9","35.0","TWENTHE 1, NL","10",",E","5",",E","0",",E","0",",","20180228","+,,E","20180201",",,E","10",",,E,28,+","13.0",",,E,01,","40.7",",,,E"
"NLE00102022","2018-03","52.2667","6.9","35.0","TWENTHE 1, NL","17",",E","9",",E","0",",E","0",",","20180331","+,,E","20180328",",,E","0",",,E,31,+","14.4",",,E,28,","66.5",",,,E"
"NLE00102022","2018-04","52.2667","6.9","35.0","TWENTHE 1, NL","10",",E","6",",E","0",",E","0",",","20180430","+,,E","20180429",",,E","0",",,E,30,+","10.9",",,E,29,","48.9",",,,E"
"NLE00102022","2018-05","52.2667","6.9","35.0","TWENTHE 1, NL","9",",E","3",",E","0",",E","0",",","20180531","+,,E","20180531","+,,E","0",",,E,31,+","12.8",",,E,31,+","33.2",",,,E"
"NLE00102022","2018-06","52.2667","6.9","35.0","TWENTHE 1, NL","9",",E","2",",E","0",",E","0",",","20180630","+,,E","20180621",",,E","0",",,E,30,+","7.0",",,E,21,","18.5",",,,E"
"NLE00102022","2018-07","52.2667","6.9","35.0","TWENTHE 1, NL","5",",E","3",",E","1",",E","0",",","20180731","+,,E","20180725",",,E","0",",,E,31,+","45.6",",,E,25,","71.6",",,,E"
"NLE00102022","2018-08","52.2667","6.9","35.0","TWENTHE 1, NL","13",",E","8",",E","0",",E","0",",","20180831","+,,E","20180809",",,E","0",",,E,31,+","12.5",",,E,09,","63.9",",,,E"
"NLE00102022","2018-09","52.2667","6.9","35.0","TWENTHE 1, NL","10",",E","5",",E","0",",E","0",",","20180930","+,,E","20180903",",,E","0",",,E,30,+","19.8",",,E,03,","59.4",",,,E"
"NLE00102022","2018-10","52.2667","6.9","35.0","TWENTHE 1, NL","13",",E","4",",E","0",",E","0",",","20181031","+,,E","20181029",",,E","0",",,E,31,+","10.0",",,E,29,","31.2",",,,E"
"NLE00102022","2018-11","52.2667","6.9","35.0","TWENTHE 1, NL","12",",E","5",",E","0",",E","0",",","20181130","+,,E","20181111",",,E","0",",,E,30,+","6.1",",,E,11,","28.9",",,,E"
"NLE00102022","2018-12","52.2667","6.9","35.0","TWENTHE 1, NL","20",",E","12",",E","0",",E","0",",","20181216",",,E","20181221",",,E","10",",,E,16,","19.3",",,E,21,","103.2",",,,E"
"NLE00102022","2019-01","52.2667","6.9","35.0","TWENTHE 1, NL","22",",E","14",",E","0",",E","0",",","20190131","+,,E","20190112",",,E","10",",,E,31,+","11.1",",,E,12,","83.2",",,,E"
"NLE00102022","2019-02","52.2667","6.9","35.0","TWENTHE 1, NL","13",",E","5",",E","0",",E","0",",","20190203","+,,E","20190206",",,E","10",",,E,03,+","13.7",",,E,06,","50.8",",,,E"
"NLE00102022","2019-03","52.2667","6.9","35.0","TWENTHE 1, NL","18",",E","14",",E","0",",E","0",",","20190331","+,,E","20190310",",,E","0",",,E,31,+","19.4",",,E,10,","109.7",",,,E"
"NLE00102022","2019-04","52.2667","6.9","35.0","TWENTHE 1, NL","10",",E","3",",E","0",",E","0",",","20190430","+,,E","20190424",",,E","0",",,E,30,+","9.5",",,E,24,","22.5",",,,E"
"NLE00102022","2019-05","52.2667","6.9","35.0","TWENTHE 1, NL","12",",E","6",",E","0",",E","0",",","20190531","+,,E","20190528",",,E","0",",,E,31,+","8.1",",,E,28,","34.3",",,,E"
"NLE00102022","2019-06","52.2667","6.9","35.0","TWENTHE 1, NL","11",",E","7",",E","0",",E","0",",","20190630","+,,E","20190612",",,E","0",",,E,30,+","16.6",",,E,12,","54.4",",,,E"
"NLE00102022","2019-07","52.2667","6.9","35.0","TWENTHE 1, NL","9",",E","3",",E","0",",E","0",",","20190731","+,,E","20190720",",,E","0",",,E,31,+","3.5",",,E,20,","15.1",",,,E"
"NLE00102022","2019-08","52.2667","6.9","35.0","TWENTHE 1, NL","14",",E","7",",E","0",",E","0",",","20190831","+,,E","20190828",",,E","0",",,E,31,+","23.5",",,E,28,","87.6",",,,E"
"NLE00102022","2019-09","52.2667","6.9","35.0","TWENTHE 1, NL","18",",E","12",",E","0",",E","0",",","20190930","+,,E","20190929",",,E","0",",,E,30,+","21.5",",,E,29,","103.2",",,,E"
"NLE00102022","2019-10","52.2667","6.9","35.0","TWENTHE 1, NL","21",",E","12",",E","1",",E","0",",","20191031","+,,E","20191001",",,E","0",",,E,31,+","32.3",",,E,01,","135.9",",,,E"
"NLE00102022","2019-11","52.2667","6.9","35.0","TWENTHE 1, NL","18",",E","6",",E","1",",E","0",",","20191130","+,,E","20191118",",,E","0",",,E,30,+","25.9",",,E,18,","94.8",",,,E"
"NLE00102022","2019-12","52.2667","6.9","35.0","TWENTHE 1, NL","20",",E","8",",E","0",",E","0",",","20191231","+,,E","20191224",",,E","0",",,E,31,+","10.2",",,E,24,","61.0",",,,E"
"NLE00102022","2020-01","52.2667","6.9","35.0","TWENTHE 1, NL","19",",E","7",",E","0",",E","0",",","20200131","+,,E","20200103",",,E","0",",,E,31,+","5.1",",,E,03,","39.7",",,,E"
"NLE00102022","2020-02","52.2667","6.9","35.0","TWENTHE 1, NL","23",",E","15",",E","0",",E","0",",","20200229","+,,E","20200209",",,E","0",",,E,29,+","15.0",",,E,09,","118.0",",,,E"
"NLE00102022","2020-03","52.2667","6.9","35.0","TWENTHE 1, NL","10",",E","8",",E","0",",E","0",",","20200331","+,,E","20200305",",,E","0",",,E,31,+","12.7",",,E,05,","63.2",",,,E"
"NLE00102022","2020-04","52.2667","6.9","35.0","TWENTHE 1, NL","6",",E","2",",E","0",",E","0",",","20200430","+,,E","20200429",",,E","0",",,E,30,+","4.7",",,E,29,","10.7",",,,E"
"NLE00102022","2020-05","52.2667","6.9","35.0","TWENTHE 1, NL","6",",E","3",",E","0",",E","0",",","20200531","+,,E","20200503",",,E","0",",,E,31,+","8.6",",,E,03,","21.1",",,,E"
"NLE00102022","2020-06","52.2667","6.9","35.0","TWENTHE 1, NL","12",",E","6",",E","0",",E","0",",","20200630","+,,E","20200614",",,E","0",",,E,30,+","20.7",",,E,14,","82.1",",,,E"
"NLE00102022","2020-07","52.2667","6.9","35.0","TWENTHE 1, NL","20",",E","10",",E","0",",E","0",",","20200731","+,,E","20200708",",,E","0",",,E,31,+","14.1",",,E,08,","64.5",",,,E"
"NLE00102022","2020-08","52.2667","6.9","35.0","TWENTHE 1, NL","13",",E","5",",E","0",",E","0",",","20200831","+,,E","20200816",",,E","0",",,E,31,+","12.9",",,E,16,","42.1",",,,E"
"NLE00102022","2020-09","52.2667","6.9","35.0","TWENTHE 1, NL","12",",E","5",",E","1",",E","0",",","20200930","+,,E","20200926",",,E","0",",,E,30,+","25.6",",,E,26,","55.2",",,,E"
"NLE00102022","2020-10","52.2667","6.9","35.0","TWENTHE 1, NL","20",",E","9",",E","0",",E","0",",","20201031","+,,E","20201010",",,E","0",",,E,31,+","13.4",",,E,10,","77.4",",,,E"
"NLE00102022","2020-11","52.2667","6.9","35.0","TWENTHE 1, NL","16",",E","6",",E","0",",E","0",",","20201130","+,,E","20201130",",,E","0",",,E,30,+","9.3",",,E,30,","39.8",",,,E"
"NLE00102022","2020-12","52.2667","6.9","35.0","TWENTHE 1, NL","20",",E","11",",E","0",",E","0",",","20201231","+,,E","20201223",",,E","0",",,E,31,+","22.7",",,E,23,","109.3",",,,E"
"NLE00102022","2021-02","52.2667","6.9","35.0","TWENTHE 1, NL","11",",E","8",",E","0",",E","9",",","20210208",",,E","20210206",",,E","130",",,E,08,","14.5",",,E,06,","54.6",",,,E"
"NLE00102022","2021-03","52.2667","6.9","35.0","TWENTHE 1, NL","17",",E","6",",E","0",",E","0",",","20210331","+,,E","20210312",",,E","0",",,E,31,+","9.4",",,E,12,","46.7",",,,E"
"NLE00102022","2021-04","52.2667","6.9","35.0","TWENTHE 1, NL","12",",E","5",",E","0",",E","0",",","20210406",",,E","20210410",",,E","10",",,E,06,","12.3",",,E,10,","33.0",",,,E"
"NLE00102022","2021-05","52.2667","6.9","35.0","TWENTHE 1, NL","21",",E","17",",E","0",",E","0",",","20210531","+,,E","20210526",",,E","0",",,E,31,+","13.9",",,E,26,","113.9",",,,E"
"NLE00102022","2021-06","52.2667","6.9","35.0","TWENTHE 1, NL","11",",E","7",",E","1",",E","0",",","20210630","+,,E","20210620",",,E","0",",,E,30,+","39.4",",,E,20,","85.7",",,,E"
"NLE00102022","2021-08","52.2667","6.9","35.0","TWENTHE 1, NL","17",",E","6",",E","0",",E","0",",","20210831","+,,E","20210807",",,E","0",",,E,31,+","11.0",",,E,07,","45.9",",,,E"
"NLE00102022","2021-09","52.2667","6.9","35.0","TWENTHE 1, NL","10",",E","5",",E","0",",E","0",",","20210930","+,,E","20210929",",,E","0",",,E,30,+","8.0",",,E,29,","27.3",",,,E"
"NLE00102022","2021-10","52.2667","6.9","35.0","TWENTHE 1, NL","19",",E","12",",E","0",",E","0",",","20211031","+,,E","20211020",",,E","0",",,E,31,+","21.4",",,E,20,","98.4",",,,E"
"NLE00102022","2021-11","52.2667","6.9","35.0","TWENTHE 1, NL","17",",E","6",",E","0",",E","0",",","20211129",",,E","20211126",",,E","10",",,E,29,","14.1",",,E,26,","47.7",",,,E"
"NLE00102022","2021-12","52.2667","6.9","35.0","TWENTHE 1, NL","20",",E","8",",E","0",",E","0",",","20211231","+,,E","20211223",",,E","0",",,E,31,+","6.6",",,E,23,","51.4",",,,E"
"NLE00102022","2022-01","52.2667","6.9","35.0","TWENTHE 1, NL","22",",E","6",",E","0",",E","0",",","20220121",",,E","20220108",",,E","10",",,E,21,","10.8",",,E,08,","47.3",",,,E"
"NLE00102022","2022-02","52.2667","6.9","35.0","TWENTHE 1, NL","20",",E","11",",E","0",",E","0",",","20220228","+,,E","20220220",",,E","0",",,E,28,+","22.0",",,E,20,","124.8",",,,E"
"NLE00102022","2022-03","52.2667","6.9","35.0","TWENTHE 1, NL","5",",E","3",",E","0",",E","0",",","20220331","+,,E","20220320",",,E","0",",,E,31,+","3.6",",,E,20,","13.1",",,,E"
"NLE00102022","2022-04","52.2667","6.9","35.0","TWENTHE 1, NL","9",",E","5",",E","0",",E","0",",","20220401",",,E","20220404",",,E","10",",,E,01,","24.4",",,E,04,","58.7",",,,E"
"NLE00102022","2022-05","52.2667","6.9","35.0","TWENTHE 1, NL","10",",E","5",",E","0",",E","0",",","20220531","+,,E","20220519",",,E","0",",,E,31,+","18.3",",,E,19,","42.5",",,,E"
"NLE00102022","2022-06","52.2667","6.9","35.0","TWENTHE 1, NL","12",",E","7",",E","0",",E","0",",","20220630","+,,E","20220630",",,E","0",",,E,30,+","9.5",",,E,30,","46.9",",,,E"
"NLE00102022","2022-07","52.2667","6.9","35.0","TWENTHE 1, NL","9",",E","2",",E","0",",E","0",",","20220731","+,,E","20220720",",,E","0",",,E,31,+","12.6",",,E,20,","23.8",",,,E"
"NLE00102022","2022-08","52.2667","6.9","35.0","TWENTHE 1, NL","4",",E","1",",E","0",",E","0",",","20220831","+,,E","20220804",",,E","0",",,E,31,+","10.7",",,E,04,","14.2",",,,E"
"NLE00102022","2022-09","52.2667","6.9","35.0","TWENTHE 1, NL","18",",E","11",",E","0",",E","0",",","20220930","+,,E","20220930",",,E","0",",,E,30,+","14.4",",,E,30,","80.9",",,,E"
"NLE00102022","2022-10","52.2667","6.9","35.0","TWENTHE 1, NL","14",",E","5",",E","0",",E","0",",","20221031","+,,E","20221017",",,E","0",",,E,31,+","7.6",",,E,17,","30.1",",,,E"
"NLE00102022","2022-11","52.2667","6.9","35.0","TWENTHE 1, NL","18",",E","8",",E","0",",E","0",",","20221121",",,E","20221115",",,E","10",",,E,21,","14.4",",,E,15,","60.0",",,,E"
"NLE00102022","2022-12","52.2667","6.9","35.0","TWENTHE 1, NL","19",",E","8",",E","0",",E","0",",","20221218","+,,E","20221230",",,E","10",",,E,18,+","23.6",",,E,30,","100.2",",,,E"
"NLE00102022","2023-01","52.2667","6.9","35.0","TWENTHE 1, NL","22",",E","14",",E","0",",E","0",",","20230131","+,,E","20230112",",,E","0",",,E,31,+","13.4",",,E,12,","107.6",",,,E"
"NLE00102022","2023-02","52.2667","6.9","35.0","TWENTHE 1, NL","13",",E","6",",E","0",",E","0",",","20230228","+,,E","20230201",",,E","0",",,E,28,+","11.2",",,E,01,","45.3",",,,E"
"NLE00102022","2023-03","52.2667","6.9","35.0","TWENTHE 1, NL","23",",E","12",",E","1",",E","1",",","20230311",",,E","20230309",",,E","70",",,E,11,","31.6",",,E,09,","115.7",",,,E"
"NLE00102022","2023-04","52.2667","6.9","35.0","TWENTHE 1, NL","17",",E","9",",E","0",",E","0",",","20230430","+,,E","20230421",",,E","0",",,E,30,+","11.4",",,E,21,","68.3",",,,E"
"NLE00102022","2023-05","52.2667","6.9","35.0","TWENTHE 1, NL","8",",E","6",",E","0",",E","0",",","20230531","+,,E","20230509",",,E","0",",,E,31,+","16.4",",,E,09,","40.6",",,,E"
"NLE00102022","2023-06","52.2667","6.9","35.0","TWENTHE 1, NL","5",",E","2",",E","1",",E","0",",","20230630","+,,E","20230622",",,E","0",",,E,30,+","53.9",",,E,22,","60.2",",,,E"
"NLE00102022","2023-07","52.2667","6.9","35.0","TWENTHE 1, NL","20",",E","12",",E","0",",E","0",",","20230731","+,,E","20230709",",,E","0",",,E,31,+","25.3",",,E,09,","119.8",",,,E"
"NLE00102022","2023-08","52.2667","6.9","35.0","TWENTHE 1, NL","20",",E","11",",E","1",",E","0",",","20230831","+,,E","20230802",",,E","0",",,E,31,+","26.1",",,E,02,","102.1",",,,E"
"NLE00102022","2023-09","52.2667","6.9","35.0","TWENTHE 1, NL","10",",E","6",",E","0",",E","0",",","20230930","+,,E","20230918",",,E","0",",,E,30,+","12.7",",,E,18,","53.8",",,,E"
"NLE00102022","2023-10","52.2667","6.9","35.0","TWENTHE 1, NL","19",",E","14",",E","1",",E","0",",","20231031","+,,E","20231013",",,E","0",",,E,31,+","29.4",",,E,13,","158.5",",,,E"
"NLE00102022","2023-11","52.2667","6.9","35.0","TWENTHE 1, NL","24",",E","18",",E","0",",E","0",",","20231130","+,,E","20231108",",,E","10",",,E,30,+","13.7",",,E,08,","138.5",",,,E"
"NLE00102022","2023-12","52.2667","6.9","35.0","TWENTHE 1, NL","23",",E","17",",E","0",",E","0",",","20231205","+,,E","20231222",",,E","10",",,E,05,+","20.3",",,E,22,","156.5",",,,E"
"NLE00102022","2024-01","52.2667","6.9","35.0","TWENTHE 1, NL","18",",E","13",",E","0",",E","0",",","20240120","+,,E","20240102",",,E","10",",,E,20,+","15.7",",,E,02,","93.2",",,,E"
"NLE00102022","2024-03","52.2667","6.9","35.0","TWENTHE 1, NL","16",",E","6",",E","0",",E","0",",","20240331","+,,E","20240324",",,E","0",",,E,31,+","12.2",",,E,24,","43.7",",,,E"
"NLE00102022","2024-04","52.2667","6.9","35.0","TWENTHE 1, NL","20",",E","12",",E","0",",E","0",",","20240430","+,,E","20240415",",,E","0",",,E,30,+","14.9",",,E,15,","88.0",",,,E"
