"STATION","DATE","LATITUDE","LONGITUDE","ELEVATION","NAME","CLDD","CLDD_ATTRIBUTES","DP01","DP01_ATTRIBUTES","DP10","DP10_ATTRIBUTES","DP1X","DP1X_ATTRIBUTES","DSND","DSND_ATTRIBUTES","DT00","DT00_ATTRIBUTES","DT32","DT32_ATTRIBUTES","DX32","DX32_ATTRIBUTES","DX70","DX70_ATTRIBUTES","DX90","DX90_ATTRIBUTES","DYNT","DYNT_ATTRIBUTES","DYSD","DYSD_ATTRIBUTES","DYXP","DYXP_ATTRIBUTES","DYXT","DYXT_ATTRIBUTES","EMNT","EMNT_ATTRIBUTES","EMSD","EMSD_ATTRIBUTES","EMXP","EMXP_ATTRIBUTES","EMXT","EMXT_ATTRIBUTES","HDSD","HDSD_ATTRIBUTES","HTDD","HTDD_ATTRIBUTES","PRCP","PRCP_ATTRIBUTES","TAVG","TAVG_ATTRIBUTES","TMAX","TMAX_ATTRIBUTES","TMIN","TMIN_ATTRIBUTES"
"RSM00029562","1936-03","56.1","91.667","332.0","KEMCHUG, RS","","","5",",I","0",",I","0",",I","","","","","","","","","","","","","","","","","19360313",",,I","","","","","","","1.2",",,I,13,","","","","","","","4.6",",,,I","","","","","",""
"RSM00029562","1936-04","56.1","91.667","332.0","KEMCHUG, RS","","","10",",I","2",",I","0",",I","","","","","","","","","","","","","","","","","19360411",",,I","","","","","","","6.6",",,I,11,","","","","","","","18.0",",,,I","","","","","",""
"RSM00029562","1936-05","56.1","91.667","332.0","KEMCHUG, RS","","","12",",I","7",",I","0",",I","","","","","","","","","","","","","","","","","19360518",",,I","","","","","","","7.4",",,I,18,","","","","","","","42.2",",,,I","","","","","",""
"RSM00029562","1936-06","56.1","91.667","332.0","KEMCHUG, RS","","","11",",I","6",",I","0",",I","","","","","","","","","","","","","","","","","19360624",",,I","","","","","","","7.5",",,I,24,","","","","","","","37.8",",,,I","","","","","",""
"RSM00029562","1936-07","56.1","91.667","332.0","KEMCHUG, RS","","","20",",I","14",",I","0",",I","","","","","","","","","","","","","","","","","19360705",",,I","","","","","","","22.4",",,I,05,","","","","","","","133.1",",,,I","","","","","",""
"RSM00029562","1936-08","56.1","91.667","332.0","KEMCHUG, RS","","","14",",I","6",",I","0",",I","","","","","","","","","","","","","","","","","19360824",",,I","","","","","","","21.4",",,I,24,","","","","","","","63.4",",,,I","","","","","",""
"RSM00029562","1936-09","56.1","91.667","332.0","KEMCHUG, RS","","","14",",I","5",",I","0",",I","","","","","","","","","","","","","","","","","19360926",",,I","","","","","","","9.0",",,I,26,","","","","","","","49.0",",,,I","","","","","",""
"RSM00029562","1936-10","56.1","91.667","332.0","KEMCHUG, RS","","","11",",I","6",",I","0",",I","","","","","","","","","","","","","","","","","19361023",",,I","","","","","","","6.1",",,I,23,","","","","","","","32.0",",,,I","","","","","",""
"RSM00029562","1936-11","56.1","91.667","332.0","KEMCHUG, RS","","","17",",I","7",",I","0",",I","","","","","","","","","","","","","","","","","19361111",",,I","","","","","","","10.7",",,I,11,","","","","","","","56.6",",,,I","","","","","",""
"RSM00029562","1936-12","56.1","91.667","332.0","KEMCHUG, RS","","","18",",I","5",",I","0",",I","","","","","","","","","","","","","","","","","19361207","+,,I","","","","","","","4.6",",,I,07,+","","","","","","","31.5",",,,I","","","","","",""
"RSM00029562","1937-01","56.1","91.667","332.0","KEMCHUG, RS","","","16",",I","4",",I","0",",I","","","","","","","","","","","","","","","","","19370119",",,I","","","","","","","3.8",",,I,19,","","","","","","","22.1",",,,I","","","","","",""
"RSM00029562","1937-02","56.1","91.667","332.0","KEMCHUG, RS","","","13",",I","1",",I","0",",I","","","","","","","","","","","","","","","","","19370202",",,I","","","","","","","3.3",",,I,02,","","","","","","","14.0",",,,I","","","","","",""
"RSM00029562","1937-03","56.1","91.667","332.0","KEMCHUG, RS","","","9",",I","0",",I","0",",I","","","","","","","","","","","","","","","","","19370319",",,I","","","","","","","2.0",",,I,19,","","","","","","","7.2",",,,I","","","","","",""
"RSM00029562","1937-04","56.1","91.667","332.0","KEMCHUG, RS","","","7",",I","0",",I","0",",I","","","","","","","","","","","","","","","","","19370414",",,I","","","","","","","1.2",",,I,14,","","","","","","","6.3",",,,I","","","","","",""
"RSM00029562","1937-05","56.1","91.667","332.0","KEMCHUG, RS","","","5",",I","2",",I","0",",I","","","","","","","","","","","","","","","","","19370529",",,I","","","","","","","15.9",",,I,29,","","","","","","","22.9",",,,I","","","","","",""
"RSM00029562","1937-06","56.1","91.667","332.0","KEMCHUG, RS","","","13",",I","7",",I","0",",I","","","","","","","","","","","","","","","","","19370628",",,I","","","","","","","16.9",",,I,28,","","","","","","","63.8",",,,I","","","","","",""
"RSM00029562","1937-07","56.1","91.667","332.0","KEMCHUG, RS","","","13",",I","8",",I","0",",I","","","","","","","","","","","","","","","","","19370701",",,I","","","","","","","11.7",",,I,01,","","","","","","","58.0",",,,I","","","","","",""
"RSM00029562","1937-08","56.1","91.667","332.0","KEMCHUG, RS","","","11",",I","7",",I","0",",I","","","","","","","","","","","","","","","","","19370830",",,I","","","","","","","17.1",",,I,30,","","","","","","","62.5",",,,I","","","","","",""
"RSM00029562","1937-09","56.1","91.667","332.0","KEMCHUG, RS","","","16",",I","12",",I","0",",I","","","","","","","","","","","","","","","","","19370901",",,I","","","","","","","13.9",",,I,01,","","","","","","","79.5",",,,I","","","","","",""
"RSM00029562","1937-10","56.1","91.667","332.0","KEMCHUG, RS","","","14",",I","4",",I","0",",I","","","","","","","","","","","","","","","","","19371011",",,I","","","","","","","14.0",",,I,11,","","","","","","","37.8",",,,I","","","","","",""
"RSM00029562","1937-11","56.1","91.667","332.0","KEMCHUG, RS","","","10",",I","3",",I","0",",I","","","","","","","","","","","","","","","","","19371127",",,I","","","","","","","4.7",",,I,27,","","","","","","","21.7",",,,I","","","","","",""
"RSM00029562","1937-12","56.1","91.667","332.0","KEMCHUG, RS","","","16",",I","1",",I","0",",I","","","","","","","","","","","","","","","","","19371230",",,I","","","","","","","2.8",",,I,30,","","","","","","","16.9",",,,I","","","","","",""
"RSM00029562","1938-01","56.1","91.667","332.0","KEMCHUG, RS","","","11",",I","0",",I","0",",I","","","","","","","","","","","","","","","","","19380113",",,I","","","","","","","1.6",",,I,13,","","","","","","","8.8",",,,I","","","","","",""
"RSM00029562","1938-02","56.1","91.667","332.0","KEMCHUG, RS","","","14",",I","1",",I","0",",I","","","","","","","","","","","","","","","","","19380211",",,I","","","","","","","3.3",",,I,11,","","","","","","","15.0",",,,I","","","","","",""
"RSM00029562","1938-03","56.1","91.667","332.0","KEMCHUG, RS","","","5",",I","0",",I","0",",I","","","","","","","","","","","","","","","","","19380325",",,I","","","","","","","1.1",",,I,25,","","","","","","","4.2",",,,I","","","","","",""
"RSM00029562","1938-04","56.1","91.667","332.0","KEMCHUG, RS","","","8",",I","0",",I","0",",I","","","","","","","","","","","","","","","","","19380417","+,,I","","","","","","","2.1",",,I,17,+","","","","","","","8.9",",,,I","","","","","",""
"RSM00029562","1938-05","56.1","91.667","332.0","KEMCHUG, RS","","","14",",I","5",",I","0",",I","","","","","","","","","","","","","","","","","19380527",",,I","","","","","","","12.6",",,I,27,","","","","","","","43.7",",,,I","","","","","",""
"RSM00029562","1938-06","56.1","91.667","332.0","KEMCHUG, RS","","","14",",I","5",",I","1",",I","","","","","","","","","","","","","","","","","19380629",",,I","","","","","","","34.8",",,I,29,","","","","","","","93.0",",,,I","","","","","",""
"RSM00029562","1938-07","56.1","91.667","332.0","KEMCHUG, RS","","","14",",I","9",",I","0",",I","","","","","","","","","","","","","","","","","19380707",",,I","","","","","","","16.0",",,I,07,","","","","","","","89.3",",,,I","","","","","",""
"RSM00029562","1938-08","56.1","91.667","332.0","KEMCHUG, RS","","","14",",I","10",",I","0",",I","","","","","","","","","","","","","","","","","19380804",",,I","","","","","","","23.1",",,I,04,","","","","","","","74.1",",,,I","","","","","",""
"RSM00029562","1938-09","56.1","91.667","332.0","KEMCHUG, RS","","","16",",I","9",",I","0",",I","","","","","","","","","","","","","","","","","19380912",",,I","","","","","","","20.3",",,I,12,","","","","","","","83.9",",,,I","","","","","",""
"RSM00029562","1938-10","56.1","91.667","332.0","KEMCHUG, RS","","","25",",I","11",",I","0",",I","","","","","","","","","","","","","","","","","19381023",",,I","","","","","","","8.8",",,I,23,","","","","","","","77.1",",,,I","","","","","",""
"RSM00029562","1938-11","56.1","91.667","332.0","KEMCHUG, RS","","","14",",I","7",",I","0",",I","","","","","","","","","","","","","","","","","19381106",",,I","","","","","","","9.1",",,I,06,","","","","","","","39.0",",,,I","","","","","",""
"RSM00029562","1938-12","56.1","91.667","332.0","KEMCHUG, RS","","","16",",I","2",",I","0",",I","","","","","","","","","","","","","","","","","19381206",",,I","","","","","","","4.8",",,I,06,","","","","","","","23.4",",,,I","","","","","",""
"RSM00029562","1939-01","56.1","91.667","332.0","KEMCHUG, RS","","","15",",I","0",",I","0",",I","","","","","","","","","","","","","","","","","19390103",",,I","","","","","","","2.2",",,I,03,","","","","","","","16.1",",,,I","","","","","",""
"RSM00029562","1939-02","56.1","91.667","332.0","KEMCHUG, RS","","","7",",I","2",",I","0",",I","","","","","","","","","","","","","","","","","19390227","+,,I","","","","","","","3.4",",,I,27,+","","","","","","","11.7",",,,I","","","","","",""
"RSM00029562","1939-03","56.1","91.667","332.0","KEMCHUG, RS","","","12",",I","2",",I","0",",I","","","","","","","","","","","","","","","","","19390326",",,I","","","","","","","2.9",",,I,26,","","","","","","","13.4",",,,I","","","","","",""
"RSM00029562","1939-04","56.1","91.667","332.0","KEMCHUG, RS","","","6",",I","1",",I","0",",I","","","","","","","","","","","","","","","","","19390422",",,I","","","","","","","2.8",",,I,22,","","","","","","","9.2",",,,I","","","","","",""
"RSM00029562","1939-05","56.1","91.667","332.0","KEMCHUG, RS","","","18",",I","8",",I","0",",I","","","","","","","","","","","","","","","","","19390525",",,I","","","","","","","12.0",",,I,25,","","","","","","","53.7",",,,I","","","","","",""
"RSM00029562","1939-06","56.1","91.667","332.0","KEMCHUG, RS","","","13",",I","9",",I","0",",I","","","","","","","","","","","","","","","","","19390621",",,I","","","","","","","8.0",",,I,21,","","","","","","","58.3",",,,I","","","","","",""
"RSM00029562","1939-07","56.1","91.667","332.0","KEMCHUG, RS","","","16",",I","10",",I","0",",I","","","","","","","","","","","","","","","","","19390731",",,I","","","","","","","10.9",",,I,31,","","","","","","","67.9",",,,I","","","","","",""
"RSM00029562","1939-08","56.1","91.667","332.0","KEMCHUG, RS","","","19",",I","10",",I","0",",I","","","","","","","","","","","","","","","","","19390807",",,I","","","","","","","16.5",",,I,07,","","","","","","","84.5",",,,I","","","","","",""
"RSM00029562","1939-09","56.1","91.667","332.0","KEMCHUG, RS","","","12",",I","4",",I","0",",I","","","","","","","","","","","","","","","","","19390911",",,I","","","","","","","12.2",",,I,11,","","","","","","","40.0",",,,I","","","","","",""
"RSM00029562","1939-10","56.1","91.667","332.0","KEMCHUG, RS","","","13",",I","3",",I","0",",I","","","","","","","","","","","","","","","","","19391010",",,I","","","","","","","9.3",",,I,10,","","","","","","","31.2",",,,I","","","","","",""
"RSM00029562","1939-11","56.1","91.667","332.0","KEMCHUG, RS","","","22",",I","5",",I","0",",I","","","","","","","","","","","","","","","","","19391101",",,I","","","","","","","5.6",",,I,01,","","","","","","","37.9",",,,I","","","","","",""
"RSM00029562","1939-12","56.1","91.667","332.0","KEMCHUG, RS","","","17",",I","1",",I","0",",I","","","","","","","","","","","","","","","","","19391228",",,I","","","","","","","2.8",",,I,28,","","","","","","","17.9",",,,I","","","","","",""
"RSM00029562","1940-01","56.1","91.667","332.0","KEMCHUG, RS","","","13",",I","4",",I","0",",I","","","","","","","","","","","","","","","","","19400102",",,I","","","","","","","4.8",",,I,02,","","","","","","","20.6",",,,I","","","","","",""
"RSM00029562","1940-02","56.1","91.667","332.0","KEMCHUG, RS","","","12",",I","1",",I","0",",I","","","","","","","","","","","","","","","","","19400208",",,I","","","","","","","2.6",",,I,08,","","","","","","","13.7",",,,I","","","","","",""
"RSM00029562","1940-03","56.1","91.667","332.0","KEMCHUG, RS","","","7",",I","1",",I","0",",I","","","","","","","","","","","","","","","","","19400310",",,I","","","","","","","4.0",",,I,10,","","","","","","","11.7",",,,I","","","","","",""
"RSM00029562","1940-04","56.1","91.667","332.0","KEMCHUG, RS","","","12",",I","4",",I","0",",I","","","","","","","","","","","","","","","","","19400427",",,I","","","","","","","7.7",",,I,27,","","","","","","","27.2",",,,I","","","","","",""
"RSM00029562","1940-05","56.1","91.667","332.0","KEMCHUG, RS","","","14",",I","5",",I","0",",I","","","","","","","","","","","","","","","","","19400520",",,I","","","","","","","7.9",",,I,20,","","","","","","","38.0",",,,I","","","","","",""
"RSM00029562","1940-06","56.1","91.667","332.0","KEMCHUG, RS","","","16",",I","8",",I","0",",I","","","","","","","","","","","","","","","","","19400622",",,I","","","","","","","13.7",",,I,22,","","","","","","","67.4",",,,I","","","","","",""
"RSM00029562","1940-07","56.1","91.667","332.0","KEMCHUG, RS","","","11",",I","5",",I","0",",I","","","","","","","","","","","","","","","","","19400715",",,I","","","","","","","11.2",",,I,15,","","","","","","","40.7",",,,I","","","","","",""
"RSM00029562","1940-08","56.1","91.667","332.0","KEMCHUG, RS","","","13",",I","5",",I","0",",I","","","","","","","","","","","","","","","","","19400808",",,I","","","","","","","17.4",",,I,08,","","","","","","","50.4",",,,I","","","","","",""
"RSM00029562","1940-09","56.1","91.667","332.0","KEMCHUG, RS","","","18",",I","5",",I","0",",I","","","","","","","","","","","","","","","","","19400918",",,I","","","","","","","11.6",",,I,18,","","","","","","","43.4",",,,I","","","","","",""
"RSM00029562","1940-10","56.1","91.667","332.0","KEMCHUG, RS","","","20",",I","7",",I","0",",I","","","","","","","","","","","","","","","","","19401029",",,I","","","","","","","11.8",",,I,29,","","","","","","","60.9",",,,I","","","","","",""
"RSM00029562","1940-11","56.1","91.667","332.0","KEMCHUG, RS","","","14",",I","5",",I","0",",I","","","","","","","","","","","","","","","","","19401117",",,I","","","","","","","6.1",",,I,17,","","","","","","","26.7",",,,I","","","","","",""
"RSM00029562","1940-12","56.1","91.667","332.0","KEMCHUG, RS","","","17",",I","6",",I","0",",I","","","","","","","","","","","","","","","","","19401211",",,I","","","","","","","5.4",",,I,11,","","","","","","","33.5",",,,I","","","","","",""
"RSM00029562","1941-01","56.1","91.667","332.0","KEMCHUG, RS","","","12",",I","2",",I","0",",I","","","","","","","","","","","","","","","","","19410111",",,I","","","","","","","3.7",",,I,11,","","","","","","","16.5",",,,I","","","","","",""
"RSM00029562","1941-02","56.1","91.667","332.0","KEMCHUG, RS","","","10",",I","3",",I","0",",I","","","","","","","","","","","","","","","","","19410215",",,I","","","","","","","3.7",",,I,15,","","","","","","","15.6",",,,I","","","","","",""
"RSM00029562","1941-03","56.1","91.667","332.0","KEMCHUG, RS","","","16",",I","2",",I","0",",I","","","","","","","","","","","","","","","","","19410331",",,I","","","","","","","10.5",",,I,31,","","","","","","","34.1",",,,I","","","","","",""
"RSM00029562","1941-04","56.1","91.667","332.0","KEMCHUG, RS","","","18",",I","7",",I","0",",I","","","","","","","","","","","","","","","","","19410417",",,I","","","","","","","7.7",",,I,17,","","","","","","","46.8",",,,I","","","","","",""
"RSM00029562","1941-05","56.1","91.667","332.0","KEMCHUG, RS","","","14",",I","7",",I","0",",I","","","","","","","","","","","","","","","","","19410516",",,I","","","","","","","11.6",",,I,16,","","","","","","","54.5",",,,I","","","","","",""
"RSM00029562","1941-06","56.1","91.667","332.0","KEMCHUG, RS","","","16",",I","11",",I","0",",I","","","","","","","","","","","","","","","","","19410620",",,I","","","","","","","15.3",",,I,20,","","","","","","","79.1",",,,I","","","","","",""
"RSM00029562","1941-07","56.1","91.667","332.0","KEMCHUG, RS","","","22",",I","12",",I","0",",I","","","","","","","","","","","","","","","","","19410713",",,I","","","","","","","17.9",",,I,13,","","","","","","","120.1",",,,I","","","","","",""
"RSM00029562","1941-08","56.1","91.667","332.0","KEMCHUG, RS","","","20",",I","13",",I","2",",I","","","","","","","","","","","","","","","","","19410803",",,I","","","","","","","30.8",",,I,03,","","","","","","","132.9",",,,I","","","","","",""
"RSM00029562","1941-09","56.1","91.667","332.0","KEMCHUG, RS","","","10",",I","2",",I","0",",I","","","","","","","","","","","","","","","","","19410913",",,I","","","","","","","25.2",",,I,13,","","","","","","","38.4",",,,I","","","","","",""
"RSM00029562","1941-10","56.1","91.667","332.0","KEMCHUG, RS","","","16",",I","5",",I","0",",I","","","","","","","","","","","","","","","","","19411002",",,I","","","","","","","4.8",",,I,02,","","","","","","","30.5",",,,I","","","","","",""
"RSM00029562","1941-11","56.1","91.667","332.0","KEMCHUG, RS","","","13",",I","0",",I","0",",I","","","","","","","","","","","","","","","","","19411113",",,I","","","","","","","2.2",",,I,13,","","","","","","","15.0",",,,I","","","","","",""
"RSM00029562","1941-12","56.1","91.667","332.0","KEMCHUG, RS","","","11",",I","1",",I","0",",I","","","","","","","","","","","","","","","","","19411217",",,I","","","","","","","4.0",",,I,17,","","","","","","","15.6",",,,I","","","","","",""
"RSM00029562","1942-01","56.1","91.667","332.0","KEMCHUG, RS","","","9",",I","0",",I","0",",I","","","","","","","","","","","","","","","","","19420110",",,I","","","","","","","1.7",",,I,10,","","","","","","","7.3",",,,I","","","","","",""
"RSM00029562","1942-02","56.1","91.667","332.0","KEMCHUG, RS","","","13",",I","1",",I","0",",I","","","","","","","","","","","","","","","","","19420227",",,I","","","","","","","2.5",",,I,27,","","","","","","","16.2",",,,I","","","","","",""
"RSM00029562","1942-03","56.1","91.667","332.0","KEMCHUG, RS","","","11",",I","1",",I","0",",I","","","","","","","","","","","","","","","","","19420321",",,I","","","","","","","3.3",",,I,21,","","","","","","","11.7",",,,I","","","","","",""
"RSM00029562","1942-04","56.1","91.667","332.0","KEMCHUG, RS","","","13",",I","5",",I","0",",I","","","","","","","","","","","","","","","","","19420429",",,I","","","","","","","6.3",",,I,29,","","","","","","","28.3",",,,I","","","","","",""
"RSM00029562","1942-05","56.1","91.667","332.0","KEMCHUG, RS","","","11",",I","6",",I","0",",I","","","","","","","","","","","","","","","","","19420531",",,I","","","","","","","8.8",",,I,31,","","","","","","","43.6",",,,I","","","","","",""
"RSM00029562","1942-06","56.1","91.667","332.0","KEMCHUG, RS","","","20",",I","12",",I","0",",I","","","","","","","","","","","","","","","","","19420630",",,I","","","","","","","25.1",",,I,30,","","","","","","","120.0",",,,I","","","","","",""
"RSM00029562","1942-07","56.1","91.667","332.0","KEMCHUG, RS","","","9",",I","4",",I","0",",I","","","","","","","","","","","","","","","","","19420705",",,I","","","","","","","9.1",",,I,05,","","","","","","","32.7",",,,I","","","","","",""
"RSM00029562","1942-08","56.1","91.667","332.0","KEMCHUG, RS","","","14",",I","11",",I","0",",I","","","","","","","","","","","","","","","","","19420810",",,I","","","","","","","14.1",",,I,10,","","","","","","","86.2",",,,I","","","","","",""
"RSM00029562","1942-09","56.1","91.667","332.0","KEMCHUG, RS","","","10",",I","4",",I","0",",I","","","","","","","","","","","","","","","","","19420930",",,I","","","","","","","9.4",",,I,30,","","","","","","","27.0",",,,I","","","","","",""
"RSM00029562","1942-10","56.1","91.667","332.0","KEMCHUG, RS","","","19",",I","5",",I","0",",I","","","","","","","","","","","","","","","","","19421012",",,I","","","","","","","14.6",",,I,12,","","","","","","","45.4",",,,I","","","","","",""
"RSM00029562","1942-11","56.1","91.667","332.0","KEMCHUG, RS","","","18",",I","3",",I","0",",I","","","","","","","","","","","","","","","","","19421109",",,I","","","","","","","5.7",",,I,09,","","","","","","","27.5",",,,I","","","","","",""
"RSM00029562","1942-12","56.1","91.667","332.0","KEMCHUG, RS","","","11",",I","1",",I","0",",I","","","","","","","","","","","","","","","","","19421217",",,I","","","","","","","4.0",",,I,17,","","","","","","","12.8",",,,I","","","","","",""
"RSM00029562","1943-01","56.1","91.667","332.0","KEMCHUG, RS","","","10",",I","2",",I","0",",I","","","","","","","","","","","","","","","","","19430128",",,I","","","","","","","3.5",",,I,28,","","","","","","","14.9",",,,I","","","","","",""
"RSM00029562","1943-02","56.1","91.667","332.0","KEMCHUG, RS","","","15",",I","1",",I","0",",I","","","","","","","","","","","","","","","","","19430205",",,I","","","","","","","5.0",",,I,05,","","","","","","","17.1",",,,I","","","","","",""
"RSM00029562","1943-03","56.1","91.667","332.0","KEMCHUG, RS","","","7",",I","1",",I","0",",I","","","","","","","","","","","","","","","","","19430313",",,I","","","","","","","2.8",",,I,13,","","","","","","","10.5",",,,I","","","","","",""
"RSM00029562","1943-04","56.1","91.667","332.0","KEMCHUG, RS","","","5",",I","2",",I","0",",I","","","","","","","","","","","","","","","","","19430413",",,I","","","","","","","6.3",",,I,13,","","","","","","","14.5",",,,I","","","","","",""
"RSM00029562","1943-05","56.1","91.667","332.0","KEMCHUG, RS","","","16",",I","9",",I","0",",I","","","","","","","","","","","","","","","","","19430528",",,I","","","","","","","17.2",",,I,28,","","","","","","","70.4",",,,I","","","","","",""
"RSM00029562","1943-06","56.1","91.667","332.0","KEMCHUG, RS","","","11",",I","4",",I","0",",I","","","","","","","","","","","","","","","","","19430620",",,I","","","","","","","22.5",",,I,20,","","","","","","","53.4",",,,I","","","","","",""
"RSM00029562","1943-07","56.1","91.667","332.0","KEMCHUG, RS","","","16",",I","11",",I","0",",I","","","","","","","","","","","","","","","","","19430722",",,I","","","","","","","13.8",",,I,22,","","","","","","","88.6",",,,I","","","","","",""
"RSM00029562","1943-08","56.1","91.667","332.0","KEMCHUG, RS","","","11",",I","6",",I","0",",I","","","","","","","","","","","","","","","","","19430831",",,I","","","","","","","11.4",",,I,31,","","","","","","","35.2",",,,I","","","","","",""
"RSM00029562","1943-09","56.1","91.667","332.0","KEMCHUG, RS","","","12",",I","6",",I","0",",I","","","","","","","","","","","","","","","","","19430915",",,I","","","","","","","12.4",",,I,15,","","","","","","","40.1",",,,I","","","","","",""
"RSM00029562","1943-10","56.1","91.667","332.0","KEMCHUG, RS","","","20",",I","4",",I","0",",I","","","","","","","","","","","","","","","","","19431004",",,I","","","","","","","5.0",",,I,04,","","","","","","","31.5",",,,I","","","","","",""
"RSM00029562","1943-11","56.1","91.667","332.0","KEMCHUG, RS","","","23",",I","5",",I","0",",I","","","","","","","","","","","","","","","","","19431129","+,,I","","","","","","","3.9",",,I,29,+","","","","","","","34.4",",,,I","","","","","",""
"RSM00029562","1943-12","56.1","91.667","332.0","KEMCHUG, RS","","","18",",I","2",",I","0",",I","","","","","","","","","","","","","","","","","19431216",",,I","","","","","","","3.3",",,I,16,","","","","","","","21.0",",,,I","","","","","",""
"RSM00029562","1944-01","56.1","91.667","332.0","KEMCHUG, RS","","","7",",I","0",",I","0",",I","","","","","","","","","","","","","","","","","19440127","+,,I","","","","","","","1.7",",,I,27,+","","","","","","","5.9",",,,I","","","","","",""
"RSM00029562","1944-02","56.1","91.667","332.0","KEMCHUG, RS","","","9",",I","1",",I","0",",I","","","","","","","","","","","","","","","","","19440211",",,I","","","","","","","3.4",",,I,11,","","","","","","","11.7",",,,I","","","","","",""
"RSM00029562","1944-03","56.1","91.667","332.0","KEMCHUG, RS","","","12",",I","1",",I","0",",I","","","","","","","","","","","","","","","","","19440327",",,I","","","","","","","5.2",",,I,27,","","","","","","","17.5",",,,I","","","","","",""
"RSM00029562","1944-04","56.1","91.667","332.0","KEMCHUG, RS","","","7",",I","4",",I","0",",I","","","","","","","","","","","","","","","","","19440423",",,I","","","","","","","9.0",",,I,23,","","","","","","","24.7",",,,I","","","","","",""
"RSM00029562","1944-05","56.1","91.667","332.0","KEMCHUG, RS","","","16",",I","8",",I","1",",I","","","","","","","","","","","","","","","","","19440527",",,I","","","","","","","33.9",",,I,27,","","","","","","","80.3",",,,I","","","","","",""
"RSM00029562","1944-06","56.1","91.667","332.0","KEMCHUG, RS","","","12",",I","4",",I","0",",I","","","","","","","","","","","","","","","","","19440615",",,I","","","","","","","11.0",",,I,15,","","","","","","","29.8",",,,I","","","","","",""
"RSM00029562","1944-07","56.1","91.667","332.0","KEMCHUG, RS","","","9",",I","6",",I","0",",I","","","","","","","","","","","","","","","","","19440730",",,I","","","","","","","10.9",",,I,30,","","","","","","","38.4",",,,I","","","","","",""
"RSM00029562","1944-08","56.1","91.667","332.0","KEMCHUG, RS","","","17",",I","10",",I","0",",I","","","","","","","","","","","","","","","","","19440801",",,I","","","","","","","10.6",",,I,01,","","","","","","","57.6",",,,I","","","","","",""
"RSM00029562","1944-09","56.1","91.667","332.0","KEMCHUG, RS","","","17",",I","6",",I","0",",I","","","","","","","","","","","","","","","","","19440907",",,I","","","","","","","10.8",",,I,07,","","","","","","","48.0",",,,I","","","","","",""
"RSM00029562","1944-10","56.1","91.667","332.0","KEMCHUG, RS","","","15",",I","4",",I","0",",I","","","","","","","","","","","","","","","","","19441006",",,I","","","","","","","4.1",",,I,06,","","","","","","","26.0",",,,I","","","","","",""
"RSM00029562","1944-11","56.1","91.667","332.0","KEMCHUG, RS","","","20",",I","4",",I","0",",I","","","","","","","","","","","","","","","","","19441120",",,I","","","","","","","13.5",",,I,20,","","","","","","","44.4",",,,I","","","","","",""
"RSM00029562","1944-12","56.1","91.667","332.0","KEMCHUG, RS","","","21",",I","0",",I","0",",I","","","","","","","","","","","","","","","","","19441217",",,I","","","","","","","2.4",",,I,17,","","","","","","","19.8",",,,I","","","","","",""
"RSM00029562","1945-01","56.1","91.667","332.0","KEMCHUG, RS","","","15",",I","0",",I","0",",I","","","","","","","","","","","","","","","","","19450119","+,,I","","","","","","","1.6",",,I,19,+","","","","","","","12.4",",,,I","","","","","",""
"RSM00029562","1945-02","56.1","91.667","332.0","KEMCHUG, RS","","","2",",I","0",",I","0",",I","","","","","","","","","","","","","","","","","19450217",",,I","","","","","","","1.5",",,I,17,","","","","","","","2.0",",,,I","","","","","",""
"RSM00029562","1945-03","56.1","91.667","332.0","KEMCHUG, RS","","","8",",I","0",",I","0",",I","","","","","","","","","","","","","","","","","19450312",",,I","","","","","","","0.8",",,I,12,","","","","","","","4.5",",,,I","","","","","",""
"RSM00029562","1945-04","56.1","91.667","332.0","KEMCHUG, RS","","","10",",I","2",",I","0",",I","","","","","","","","","","","","","","","","","19450425",",,I","","","","","","","2.7",",,I,25,","","","","","","","14.9",",,,I","","","","","",""
"RSM00029562","1945-05","56.1","91.667","332.0","KEMCHUG, RS","","","11",",I","6",",I","0",",I","","","","","","","","","","","","","","","","","19450512",",,I","","","","","","","7.9",",,I,12,","","","","","","","33.7",",,,I","","","","","",""
"RSM00029562","1945-06","56.1","91.667","332.0","KEMCHUG, RS","","","16",",I","7",",I","0",",I","","","","","","","","","","","","","","","","","19450618",",,I","","","","","","","9.1",",,I,18,","","","","","","","49.1",",,,I","","","","","",""
"RSM00029562","1945-07","56.1","91.667","332.0","KEMCHUG, RS","","","13",",I","5",",I","0",",I","","","","","","","","","","","","","","","","","19450719",",,I","","","","","","","9.4",",,I,19,","","","","","","","40.1",",,,I","","","","","",""
"RSM00029562","1945-08","56.1","91.667","332.0","KEMCHUG, RS","","","10",",I","3",",I","0",",I","","","","","","","","","","","","","","","","","19450812",",,I","","","","","","","6.2",",,I,12,","","","","","","","23.5",",,,I","","","","","",""
"RSM00029562","1945-09","56.1","91.667","332.0","KEMCHUG, RS","","","14",",I","10",",I","0",",I","","","","","","","","","","","","","","","","","19450915",",,I","","","","","","","12.3",",,I,15,","","","","","","","58.0",",,,I","","","","","",""
"RSM00029562","1945-10","56.1","91.667","332.0","KEMCHUG, RS","","","13",",I","6",",I","0",",I","","","","","","","","","","","","","","","","","19451030",",,I","","","","","","","13.4",",,I,30,","","","","","","","48.4",",,,I","","","","","",""
"RSM00029562","1945-11","56.1","91.667","332.0","KEMCHUG, RS","","","11",",I","2",",I","0",",I","","","","","","","","","","","","","","","","","19451129",",,I","","","","","","","3.5",",,I,29,","","","","","","","17.6",",,,I","","","","","",""
"RSM00029562","1945-12","56.1","91.667","332.0","KEMCHUG, RS","","","15",",I","5",",I","0",",I","","","","","","","","","","","","","","","","","19451223",",,I","","","","","","","4.2",",,I,23,","","","","","","","25.6",",,,I","","","","","",""
"RSM00029562","1946-01","56.1","91.667","332.0","KEMCHUG, RS","","","17",",I","1",",I","0",",I","","","","","","","","","","","","","","","","","19460117",",,I","","","","","","","2.7",",,I,17,","","","","","","","16.3",",,,I","","","","","",""
"RSM00029562","1946-02","56.1","91.667","332.0","KEMCHUG, RS","","","11",",I","2",",I","0",",I","","","","","","","","","","","","","","","","","19460227",",,I","","","","","","","3.3",",,I,27,","","","","","","","16.3",",,,I","","","","","",""
"RSM00029562","1946-03","56.1","91.667","332.0","KEMCHUG, RS","","","13",",I","0",",I","0",",I","","","","","","","","","","","","","","","","","19460329",",,I","","","","","","","1.7",",,I,29,","","","","","","","11.2",",,,I","","","","","",""
"RSM00029562","1946-04","56.1","91.667","332.0","KEMCHUG, RS","","","15",",I","7",",I","0",",I","","","","","","","","","","","","","","","","","19460427",",,I","","","","","","","8.8",",,I,27,","","","","","","","38.1",",,,I","","","","","",""
"RSM00029562","1946-05","56.1","91.667","332.0","KEMCHUG, RS","","","10",",I","4",",I","0",",I","","","","","","","","","","","","","","","","","19460523",",,I","","","","","","","8.7",",,I,23,","","","","","","","30.5",",,,I","","","","","",""
"RSM00029562","1946-06","56.1","91.667","332.0","KEMCHUG, RS","","","19",",I","10",",I","0",",I","","","","","","","","","","","","","","","","","19460615",",,I","","","","","","","21.0",",,I,15,","","","","","","","84.1",",,,I","","","","","",""
"RSM00029562","1946-07","56.1","91.667","332.0","KEMCHUG, RS","","","11",",I","9",",I","0",",I","","","","","","","","","","","","","","","","","19460713",",,I","","","","","","","15.4",",,I,13,","","","","","","","60.5",",,,I","","","","","",""
"RSM00029562","1946-08","56.1","91.667","332.0","KEMCHUG, RS","","","18",",I","9",",I","1",",I","","","","","","","","","","","","","","","","","19460814",",,I","","","","","","","29.5",",,I,14,","","","","","","","90.9",",,,I","","","","","",""
"RSM00029562","1946-09","56.1","91.667","332.0","KEMCHUG, RS","","","16",",I","9",",I","0",",I","","","","","","","","","","","","","","","","","19460901",",,I","","","","","","","11.5",",,I,01,","","","","","","","65.3",",,,I","","","","","",""
"RSM00029562","1946-10","56.1","91.667","332.0","KEMCHUG, RS","","","14",",I","5",",I","0",",I","","","","","","","","","","","","","","","","","19461007",",,I","","","","","","","18.5",",,I,07,","","","","","","","53.0",",,,I","","","","","",""
"RSM00029562","1946-11","56.1","91.667","332.0","KEMCHUG, RS","","","11",",I","1",",I","0",",I","","","","","","","","","","","","","","","","","19461122",",,I","","","","","","","7.7",",,I,22,","","","","","","","19.9",",,,I","","","","","",""
"RSM00029562","1946-12","56.1","91.667","332.0","KEMCHUG, RS","","","12",",I","0",",I","0",",I","","","","","","","","","","","","","","","","","19461201",",,I","","","","","","","2.1",",,I,01,","","","","","","","12.7",",,,I","","","","","",""
"RSM00029562","1947-01","56.1","91.667","332.0","KEMCHUG, RS","","","9",",I","0",",I","0",",I","","","","","","","","","","","","","","","","","19470112",",,I","","","","","","","1.6",",,I,12,","","","","","","","7.8",",,,I","","","","","",""
"RSM00029562","1947-02","56.1","91.667","332.0","KEMCHUG, RS","","","17",",I","2",",I","0",",I","","","","","","","","","","","","","","","","","19470226",",,I","","","","","","","5.4",",,I,26,","","","","","","","23.7",",,,I","","","","","",""
"RSM00029562","1947-03","56.1","91.667","332.0","KEMCHUG, RS","","","13",",I","0",",I","0",",I","","","","","","","","","","","","","","","","","19470328",",,I","","","","","","","2.3",",,I,28,","","","","","","","13.4",",,,I","","","","","",""
"RSM00029562","1947-04","56.1","91.667","332.0","KEMCHUG, RS","","","13",",I","6",",I","0",",I","","","","","","","","","","","","","","","","","19470404",",,I","","","","","","","4.8",",,I,04,","","","","","","","31.4",",,,I","","","","","",""
"RSM00029562","1947-05","56.1","91.667","332.0","KEMCHUG, RS","","","13",",I","7",",I","0",",I","","","","","","","","","","","","","","","","","19470512",",,I","","","","","","","10.8",",,I,12,","","","","","","","52.6",",,,I","","","","","",""
"RSM00029562","1947-06","56.1","91.667","332.0","KEMCHUG, RS","","","11",",I","7",",I","0",",I","","","","","","","","","","","","","","","","","19470615",",,I","","","","","","","20.1",",,I,15,","","","","","","","61.9",",,,I","","","","","",""
"RSM00029562","1947-07","56.1","91.667","332.0","KEMCHUG, RS","","","14",",I","9",",I","0",",I","","","","","","","","","","","","","","","","","19470712",",,I","","","","","","","18.0",",,I,12,","","","","","","","85.6",",,,I","","","","","",""
"RSM00029562","1947-08","56.1","91.667","332.0","KEMCHUG, RS","","","15",",I","9",",I","0",",I","","","","","","","","","","","","","","","","","19470810",",,I","","","","","","","9.3",",,I,10,","","","","","","","54.1",",,,I","","","","","",""
"RSM00029562","1947-09","56.1","91.667","332.0","KEMCHUG, RS","","","16",",I","8",",I","0",",I","","","","","","","","","","","","","","","","","19470911",",,I","","","","","","","10.4",",,I,11,","","","","","","","50.9",",,,I","","","","","",""
"RSM00029562","1947-10","56.1","91.667","332.0","KEMCHUG, RS","","","6",",I","2",",I","0",",I","","","","","","","","","","","","","","","","","19471019",",,I","","","","","","","2.9",",,I,19,","","","","","","","8.7",",,,I","","","","","",""
"RSM00029562","1947-11","56.1","91.667","332.0","KEMCHUG, RS","","","17",",I","5",",I","0",",I","","","","","","","","","","","","","","","","","19471123",",,I","","","","","","","5.6",",,I,23,","","","","","","","35.0",",,,I","","","","","",""
"RSM00029562","1947-12","56.1","91.667","332.0","KEMCHUG, RS","","","12",",I","0",",I","0",",I","","","","","","","","","","","","","","","","","19471201",",,I","","","","","","","1.9",",,I,01,","","","","","","","7.4",",,,I","","","","","",""
"RSM00029562","1948-01","56.1","91.667","332.0","KEMCHUG, RS","","","20",",I","3",",I","0",",I","","","","","","","","","","","","","","","","","19480116",",,I","","","","","","","3.9",",,I,16,","","","","","","","28.7",",,,I","","","","","",""
"RSM00029562","1948-02","56.1","91.667","332.0","KEMCHUG, RS","","","10",",I","0",",I","0",",I","","","","","","","","","","","","","","","","","19480217",",,I","","","","","","","2.4",",,I,17,","","","","","","","11.4",",,,I","","","","","",""
"RSM00029562","1948-03","56.1","91.667","332.0","KEMCHUG, RS","","","4",",I","0",",I","0",",I","","","","","","","","","","","","","","","","","19480329",",,I","","","","","","","0.9",",,I,29,","","","","","","","3.1",",,,I","","","","","",""
"RSM00029562","1948-04","56.1","91.667","332.0","KEMCHUG, RS","","","13",",I","1",",I","0",",I","","","","","","","","","","","","","","","","","19480401",",,I","","","","","","","9.6",",,I,01,","","","","","","","20.5",",,,I","","","","","",""
"RSM00029562","1948-05","56.1","91.667","332.0","KEMCHUG, RS","","","15",",I","7",",I","0",",I","","","","","","","","","","","","","","","","","19480524",",,I","","","","","","","9.9",",,I,24,","","","","","","","48.8",",,,I","","","","","",""
"RSM00029562","1948-06","56.1","91.667","332.0","KEMCHUG, RS","","","18",",I","11",",I","0",",I","","","","","","","","","","","","","","","","","19480621",",,I","","","","","","","18.6",",,I,21,","","","","","","","100.6",",,,I","","","","","",""
"RSM00029562","1948-07","56.1","91.667","332.0","KEMCHUG, RS","","","11",",I","6",",I","0",",I","","","","","","","","","","","","","","","","","19480701",",,I","","","","","","","13.8",",,I,01,","","","","","","","55.2",",,,I","","","","","",""
"RSM00029562","1948-08","56.1","91.667","332.0","KEMCHUG, RS","","","18",",I","7",",I","0",",I","","","","","","","","","","","","","","","","","19480830",",,I","","","","","","","20.5",",,I,30,","","","","","","","77.2",",,,I","","","","","",""
"RSM00029562","1948-09","56.1","91.667","332.0","KEMCHUG, RS","","","14",",I","7",",I","0",",I","","","","","","","","","","","","","","","","","19480911",",,I","","","","","","","10.6",",,I,11,","","","","","","","49.9",",,,I","","","","","",""
"RSM00029562","1948-10","56.1","91.667","332.0","KEMCHUG, RS","","","16",",I","6",",I","0",",I","","","","","","","","","","","","","","","","","19481008",",,I","","","","","","","16.5",",,I,08,","","","","","","","61.1",",,,I","","","","","",""
"RSM00029562","1948-11","56.1","91.667","332.0","KEMCHUG, RS","","","11",",I","1",",I","0",",I","","","","","","","","","","","","","","","","","19481117",",,I","","","","","","","7.4",",,I,17,","","","","","","","15.8",",,,I","","","","","",""
"RSM00029562","1948-12","56.1","91.667","332.0","KEMCHUG, RS","","","14",",I","3",",I","0",",I","","","","","","","","","","","","","","","","","19481208",",,I","","","","","","","5.2",",,I,08,","","","","","","","22.6",",,,I","","","","","",""
"RSM00029562","1949-01","56.1","91.667","332.0","KEMCHUG, RS","","","13",",I","0",",I","0",",I","","","","","","","","","","","","","","","","","19490122","+,,I","","","","","","","1.2",",,I,22,+","","","","","","","10.2",",,,I","","","","","",""
"RSM00029562","1949-02","56.1","91.667","332.0","KEMCHUG, RS","","","8",",I","0",",I","0",",I","","","","","","","","","","","","","","","","","19490226",",,I","","","","","","","0.7",",,I,26,","","","","","","","3.7",",,,I","","","","","",""
"RSM00029562","1949-03","56.1","91.667","332.0","KEMCHUG, RS","","","11",",I","0",",I","0",",I","","","","","","","","","","","","","","","","","19490314","+,,I","","","","","","","1.1",",,I,14,+","","","","","","","7.0",",,,I","","","","","",""
"RSM00029562","1949-04","56.1","91.667","332.0","KEMCHUG, RS","","","6",",I","2",",I","0",",I","","","","","","","","","","","","","","","","","19490423",",,I","","","","","","","7.2",",,I,23,","","","","","","","14.4",",,,I","","","","","",""
"RSM00029562","1949-05","56.1","91.667","332.0","KEMCHUG, RS","","","19",",I","9",",I","0",",I","","","","","","","","","","","","","","","","","19490528",",,I","","","","","","","9.8",",,I,28,","","","","","","","49.6",",,,I","","","","","",""
"RSM00029562","1949-06","56.1","91.667","332.0","KEMCHUG, RS","","","15",",I","10",",I","0",",I","","","","","","","","","","","","","","","","","19490615",",,I","","","","","","","15.5",",,I,15,","","","","","","","63.5",",,,I","","","","","",""
"RSM00029562","1949-07","56.1","91.667","332.0","KEMCHUG, RS","","","12",",I","7",",I","1",",I","","","","","","","","","","","","","","","","","19490724",",,I","","","","","","","31.0",",,I,24,","","","","","","","85.2",",,,I","","","","","",""
"RSM00029562","1949-08","56.1","91.667","332.0","KEMCHUG, RS","","","14",",I","7",",I","1",",I","","","","","","","","","","","","","","","","","19490805",",,I","","","","","","","48.3",",,I,05,","","","","","","","108.7",",,,I","","","","","",""
"RSM00029562","1949-09","56.1","91.667","332.0","KEMCHUG, RS","","","15",",I","5",",I","0",",I","","","","","","","","","","","","","","","","","19490913",",,I","","","","","","","22.6",",,I,13,","","","","","","","74.0",",,,I","","","","","",""
"RSM00029562","1949-10","56.1","91.667","332.0","KEMCHUG, RS","","","10",",I","3",",I","0",",I","","","","","","","","","","","","","","","","","19491023",",,I","","","","","","","5.2",",,I,23,","","","","","","","18.6",",,,I","","","","","",""
"RSM00029562","1949-11","56.1","91.667","332.0","KEMCHUG, RS","","","16",",I","3",",I","0",",I","","","","","","","","","","","","","","","","","19491113",",,I","","","","","","","3.6",",,I,13,","","","","","","","23.0",",,,I","","","","","",""
"RSM00029562","1949-12","56.1","91.667","332.0","KEMCHUG, RS","","","10",",I","0",",I","0",",I","","","","","","","","","","","","","","","","","19491214",",,I","","","","","","","1.8",",,I,14,","","","","","","","8.5",",,,I","","","","","",""
"RSM00029562","1950-01","56.1","91.667","332.0","KEMCHUG, RS","","","15",",I","0",",I","0",",I","","","","","","","","","","","","","","","","","19500124",",,I","","","","","","","2.1",",,I,24,","","","","","","","16.7",",,,I","","","","","",""
"RSM00029562","1950-02","56.1","91.667","332.0","KEMCHUG, RS","","","7",",I","0",",I","0",",I","","","","","","","","","","","","","","","","","19500223",",,I","","","","","","","1.9",",,I,23,","","","","","","","8.4",",,,I","","","","","",""
"RSM00029562","1950-03","56.1","91.667","332.0","KEMCHUG, RS","","","11",",I","2",",I","0",",I","","","","","","","","","","","","","","","","","19500304",",,I","","","","","","","2.7",",,I,04,","","","","","","","13.6",",,,I","","","","","",""
"RSM00029562","1950-04","56.1","91.667","332.0","KEMCHUG, RS","","","12",",I","6",",I","0",",I","","","","","","","","","","","","","","","","","19500419",",,I","","","","","","","5.4",",,I,19,","","","","","","","33.8",",,,I","","","","","",""
"RSM00029562","1950-05","56.1","91.667","332.0","KEMCHUG, RS","","","17",",I","8",",I","0",",I","","","","","","","","","","","","","","","","","19500526",",,I","","","","","","","8.5",",,I,26,","","","","","","","60.6",",,,I","","","","","",""
"RSM00029562","1950-06","56.1","91.667","332.0","KEMCHUG, RS","","","11",",I","4",",I","0",",I","","","","","","","","","","","","","","","","","19500621",",,I","","","","","","","17.1",",,I,21,","","","","","","","40.9",",,,I","","","","","",""
"RSM00029562","1950-07","56.1","91.667","332.0","KEMCHUG, RS","","","13",",I","7",",I","0",",I","","","","","","","","","","","","","","","","","19500705",",,I","","","","","","","16.1",",,I,05,","","","","","","","43.8",",,,I","","","","","",""
"RSM00029562","1950-08","56.1","91.667","332.0","KEMCHUG, RS","","","13",",I","5",",I","0",",I","","","","","","","","","","","","","","","","","19500802",",,I","","","","","","","19.8",",,I,02,","","","","","","","63.2",",,,I","","","","","",""
"RSM00029562","1950-09","56.1","91.667","332.0","KEMCHUG, RS","","","16",",I","11",",I","1",",I","","","","","","","","","","","","","","","","","19500908",",,I","","","","","","","26.2",",,I,08,","","","","","","","109.6",",,,I","","","","","",""
"RSM00029562","1950-10","56.1","91.667","332.0","KEMCHUG, RS","","","17",",I","6",",I","0",",I","","","","","","","","","","","","","","","","","19501008",",,I","","","","","","","11.5",",,I,08,","","","","","","","44.7",",,,I","","","","","",""
"RSM00029562","1950-11","56.1","91.667","332.0","KEMCHUG, RS","","","17",",I","3",",I","0",",I","","","","","","","","","","","","","","","","","19501117",",,I","","","","","","","6.4",",,I,17,","","","","","","","24.7",",,,I","","","","","",""
"RSM00029562","1950-12","56.1","91.667","332.0","KEMCHUG, RS","","","20",",I","3",",I","0",",I","","","","","","","","","","","","","","","","","19501211",",,I","","","","","","","4.5",",,I,11,","","","","","","","25.5",",,,I","","","","","",""
"RSM00029562","1951-01","56.1","91.667","332.0","KEMCHUG, RS","","","9",",I","0",",I","0",",I","","","","","","","","","","","","","","","","","19510129",",,I","","","","","","","1.4",",,I,29,","","","","","","","6.7",",,,I","","","","","",""
"RSM00029562","1951-02","56.1","91.667","332.0","KEMCHUG, RS","","","8",",I","0",",I","0",",I","","","","","","","","","","","","","","","","","19510208",",,I","","","","","","","2.3",",,I,08,","","","","","","","5.8",",,,I","","","","","",""
"RSM00029562","1951-03","56.1","91.667","332.0","KEMCHUG, RS","","","13",",I","3",",I","0",",I","","","","","","","","","","","","","","","","","19510317",",,I","","","","","","","4.2",",,I,17,","","","","","","","21.9",",,,I","","","","","",""
"RSM00029562","1951-04","56.1","91.667","332.0","KEMCHUG, RS","","","8",",I","2",",I","0",",I","","","","","","","","","","","","","","","","","19510412",",,I","","","","","","","4.1",",,I,12,","","","","","","","11.6",",,,I","","","","","",""
"RSM00029562","1951-05","56.1","91.667","332.0","KEMCHUG, RS","","","11",",I","7",",I","0",",I","","","","","","","","","","","","","","","","","19510505",",,I","","","","","","","7.1",",,I,05,","","","","","","","36.2",",,,I","","","","","",""
"RSM00029562","1951-06","56.1","91.667","332.0","KEMCHUG, RS","","","13",",I","4",",I","0",",I","","","","","","","","","","","","","","","","","19510609",",,I","","","","","","","6.3",",,I,09,","","","","","","","32.5",",,,I","","","","","",""
"RSM00029562","1951-07","56.1","91.667","332.0","KEMCHUG, RS","","","11",",I","6",",I","1",",I","","","","","","","","","","","","","","","","","19510719",",,I","","","","","","","33.6",",,I,19,","","","","","","","80.6",",,,I","","","","","",""
"RSM00029562","1951-08","56.1","91.667","332.0","KEMCHUG, RS","","","22",",I","16",",I","0",",I","","","","","","","","","","","","","","","","","19510815",",,I","","","","","","","14.7",",,I,15,","","","","","","","105.0",",,,I","","","","","",""
"RSM00029562","1951-09","56.1","91.667","332.0","KEMCHUG, RS","","","12",",I","3",",I","0",",I","","","","","","","","","","","","","","","","","19510903",",,I","","","","","","","6.2",",,I,03,","","","","","","","23.9",",,,I","","","","","",""
"RSM00029562","1951-10","56.1","91.667","332.0","KEMCHUG, RS","","","15",",I","4",",I","0",",I","","","","","","","","","","","","","","","","","19511028",",,I","","","","","","","6.9",",,I,28,","","","","","","","31.5",",,,I","","","","","",""
"RSM00029562","1951-11","56.1","91.667","332.0","KEMCHUG, RS","","","16",",I","1",",I","0",",I","","","","","","","","","","","","","","","","","19511123",",,I","","","","","","","2.9",",,I,23,","","","","","","","21.0",",,,I","","","","","",""
"RSM00029562","1951-12","56.1","91.667","332.0","KEMCHUG, RS","","","17",",I","4",",I","0",",I","","","","","","","","","","","","","","","","","19511223",",,I","","","","","","","3.8",",,I,23,","","","","","","","28.1",",,,I","","","","","",""
"RSM00029562","1952-01","56.1","91.667","332.0","KEMCHUG, RS","","","15",",I","0",",I","0",",I","","","","","","","","","","","","","","","","","19520104",",,I","","","","","","","2.1",",,I,04,","","","","","","","13.1",",,,I","","","","","",""
"RSM00029562","1952-02","56.1","91.667","332.0","KEMCHUG, RS","","","11",",I","0",",I","0",",I","","","","","","","","","","","","","","","","","19520220",",,I","","","","","","","1.8",",,I,20,","","","","","","","11.3",",,,I","","","","","",""
"RSM00029562","1952-03","56.1","91.667","332.0","KEMCHUG, RS","","","8",",I","0",",I","0",",I","","","","","","","","","","","","","","","","","19520302",",,I","","","","","","","1.6",",,I,02,","","","","","","","7.5",",,,I","","","","","",""
"RSM00029562","1952-04","56.1","91.667","332.0","KEMCHUG, RS","","","9",",I","3",",I","0",",I","","","","","","","","","","","","","","","","","19520417",",,I","","","","","","","3.9",",,I,17,","","","","","","","16.2",",,,I","","","","","",""
"RSM00029562","1952-05","56.1","91.667","332.0","KEMCHUG, RS","","","13",",I","7",",I","0",",I","","","","","","","","","","","","","","","","","19520523",",,I","","","","","","","14.5",",,I,23,","","","","","","","39.7",",,,I","","","","","",""
"RSM00029562","1952-06","56.1","91.667","332.0","KEMCHUG, RS","","","10",",I","3",",I","0",",I","","","","","","","","","","","","","","","","","19520619",",,I","","","","","","","4.5",",,I,19,","","","","","","","20.9",",,,I","","","","","",""
"RSM00029562","1952-07","56.1","91.667","332.0","KEMCHUG, RS","","","11",",I","9",",I","1",",I","","","","","","","","","","","","","","","","","19520701",",,I","","","","","","","39.5",",,I,01,","","","","","","","110.1",",,,I","","","","","",""
"RSM00029562","1952-08","56.1","91.667","332.0","KEMCHUG, RS","","","14",",I","7",",I","0",",I","","","","","","","","","","","","","","","","","19520826",",,I","","","","","","","12.9",",,I,26,","","","","","","","63.7",",,,I","","","","","",""
"RSM00029562","1952-09","56.1","91.667","332.0","KEMCHUG, RS","","","16",",I","7",",I","0",",I","","","","","","","","","","","","","","","","","19520930",",,I","","","","","","","8.7",",,I,30,","","","","","","","44.1",",,,I","","","","","",""
"RSM00029562","1952-10","56.1","91.667","332.0","KEMCHUG, RS","","","17",",I","6",",I","0",",I","","","","","","","","","","","","","","","","","19521028",",,I","","","","","","","14.7",",,I,28,","","","","","","","43.0",",,,I","","","","","",""
"RSM00029562","1952-11","56.1","91.667","332.0","KEMCHUG, RS","","","17",",I","1",",I","0",",I","","","","","","","","","","","","","","","","","19521115",",,I","","","","","","","3.0",",,I,15,","","","","","","","21.8",",,,I","","","","","",""
"RSM00029562","1952-12","56.1","91.667","332.0","KEMCHUG, RS","","","15",",I","5",",I","0",",I","","","","","","","","","","","","","","","","","19521221",",,I","","","","","","","6.3",",,I,21,","","","","","","","31.7",",,,I","","","","","",""
"RSM00029562","1953-01","56.1","91.667","332.0","KEMCHUG, RS","","","15",",I","3",",I","0",",I","","","","","","","","","","","","","","","","","19530107",",,I","","","","","","","7.0",",,I,07,","","","","","","","27.9",",,,I","","","","","",""
"RSM00029562","1953-02","56.1","91.667","332.0","KEMCHUG, RS","","","9",",I","1",",I","0",",I","","","","","","","","","","","","","","","","","19530222",",,I","","","","","","","3.7",",,I,22,","","","","","","","10.9",",,,I","","","","","",""
"RSM00029562","1953-03","56.1","91.667","332.0","KEMCHUG, RS","","","11",",I","3",",I","0",",I","","","","","","","","","","","","","","","","","19530329",",,I","","","","","","","4.3",",,I,29,","","","","","","","20.2",",,,I","","","","","",""
"RSM00029562","1953-04","56.1","91.667","332.0","KEMCHUG, RS","","","4",",I","2",",I","0",",I","","","","","","","","","","","","","","","","","19530429",",,I","","","","","","","5.3",",,I,29,","","","","","","","11.6",",,,I","","","","","",""
"RSM00029562","1953-05","56.1","91.667","332.0","KEMCHUG, RS","","","9",",I","5",",I","0",",I","","","","","","","","","","","","","","","","","19530505",",,I","","","","","","","9.0",",,I,05,","","","","","","","26.7",",,,I","","","","","",""
"RSM00029562","1953-06","56.1","91.667","332.0","KEMCHUG, RS","","","9",",I","4",",I","1",",I","","","","","","","","","","","","","","","","","19530624",",,I","","","","","","","29.6",",,I,24,","","","","","","","58.8",",,,I","","","","","",""
"RSM00029562","1953-07","56.1","91.667","332.0","KEMCHUG, RS","","","12",",I","10",",I","1",",I","","","","","","","","","","","","","","","","","19530706",",,I","","","","","","","33.0",",,I,06,","","","","","","","119.7",",,,I","","","","","",""
"RSM00029562","1953-08","56.1","91.667","332.0","KEMCHUG, RS","","","14",",I","8",",I","1",",I","","","","","","","","","","","","","","","","","19530814",",,I","","","","","","","31.9",",,I,14,","","","","","","","88.1",",,,I","","","","","",""
"RSM00029562","1953-09","56.1","91.667","332.0","KEMCHUG, RS","","","8",",I","5",",I","0",",I","","","","","","","","","","","","","","","","","19530923",",,I","","","","","","","15.9",",,I,23,","","","","","","","45.4",",,,I","","","","","",""
"RSM00029562","1953-10","56.1","91.667","332.0","KEMCHUG, RS","","","22",",I","7",",I","0",",I","","","","","","","","","","","","","","","","","19531009",",,I","","","","","","","5.5",",,I,09,","","","","","","","45.7",",,,I","","","","","",""
"RSM00029562","1953-11","56.1","91.667","332.0","KEMCHUG, RS","","","16",",I","4",",I","0",",I","","","","","","","","","","","","","","","","","19531121",",,I","","","","","","","3.6",",,I,21,","","","","","","","25.3",",,,I","","","","","",""
"RSM00029562","1953-12","56.1","91.667","332.0","KEMCHUG, RS","","","17",",I","3",",I","0",",I","","","","","","","","","","","","","","","","","19531220",",,I","","","","","","","4.9",",,I,20,","","","","","","","28.0",",,,I","","","","","",""
"RSM00029562","1954-01","56.1","91.667","332.0","KEMCHUG, RS","","","16",",I","4",",I","0",",I","","","","","","","","","","","","","","","","","19540130",",,I","","","","","","","6.6",",,I,30,","","","","","","","25.5",",,,I","","","","","",""
"RSM00029562","1954-02","56.1","91.667","332.0","KEMCHUG, RS","","","8",",I","0",",I","0",",I","","","","","","","","","","","","","","","","","19540221",",,I","","","","","","","1.7",",,I,21,","","","","","","","5.1",",,,I","","","","","",""
"RSM00029562","1954-03","56.1","91.667","332.0","KEMCHUG, RS","","","12",",I","3",",I","0",",I","","","","","","","","","","","","","","","","","19540330","+,,I","","","","","","","5.0",",,I,30,+","","","","","","","21.2",",,,I","","","","","",""
"RSM00029562","1954-04","56.1","91.667","332.0","KEMCHUG, RS","","","8",",I","2",",I","0",",I","","","","","","","","","","","","","","","","","19540406",",,I","","","","","","","5.5",",,I,06,","","","","","","","18.3",",,,I","","","","","",""
"RSM00029562","1954-05","56.1","91.667","332.0","KEMCHUG, RS","","","11",",I","5",",I","0",",I","","","","","","","","","","","","","","","","","19540505",",,I","","","","","","","6.6",",,I,05,","","","","","","","30.7",",,,I","","","","","",""
"RSM00029562","1954-06","56.1","91.667","332.0","KEMCHUG, RS","","","10",",I","9",",I","0",",I","","","","","","","","","","","","","","","","","19540620",",,I","","","","","","","22.5",",,I,20,","","","","","","","104.7",",,,I","","","","","",""
"RSM00029562","1954-07","56.1","91.667","332.0","KEMCHUG, RS","","","12",",I","7",",I","0",",I","","","","","","","","","","","","","","","","","19540707",",,I","","","","","","","13.3",",,I,07,","","","","","","","51.4",",,,I","","","","","",""
"RSM00029562","1954-08","56.1","91.667","332.0","KEMCHUG, RS","","","12",",I","7",",I","0",",I","","","","","","","","","","","","","","","","","19540822",",,I","","","","","","","21.2",",,I,22,","","","","","","","74.0",",,,I","","","","","",""
"RSM00029562","1954-09","56.1","91.667","332.0","KEMCHUG, RS","","","17",",I","6",",I","0",",I","","","","","","","","","","","","","","","","","19540912",",,I","","","","","","","10.2",",,I,12,","","","","","","","45.8",",,,I","","","","","",""
"RSM00029562","1954-10","56.1","91.667","332.0","KEMCHUG, RS","","","15",",I","5",",I","0",",I","","","","","","","","","","","","","","","","","19541006",",,I","","","","","","","10.0",",,I,06,","","","","","","","43.2",",,,I","","","","","",""
"RSM00029562","1954-11","56.1","91.667","332.0","KEMCHUG, RS","","","16",",I","4",",I","0",",I","","","","","","","","","","","","","","","","","19541110",",,I","","","","","","","5.6",",,I,10,","","","","","","","28.1",",,,I","","","","","",""
"RSM00029562","1954-12","56.1","91.667","332.0","KEMCHUG, RS","","","8",",I","2",",I","0",",I","","","","","","","","","","","","","","","","","19541214",",,I","","","","","","","3.0",",,I,14,","","","","","","","12.5",",,,I","","","","","",""
"RSM00029562","1955-01","56.1","91.667","332.0","KEMCHUG, RS","","","6",",I","0",",I","0",",I","","","","","","","","","","","","","","","","","19550111",",,I","","","","","","","1.9",",,I,11,","","","","","","","6.6",",,,I","","","","","",""
"RSM00029562","1955-02","56.1","91.667","332.0","KEMCHUG, RS","","","16",",I","4",",I","0",",I","","","","","","","","","","","","","","","","","19550212",",,I","","","","","","","8.9",",,I,12,","","","","","","","28.0",",,,I","","","","","",""
"RSM00029562","1955-03","56.1","91.667","332.0","KEMCHUG, RS","","","13",",I","1",",I","0",",I","","","","","","","","","","","","","","","","","19550330",",,I","","","","","","","3.3",",,I,30,","","","","","","","14.5",",,,I","","","","","",""
"RSM00029562","1955-04","56.1","91.667","332.0","KEMCHUG, RS","","","4",",I","0",",I","0",",I","","","","","","","","","","","","","","","","","19550404",",,I","","","","","","","2.2",",,I,04,","","","","","","","4.7",",,,I","","","","","",""
"RSM00029562","1955-05","56.1","91.667","332.0","KEMCHUG, RS","","","13",",I","6",",I","0",",I","","","","","","","","","","","","","","","","","19550521",",,I","","","","","","","8.6",",,I,21,","","","","","","","42.2",",,,I","","","","","",""
"RSM00029562","1955-06","56.1","91.667","332.0","KEMCHUG, RS","","","9",",I","5",",I","0",",I","","","","","","","","","","","","","","","","","19550621",",,I","","","","","","","9.5",",,I,21,","","","","","","","39.5",",,,I","","","","","",""
"RSM00029562","1955-07","56.1","91.667","332.0","KEMCHUG, RS","","","12",",I","7",",I","1",",I","","","","","","","","","","","","","","","","","19550705",",,I","","","","","","","67.0",",,I,05,","","","","","","","144.2",",,,I","","","","","",""
"RSM00029562","1955-08","56.1","91.667","332.0","KEMCHUG, RS","","","12",",I","8",",I","0",",I","","","","","","","","","","","","","","","","","19550822",",,I","","","","","","","18.4",",,I,22,","","","","","","","58.1",",,,I","","","","","",""
"RSM00029562","1955-09","56.1","91.667","332.0","KEMCHUG, RS","","","17",",I","13",",I","1",",I","","","","","","","","","","","","","","","","","19550907",",,I","","","","","","","28.5",",,I,07,","","","","","","","108.4",",,,I","","","","","",""
"RSM00029562","1955-10","56.1","91.667","332.0","KEMCHUG, RS","","","6",",I","2",",I","0",",I","","","","","","","","","","","","","","","","","19551017",",,I","","","","","","","5.3",",,I,17,","","","","","","","11.1",",,,I","","","","","",""
"RSM00029562","1955-11","56.1","91.667","332.0","KEMCHUG, RS","","","11",",I","3",",I","0",",I","","","","","","","","","","","","","","","","","19551115",",,I","","","","","","","4.5",",,I,15,","","","","","","","19.4",",,,I","","","","","",""
"RSM00029562","1955-12","56.1","91.667","332.0","KEMCHUG, RS","","","14",",I","4",",I","0",",I","","","","","","","","","","","","","","","","","19551212",",,I","","","","","","","4.5",",,I,12,","","","","","","","24.6",",,,I","","","","","",""
"RSM00029562","1956-01","56.1","91.667","332.0","KEMCHUG, RS","","","11",",I","1",",I","0",",I","","","","","","","","","","","","","","","","","19560127",",,I","","","","","","","3.6",",,I,27,","","","","","","","14.2",",,,I","","","","","",""
"RSM00029562","1956-02","56.1","91.667","332.0","KEMCHUG, RS","","","7",",I","2",",I","0",",I","","","","","","","","","","","","","","","","","19560205",",,I","","","","","","","4.2",",,I,05,","","","","","","","11.2",",,,I","","","","","",""
"RSM00029562","1956-03","56.1","91.667","332.0","KEMCHUG, RS","","","12",",I","1",",I","0",",I","","","","","","","","","","","","","","","","","19560320",",,I","","","","","","","2.5",",,I,20,","","","","","","","10.9",",,,I","","","","","",""
"RSM00029562","1956-04","56.1","91.667","332.0","KEMCHUG, RS","","","11",",I","4",",I","0",",I","","","","","","","","","","","","","","","","","19560416",",,I","","","","","","","7.4",",,I,16,","","","","","","","27.5",",,,I","","","","","",""
"RSM00029562","1956-05","56.1","91.667","332.0","KEMCHUG, RS","","","8",",I","5",",I","0",",I","","","","","","","","","","","","","","","","","19560529",",,I","","","","","","","7.1",",,I,29,","","","","","","","28.8",",,,I","","","","","",""
"RSM00029562","1956-06","56.1","91.667","332.0","KEMCHUG, RS","","","17",",I","6",",I","0",",I","","","","","","","","","","","","","","","","","19560615",",,I","","","","","","","12.1",",,I,15,","","","","","","","59.3",",,,I","","","","","",""
"RSM00029562","1956-07","56.1","91.667","332.0","KEMCHUG, RS","","","13",",I","9",",I","1",",I","","","","","","","","","","","","","","","","","19560725",",,I","","","","","","","25.8",",,I,25,","","","","","","","101.7",",,,I","","","","","",""
"RSM00029562","1956-08","56.1","91.667","332.0","KEMCHUG, RS","","","14",",I","8",",I","0",",I","","","","","","","","","","","","","","","","","19560828",",,I","","","","","","","22.6",",,I,28,","","","","","","","54.5",",,,I","","","","","",""
"RSM00029562","1956-09","56.1","91.667","332.0","KEMCHUG, RS","","","12",",I","9",",I","0",",I","","","","","","","","","","","","","","","","","19560902",",,I","","","","","","","12.8",",,I,02,","","","","","","","68.2",",,,I","","","","","",""
"RSM00029562","1956-10","56.1","91.667","332.0","KEMCHUG, RS","","","19",",I","7",",I","0",",I","","","","","","","","","","","","","","","","","19561001",",,I","","","","","","","6.7",",,I,01,","","","","","","","44.5",",,,I","","","","","",""
"RSM00029562","1956-11","56.1","91.667","332.0","KEMCHUG, RS","","","6",",I","2",",I","0",",I","","","","","","","","","","","","","","","","","19561125",",,I","","","","","","","4.1",",,I,25,","","","","","","","12.8",",,,I","","","","","",""
"RSM00029562","1956-12","56.1","91.667","332.0","KEMCHUG, RS","","","9",",I","2",",I","0",",I","","","","","","","","","","","","","","","","","19561204",",,I","","","","","","","4.3",",,I,04,","","","","","","","11.9",",,,I","","","","","",""
"RSM00029562","1957-01","56.1","91.667","332.0","KEMCHUG, RS","","","14",",I","0",",I","0",",I","","","","","","","","","","","","","","","","","19570118",",,I","","","","","","","2.3",",,I,18,","","","","","","","10.4",",,,I","","","","","",""
"RSM00029562","1957-02","56.1","91.667","332.0","KEMCHUG, RS","","","14",",I","3",",I","0",",I","","","","","","","","","","","","","","","","","19570221",",,I","","","","","","","3.7",",,I,21,","","","","","","","22.5",",,,I","","","","","",""
"RSM00029562","1957-03","56.1","91.667","332.0","KEMCHUG, RS","","","4",",I","0",",I","0",",I","","","","","","","","","","","","","","","","","19570306",",,I","","","","","","","2.0",",,I,06,","","","","","","","4.8",",,,I","","","","","",""
"RSM00029562","1957-04","56.1","91.667","332.0","KEMCHUG, RS","","","14",",I","7",",I","0",",I","","","","","","","","","","","","","","","","","19570415",",,I","","","","","","","7.7",",,I,15,","","","","","","","40.1",",,,I","","","","","",""
"RSM00029562","1957-05","56.1","91.667","332.0","KEMCHUG, RS","","","11",",I","5",",I","0",",I","","","","","","","","","","","","","","","","","19570510",",,I","","","","","","","17.3",",,I,10,","","","","","","","45.1",",,,I","","","","","",""
"RSM00029562","1957-06","56.1","91.667","332.0","KEMCHUG, RS","","","11",",I","6",",I","0",",I","","","","","","","","","","","","","","","","","19570625",",,I","","","","","","","18.3",",,I,25,","","","","","","","63.2",",,,I","","","","","",""
"RSM00029562","1957-07","56.1","91.667","332.0","KEMCHUG, RS","","","12",",I","4",",I","0",",I","","","","","","","","","","","","","","","","","19570720",",,I","","","","","","","13.9",",,I,20,","","","","","","","35.4",",,,I","","","","","",""
"RSM00029562","1957-08","56.1","91.667","332.0","KEMCHUG, RS","","","13",",I","8",",I","1",",I","","","","","","","","","","","","","","","","","19570812",",,I","","","","","","","30.0",",,I,12,","","","","","","","85.2",",,,I","","","","","",""
"RSM00029562","1957-09","56.1","91.667","332.0","KEMCHUG, RS","","","12",",I","5",",I","0",",I","","","","","","","","","","","","","","","","","19570903",",,I","","","","","","","9.8",",,I,03,","","","","","","","40.7",",,,I","","","","","",""
"RSM00029562","1957-10","56.1","91.667","332.0","KEMCHUG, RS","","","14",",I","6",",I","0",",I","","","","","","","","","","","","","","","","","19571023",",,I","","","","","","","8.6",",,I,23,","","","","","","","32.6",",,,I","","","","","",""
"RSM00029562","1957-11","56.1","91.667","332.0","KEMCHUG, RS","","","14",",I","6",",I","0",",I","","","","","","","","","","","","","","","","","19571106",",,I","","","","","","","7.6",",,I,06,","","","","","","","33.8",",,,I","","","","","",""
"RSM00029562","1957-12","56.1","91.667","332.0","KEMCHUG, RS","","","12",",I","2",",I","0",",I","","","","","","","","","","","","","","","","","19571231","+,,I","","","","","","","3.0",",,I,31,+","","","","","","","19.0",",,,I","","","","","",""
"RSM00029562","1958-01","56.1","91.667","332.0","KEMCHUG, RS","","","11",",I","2",",I","0",",I","","","","","","","","","","","","","","","","","19580106",",,I","","","","","","","4.1",",,I,06,","","","","","","","16.6",",,,I","","","","","",""
"RSM00029562","1958-02","56.1","91.667","332.0","KEMCHUG, RS","","","12",",I","1",",I","0",",I","","","","","","","","","","","","","","","","","19580221",",,I","","","","","","","5.5",",,I,21,","","","","","","","17.6",",,,I","","","","","",""
"RSM00029562","1958-03","56.1","91.667","332.0","KEMCHUG, RS","","","7",",I","0",",I","0",",I","","","","","","","","","","","","","","","","","19580318",",,I","","","","","","","2.4",",,I,18,","","","","","","","11.2",",,,I","","","","","",""
"RSM00029562","1958-04","56.1","91.667","332.0","KEMCHUG, RS","","","14",",I","4",",I","0",",I","","","","","","","","","","","","","","","","","19580413",",,I","","","","","","","8.4",",,I,13,","","","","","","","36.3",",,,I","","","","","",""
"RSM00029562","1958-05","56.1","91.667","332.0","KEMCHUG, RS","","","11",",I","2",",I","0",",I","","","","","","","","","","","","","","","","","19580517",",,I","","","","","","","6.4",",,I,17,","","","","","","","21.5",",,,I","","","","","",""
"RSM00029562","1958-06","56.1","91.667","332.0","KEMCHUG, RS","","","6",",I","2",",I","0",",I","","","","","","","","","","","","","","","","","19580615",",,I","","","","","","","11.7",",,I,15,","","","","","","","20.5",",,,I","","","","","",""
"RSM00029562","1958-07","56.1","91.667","332.0","KEMCHUG, RS","","","16",",I","7",",I","0",",I","","","","","","","","","","","","","","","","","19580719",",,I","","","","","","","18.4",",,I,19,","","","","","","","74.3",",,,I","","","","","",""
"RSM00029562","1958-08","56.1","91.667","332.0","KEMCHUG, RS","","","14",",I","8",",I","0",",I","","","","","","","","","","","","","","","","","19580828",",,I","","","","","","","14.2",",,I,28,","","","","","","","63.1",",,,I","","","","","",""
"RSM00029562","1958-09","56.1","91.667","332.0","KEMCHUG, RS","","","12",",I","8",",I","0",",I","","","","","","","","","","","","","","","","","19580927",",,I","","","","","","","6.6",",,I,27,","","","","","","","39.9",",,,I","","","","","",""
"RSM00029562","1958-10","56.1","91.667","332.0","KEMCHUG, RS","","","15",",I","4",",I","0",",I","","","","","","","","","","","","","","","","","19581012",",,I","","","","","","","4.2",",,I,12,","","","","","","","29.1",",,,I","","","","","",""
"RSM00029562","1958-11","56.1","91.667","332.0","KEMCHUG, RS","","","19",",I","6",",I","0",",I","","","","","","","","","","","","","","","","","19581116",",,I","","","","","","","6.5",",,I,16,","","","","","","","46.1",",,,I","","","","","",""
"RSM00029562","1958-12","56.1","91.667","332.0","KEMCHUG, RS","","","19",",I","8",",I","0",",I","","","","","","","","","","","","","","","","","19581222",",,I","","","","","","","6.5",",,I,22,","","","","","","","50.8",",,,I","","","","","",""
"RSM00029562","1959-01","56.1","91.667","332.0","KEMCHUG, RS","","","19",",I","3",",I","0",",I","","","","","","","","","","","","","","","","","19590126",",,I","","","","","","","4.2",",,I,26,","","","","","","","21.7",",,,I","","","","","",""
"RSM00029562","1959-02","56.1","91.667","332.0","KEMCHUG, RS","","","9",",I","1",",I","0",",I","","","","","","","","","","","","","","","","","19590203",",,I","","","","","","","2.5",",,I,03,","","","","","","","9.8",",,,I","","","","","",""
"RSM00029562","1959-03","56.1","91.667","332.0","KEMCHUG, RS","","","10",",I","0",",I","0",",I","","","","","","","","","","","","","","","","","19590305",",,I","","","","","","","2.2",",,I,05,","","","","","","","10.0",",,,I","","","","","",""
"RSM00029562","1959-04","56.1","91.667","332.0","KEMCHUG, RS","","","6",",I","0",",I","0",",I","","","","","","","","","","","","","","","","","19590417",",,I","","","","","","","2.4",",,I,17,","","","","","","","9.0",",,,I","","","","","",""
"RSM00029562","1959-05","56.1","91.667","332.0","KEMCHUG, RS","","","14",",I","8",",I","0",",I","","","","","","","","","","","","","","","","","19590505",",,I","","","","","","","10.5",",,I,05,","","","","","","","52.2",",,,I","","","","","",""
"RSM00029562","1959-06","56.1","91.667","332.0","KEMCHUG, RS","","","11",",I","7",",I","0",",I","","","","","","","","","","","","","","","","","19590613",",,I","","","","","","","13.5",",,I,13,","","","","","","","48.9",",,,I","","","","","",""
"RSM00029562","1959-07","56.1","91.667","332.0","KEMCHUG, RS","","","13",",I","7",",I","0",",I","","","","","","","","","","","","","","","","","19590730",",,I","","","","","","","12.8",",,I,30,","","","","","","","60.1",",,,I","","","","","",""
"RSM00029562","1959-08","56.1","91.667","332.0","KEMCHUG, RS","","","16",",I","11",",I","1",",I","","","","","","","","","","","","","","","","","19590825",",,I","","","","","","","26.7",",,I,25,","","","","","","","92.1",",,,I","","","","","",""
"RSM00029562","1959-09","56.1","91.667","332.0","KEMCHUG, RS","","","12",",I","4",",I","0",",I","","","","","","","","","","","","","","","","","19590911",",,I","","","","","","","7.0",",,I,11,","","","","","","","32.7",",,,I","","","","","",""
"RSM00029562","1959-10","56.1","91.667","332.0","KEMCHUG, RS","","","18",",I","7",",I","0",",I","","","","","","","","","","","","","","","","","19591023",",,I","","","","","","","12.2",",,I,23,","","","","","","","56.7",",,,I","","","","","",""
"RSM00029562","1959-11","56.1","91.667","332.0","KEMCHUG, RS","","","17",",I","7",",I","0",",I","","","","","","","","","","","","","","","","","19591111",",,I","","","","","","","5.3",",,I,11,","","","","","","","37.4",",,,I","","","","","",""
"RSM00029562","1959-12","56.1","91.667","332.0","KEMCHUG, RS","","","15",",I","6",",I","0",",I","","","","","","","","","","","","","","","","","19591229",",,I","","","","","","","3.7",",,I,29,","","","","","","","30.5",",,,I","","","","","",""
"RSM00029562","1960-01","56.1","91.667","332.0","KEMCHUG, RS","","","15",",I","2",",I","0",",I","","","","","","","","","","","","","","","","","19600101",",,I","","","","","","","4.5",",,I,01,","","","","","","","25.5",",,,I","","","","","",""
"RSM00029562","1960-02","56.1","91.667","332.0","KEMCHUG, RS","","","14",",I","1",",I","0",",I","","","","","","","","","","","","","","","","","19600225",",,I","","","","","","","3.6",",,I,25,","","","","","","","18.0",",,,I","","","","","",""
"RSM00029562","1960-03","56.1","91.667","332.0","KEMCHUG, RS","","","11",",I","0",",I","0",",I","","","","","","","","","","","","","","","","","19600313",",,I","","","","","","","2.2",",,I,13,","","","","","","","9.5",",,,I","","","","","",""
"RSM00029562","1960-04","56.1","91.667","332.0","KEMCHUG, RS","","","19",",I","9",",I","0",",I","","","","","","","","","","","","","","","","","19600426",",,I","","","","","","","16.7",",,I,26,","","","","","","","62.9",",,,I","","","","","",""
"RSM00029562","1960-05","56.1","91.667","332.0","KEMCHUG, RS","","","4",",I","0",",I","0",",I","","","","","","","","","","","","","","","","","19600525",",,I","","","","","","","1.6",",,I,25,","","","","","","","3.8",",,,I","","","","","",""
"RSM00029562","1960-06","56.1","91.667","332.0","KEMCHUG, RS","","","14",",I","4",",I","0",",I","","","","","","","","","","","","","","","","","19600618",",,I","","","","","","","21.4",",,I,18,","","","","","","","44.6",",,,I","","","","","",""
"RSM00029562","1960-07","56.1","91.667","332.0","KEMCHUG, RS","","","21",",I","11",",I","1",",I","","","","","","","","","","","","","","","","","19600723",",,I","","","","","","","30.4",",,I,23,","","","","","","","124.2",",,,I","","","","","",""
"RSM00029562","1960-08","56.1","91.667","332.0","KEMCHUG, RS","","","12",",I","8",",I","0",",I","","","","","","","","","","","","","","","","","19600803",",,I","","","","","","","24.2",",,I,03,","","","","","","","86.5",",,,I","","","","","",""
"RSM00029562","1960-09","56.1","91.667","332.0","KEMCHUG, RS","","","18",",I","6",",I","0",",I","","","","","","","","","","","","","","","","","19600910",",,I","","","","","","","6.0",",,I,10,","","","","","","","46.5",",,,I","","","","","",""
"RSM00029562","1960-10","56.1","91.667","332.0","KEMCHUG, RS","","","11",",I","3",",I","0",",I","","","","","","","","","","","","","","","","","19601015",",,I","","","","","","","10.1",",,I,15,","","","","","","","28.1",",,,I","","","","","",""
"RSM00029562","1960-11","56.1","91.667","332.0","KEMCHUG, RS","","","20",",I","6",",I","0",",I","","","","","","","","","","","","","","","","","19601109",",,I","","","","","","","5.5",",,I,09,","","","","","","","39.8",",,,I","","","","","",""
"RSM00029562","1960-12","56.1","91.667","332.0","KEMCHUG, RS","","","18",",I","2",",I","0",",I","","","","","","","","","","","","","","","","","19601208",",,I","","","","","","","6.1",",,I,08,","","","","","","","28.2",",,,I","","","","","",""
"RSM00029562","1961-01","56.1","91.667","332.0","KEMCHUG, RS","","","16",",I","2",",I","0",",I","","","","","","","","","","","","","","","","","19610105",",,I","","","","","","","3.6",",,I,05,","","","","","","","23.2",",,,I","","","","","",""
"RSM00029562","1961-02","56.1","91.667","332.0","KEMCHUG, RS","","","15",",I","0",",I","0",",I","","","","","","","","","","","","","","","","","19610219",",,I","","","","","","","2.4",",,I,19,","","","","","","","16.3",",,,I","","","","","",""
"RSM00029562","1961-03","56.1","91.667","332.0","KEMCHUG, RS","","","6",",I","0",",I","0",",I","","","","","","","","","","","","","","","","","19610302",",,I","","","","","","","2.2",",,I,02,","","","","","","","8.0",",,,I","","","","","",""
"RSM00029562","1961-04","56.1","91.667","332.0","KEMCHUG, RS","","","12",",I","6",",I","0",",I","","","","","","","","","","","","","","","","","19610426",",,I","","","","","","","12.7",",,I,26,","","","","","","","34.8",",,,I","","","","","",""
"RSM00029562","1961-05","56.1","91.667","332.0","KEMCHUG, RS","","","12",",I","7",",I","0",",I","","","","","","","","","","","","","","","","","19610527",",,I","","","","","","","8.0",",,I,27,","","","","","","","41.2",",,,I","","","","","",""
"RSM00029562","1961-06","56.1","91.667","332.0","KEMCHUG, RS","","","8",",I","5",",I","0",",I","","","","","","","","","","","","","","","","","19610614",",,I","","","","","","","13.1",",,I,14,","","","","","","","36.6",",,,I","","","","","",""
"RSM00029562","1961-07","56.1","91.667","332.0","KEMCHUG, RS","","","9",",I","6",",I","0",",I","","","","","","","","","","","","","","","","","19610704",",,I","","","","","","","13.6",",,I,04,","","","","","","","43.7",",,,I","","","","","",""
"RSM00029562","1961-08","56.1","91.667","332.0","KEMCHUG, RS","","","12",",I","5",",I","0",",I","","","","","","","","","","","","","","","","","19610827",",,I","","","","","","","18.7",",,I,27,","","","","","","","55.6",",,,I","","","","","",""
"RSM00029562","1961-09","56.1","91.667","332.0","KEMCHUG, RS","","","15",",I","10",",I","0",",I","","","","","","","","","","","","","","","","","19610923",",,I","","","","","","","22.6",",,I,23,","","","","","","","74.1",",,,I","","","","","",""
"RSM00029562","1961-10","56.1","91.667","332.0","KEMCHUG, RS","","","15",",I","5",",I","0",",I","","","","","","","","","","","","","","","","","19611027",",,I","","","","","","","8.2",",,I,27,","","","","","","","44.7",",,,I","","","","","",""
"RSM00029562","1961-11","56.1","91.667","332.0","KEMCHUG, RS","","","18",",I","3",",I","0",",I","","","","","","","","","","","","","","","","","19611103",",,I","","","","","","","3.2",",,I,03,","","","","","","","29.3",",,,I","","","","","",""
"RSM00029562","1961-12","56.1","91.667","332.0","KEMCHUG, RS","","","18",",I","4",",I","0",",I","","","","","","","","","","","","","","","","","19611205",",,I","","","","","","","3.7",",,I,05,","","","","","","","26.3",",,,I","","","","","",""
"RSM00029562","1962-01","56.1","91.667","332.0","KEMCHUG, RS","","","11",",I","1",",I","0",",I","","","","","","","","","","","","","","","","","19620127",",,I","","","","","","","2.8",",,I,27,","","","","","","","13.5",",,,I","","","","","",""
"RSM00029562","1962-02","56.1","91.667","332.0","KEMCHUG, RS","","","10",",I","1",",I","0",",I","","","","","","","","","","","","","","","","","19620216",",,I","","","","","","","2.8",",,I,16,","","","","","","","10.1",",,,I","","","","","",""
"RSM00029562","1962-03","56.1","91.667","332.0","KEMCHUG, RS","","","11",",I","0",",I","0",",I","","","","","","","","","","","","","","","","","19620310",",,I","","","","","","","1.9",",,I,10,","","","","","","","11.3",",,,I","","","","","",""
"RSM00029562","1962-04","56.1","91.667","332.0","KEMCHUG, RS","","","12",",I","5",",I","0",",I","","","","","","","","","","","","","","","","","19620419",",,I","","","","","","","8.8",",,I,19,","","","","","","","29.5",",,,I","","","","","",""
"RSM00029562","1962-05","56.1","91.667","332.0","KEMCHUG, RS","","","8",",I","6",",I","0",",I","","","","","","","","","","","","","","","","","19620517",",,I","","","","","","","7.7",",,I,17,","","","","","","","33.7",",,,I","","","","","",""
"RSM00029562","1962-06","56.1","91.667","332.0","KEMCHUG, RS","","","5",",I","4",",I","0",",I","","","","","","","","","","","","","","","","","19620604",",,I","","","","","","","10.0",",,I,04,","","","","","","","29.4",",,,I","","","","","",""
"RSM00029562","1962-07","56.1","91.667","332.0","KEMCHUG, RS","","","8",",I","3",",I","0",",I","","","","","","","","","","","","","","","","","19620701",",,I","","","","","","","12.4",",,I,01,","","","","","","","32.2",",,,I","","","","","",""
"RSM00029562","1962-08","56.1","91.667","332.0","KEMCHUG, RS","","","7",",I","4",",I","0",",I","","","","","","","","","","","","","","","","","19620809",",,I","","","","","","","10.2",",,I,09,","","","","","","","35.1",",,,I","","","","","",""
"RSM00029562","1962-09","56.1","91.667","332.0","KEMCHUG, RS","","","12",",I","10",",I","0",",I","","","","","","","","","","","","","","","","","19620913",",,I","","","","","","","10.3",",,I,13,","","","","","","","57.8",",,,I","","","","","",""
"RSM00029562","1962-10","56.1","91.667","332.0","KEMCHUG, RS","","","12",",I","4",",I","0",",I","","","","","","","","","","","","","","","","","19621006",",,I","","","","","","","7.0",",,I,06,","","","","","","","27.8",",,,I","","","","","",""
"RSM00029562","1962-11","56.1","91.667","332.0","KEMCHUG, RS","","","20",",I","7",",I","0",",I","","","","","","","","","","","","","","","","","19621130",",,I","","","","","","","9.8",",,I,30,","","","","","","","50.0",",,,I","","","","","",""
"RSM00029562","1962-12","56.1","91.667","332.0","KEMCHUG, RS","","","18",",I","5",",I","0",",I","","","","","","","","","","","","","","","","","19621201",",,I","","","","","","","9.9",",,I,01,","","","","","","","40.5",",,,I","","","","","",""
"RSM00029562","1963-01","56.1","91.667","332.0","KEMCHUG, RS","","","5",",I","0",",I","0",",I","","","","","","","","","","","","","","","","","19630125",",,I","","","","","","","1.5",",,I,25,","","","","","","","5.2",",,,I","","","","","",""
"RSM00029562","1963-02","56.1","91.667","332.0","KEMCHUG, RS","","","12",",I","0",",I","0",",I","","","","","","","","","","","","","","","","","19630208","+,,I","","","","","","","2.4",",,I,08,+","","","","","","","12.6",",,,I","","","","","",""
"RSM00029562","1963-03","56.1","91.667","332.0","KEMCHUG, RS","","","9",",I","2",",I","0",",I","","","","","","","","","","","","","","","","","19630317",",,I","","","","","","","6.7",",,I,17,","","","","","","","15.6",",,,I","","","","","",""
"RSM00029562","1963-04","56.1","91.667","332.0","KEMCHUG, RS","","","10",",I","1",",I","0",",I","","","","","","","","","","","","","","","","","19630423",",,I","","","","","","","8.1",",,I,23,","","","","","","","20.0",",,,I","","","","","",""
"RSM00029562","1963-05","56.1","91.667","332.0","KEMCHUG, RS","","","8",",I","3",",I","0",",I","","","","","","","","","","","","","","","","","19630516",",,I","","","","","","","5.1",",,I,16,","","","","","","","19.6",",,,I","","","","","",""
"RSM00029562","1963-06","56.1","91.667","332.0","KEMCHUG, RS","","","13",",I","7",",I","0",",I","","","","","","","","","","","","","","","","","19630604",",,I","","","","","","","8.0",",,I,04,","","","","","","","47.7",",,,I","","","","","",""
"RSM00029562","1963-07","56.1","91.667","332.0","KEMCHUG, RS","","","18",",I","11",",I","1",",I","","","","","","","","","","","","","","","","","19630722",",,I","","","","","","","27.2",",,I,22,","","","","","","","126.3",",,,I","","","","","",""
"RSM00029562","1963-08","56.1","91.667","332.0","KEMCHUG, RS","","","15",",I","7",",I","1",",I","","","","","","","","","","","","","","","","","19630813",",,I","","","","","","","29.1",",,I,13,","","","","","","","75.7",",,,I","","","","","",""
"RSM00029562","1963-09","56.1","91.667","332.0","KEMCHUG, RS","","","15",",I","5",",I","0",",I","","","","","","","","","","","","","","","","","19630904",",,I","","","","","","","8.2",",,I,04,","","","","","","","37.4",",,,I","","","","","",""
"RSM00029562","1963-10","56.1","91.667","332.0","KEMCHUG, RS","","","11",",I","4",",I","0",",I","","","","","","","","","","","","","","","","","19631027",",,I","","","","","","","4.2",",,I,27,","","","","","","","25.2",",,,I","","","","","",""
"RSM00029562","1963-11","56.1","91.667","332.0","KEMCHUG, RS","","","16",",I","8",",I","0",",I","","","","","","","","","","","","","","","","","19631111",",,I","","","","","","","7.9",",,I,11,","","","","","","","54.8",",,,I","","","","","",""
"RSM00029562","1963-12","56.1","91.667","332.0","KEMCHUG, RS","","","18",",I","6",",I","0",",I","","","","","","","","","","","","","","","","","19631221",",,I","","","","","","","6.6",",,I,21,","","","","","","","41.5",",,,I","","","","","",""
"RSM00029562","1964-01","56.1","91.667","332.0","KEMCHUG, RS","","","7",",I","2",",I","0",",I","","","","","","","","","","","","","","","","","19640113",",,I","","","","","","","4.0",",,I,13,","","","","","","","12.4",",,,I","","","","","",""
"RSM00029562","1964-02","56.1","91.667","332.0","KEMCHUG, RS","","","4",",I","1",",I","0",",I","","","","","","","","","","","","","","","","","19640229",",,I","","","","","","","3.1",",,I,29,","","","","","","","5.2",",,,I","","","","","",""
"RSM00029562","1964-03","56.1","91.667","332.0","KEMCHUG, RS","","","14",",I","2",",I","0",",I","","","","","","","","","","","","","","","","","19640327",",,I","","","","","","","2.7",",,I,27,","","","","","","","18.2",",,,I","","","","","",""
"RSM00029562","1964-04","56.1","91.667","332.0","KEMCHUG, RS","","","9",",I","2",",I","0",",I","","","","","","","","","","","","","","","","","19640426",",,I","","","","","","","5.8",",,I,26,","","","","","","","16.8",",,,I","","","","","",""
"RSM00029562","1964-05","56.1","91.667","332.0","KEMCHUG, RS","","","10",",I","7",",I","0",",I","","","","","","","","","","","","","","","","","19640511",",,I","","","","","","","14.5",",,I,11,","","","","","","","48.1",",,,I","","","","","",""
"RSM00029562","1964-06","56.1","91.667","332.0","KEMCHUG, RS","","","12",",I","7",",I","0",",I","","","","","","","","","","","","","","","","","19640614",",,I","","","","","","","12.4",",,I,14,","","","","","","","60.6",",,,I","","","","","",""
"RSM00029562","1964-07","56.1","91.667","332.0","KEMCHUG, RS","","","8",",I","3",",I","0",",I","","","","","","","","","","","","","","","","","19640714",",,I","","","","","","","11.6",",,I,14,","","","","","","","28.4",",,,I","","","","","",""
"RSM00029562","1964-08","56.1","91.667","332.0","KEMCHUG, RS","","","12",",I","4",",I","1",",I","","","","","","","","","","","","","","","","","19640817",",,I","","","","","","","28.8",",,I,17,","","","","","","","72.0",",,,I","","","","","",""
"RSM00029562","1964-09","56.1","91.667","332.0","KEMCHUG, RS","","","10",",I","4",",I","0",",I","","","","","","","","","","","","","","","","","19640911",",,I","","","","","","","5.7",",,I,11,","","","","","","","27.2",",,,I","","","","","",""
"RSM00029562","1964-10","56.1","91.667","332.0","KEMCHUG, RS","","","13",",I","7",",I","0",",I","","","","","","","","","","","","","","","","","19641017",",,I","","","","","","","5.9",",,I,17,","","","","","","","38.0",",,,I","","","","","",""
"RSM00029562","1964-11","56.1","91.667","332.0","KEMCHUG, RS","","","17",",I","5",",I","0",",I","","","","","","","","","","","","","","","","","19641118",",,I","","","","","","","11.7",",,I,18,","","","","","","","43.1",",,,I","","","","","",""
"RSM00029562","1964-12","56.1","91.667","332.0","KEMCHUG, RS","","","24",",I","9",",I","0",",I","","","","","","","","","","","","","","","","","19641205",",,I","","","","","","","10.5",",,I,05,","","","","","","","61.1",",,,I","","","","","",""
"RSM00029562","1965-01","56.1","91.667","332.0","KEMCHUG, RS","","","18",",I","2",",I","0",",I","","","","","","","","","","","","","","","","","19650104",",,I","","","","","","","8.2",",,I,04,","","","","","","","34.4",",,,I","","","","","",""
"RSM00029562","1965-02","56.1","91.667","332.0","KEMCHUG, RS","","","11",",I","1",",I","0",",I","","","","","","","","","","","","","","","","","19650204",",,I","","","","","","","5.0",",,I,04,","","","","","","","14.7",",,,I","","","","","",""
"RSM00029562","1965-03","56.1","91.667","332.0","KEMCHUG, RS","","","7",",I","0",",I","0",",I","","","","","","","","","","","","","","","","","19650321",",,I","","","","","","","1.4",",,I,21,","","","","","","","6.6",",,,I","","","","","",""
"RSM00029562","1965-04","56.1","91.667","332.0","KEMCHUG, RS","","","10",",I","2",",I","0",",I","","","","","","","","","","","","","","","","","19650413",",,I","","","","","","","5.5",",,I,13,","","","","","","","19.1",",,,I","","","","","",""
"RSM00029562","1965-05","56.1","91.667","332.0","KEMCHUG, RS","","","13",",I","8",",I","1",",I","","","","","","","","","","","","","","","","","19650501",",,I","","","","","","","37.1",",,I,01,","","","","","","","84.8",",,,I","","","","","",""
"RSM00029562","1965-06","56.1","91.667","332.0","KEMCHUG, RS","","","10",",I","4",",I","0",",I","","","","","","","","","","","","","","","","","19650620",",,I","","","","","","","13.3",",,I,20,","","","","","","","34.6",",,,I","","","","","",""
"RSM00029562","1965-07","56.1","91.667","332.0","KEMCHUG, RS","","","14",",I","10",",I","1",",I","","","","","","","","","","","","","","","","","19650718",",,I","","","","","","","26.1",",,I,18,","","","","","","","102.7",",,,I","","","","","",""
"RSM00029562","1965-08","56.1","91.667","332.0","KEMCHUG, RS","","","13",",I","5",",I","0",",I","","","","","","","","","","","","","","","","","19650831",",,I","","","","","","","9.9",",,I,31,","","","","","","","40.6",",,,I","","","","","",""
"RSM00029562","1965-09","56.1","91.667","332.0","KEMCHUG, RS","","","17",",I","14",",I","0",",I","","","","","","","","","","","","","","","","","19650909",",,I","","","","","","","17.8",",,I,09,","","","","","","","92.6",",,,I","","","","","",""
"RSM00029562","1965-10","56.1","91.667","332.0","KEMCHUG, RS","","","17",",I","7",",I","0",",I","","","","","","","","","","","","","","","","","19651017",",,I","","","","","","","6.4",",,I,17,","","","","","","","34.0",",,,I","","","","","",""
"RSM00029562","1965-11","56.1","91.667","332.0","KEMCHUG, RS","","","17",",I","5",",I","0",",I","","","","","","","","","","","","","","","","","19651101",",,I","","","","","","","6.9",",,I,01,","","","","","","","36.2",",,,I","","","","","",""
"RSM00029562","1965-12","56.1","91.667","332.0","KEMCHUG, RS","","","20",",I","6",",I","0",",I","","","","","","","","","","","","","","","","","19651209",",,I","","","","","","","8.4",",,I,09,","","","","","","","43.6",",,,I","","","","","",""
"RSM00029562","1966-01","56.1","91.667","332.0","KEMCHUG, RS","","","18","1,I","6","1,I","0","1,I","","","","","","","","","","","","","","","","","19660102",",1,I","","","","","","","5.4","1,,I,02,","","","","","","","37.4","1,,,I","","","","","",""
"RSM00029562","1966-03","56.1","91.667","332.0","KEMCHUG, RS","","","15",",I","7",",I","0",",I","","","","","","","","","","","","","","","","","19660323",",,I","","","","","","","6.6",",,I,23,","","","","","","","38.2",",,,I","","","","","",""
"RSM00029562","1966-04","56.1","91.667","332.0","KEMCHUG, RS","","","13","1,I","3","1,I","0","1,I","","","","","","","","","","","","","","","","","19660411",",1,I","","","","","","","7.9","1,,I,11,","","","","","","","26.1","1,,,I","","","","","",""
"RSM00029562","1966-05","56.1","91.667","332.0","KEMCHUG, RS","","","22",",I","11",",I","0",",I","","","","","","","","","","","","","","","","","19660524",",,I","","","","","","","23.9",",,I,24,","","","","","","","93.0",",,,I","","","","","",""
"RSM00029562","1966-06","56.1","91.667","332.0","KEMCHUG, RS","","","16",",I","11",",I","0",",I","","","","","","","","","","","","","","","","","19660630",",,I","","","","","","","13.3",",,I,30,","","","","","","","87.2",",,,I","","","","","",""
"RSM00029562","1966-07","56.1","91.667","332.0","KEMCHUG, RS","","","9","1,I","3","1,I","1","1,I","","","","","","","","","","","","","","","","","19660728",",1,I","","","","","","","26.0","1,,I,28,","","","","","","","55.2","1,,,I","","","","","",""
"RSM00029562","1966-08","56.1","91.667","332.0","KEMCHUG, RS","","","9",",I","4",",I","0",",I","","","","","","","","","","","","","","","","","19660809",",,I","","","","","","","9.7",",,I,09,","","","","","","","29.9",",,,I","","","","","",""
"RSM00029562","1966-09","56.1","91.667","332.0","KEMCHUG, RS","","","10",",I","6",",I","0",",I","","","","","","","","","","","","","","","","","19660903",",,I","","","","","","","8.3",",,I,03,","","","","","","","31.0",",,,I","","","","","",""
"RSM00029562","1966-10","56.1","91.667","332.0","KEMCHUG, RS","","","24",",I","2",",I","0",",I","","","","","","","","","","","","","","","","","19661027",",,I","","","","","","","15.9",",,I,27,","","","","","","","49.5",",,,I","","","","","",""
"RSM00029562","1966-11","56.1","91.667","332.0","KEMCHUG, RS","","","26",",I","8",",I","0",",I","","","","","","","","","","","","","","","","","19661125",",,I","","","","","","","8.1",",,I,25,","","","","","","","63.8",",,,I","","","","","",""
"RSM00029562","1966-12","56.1","91.667","332.0","KEMCHUG, RS","","","20",",I","5",",I","0",",I","","","","","","","","","","","","","","","","","19661201",",,I","","","","","","","3.6",",,I,01,","","","","","","","34.9",",,,I","","","","","",""
"RSM00029562","1967-01","56.1","91.667","332.0","KEMCHUG, RS","","","8",",I","0",",I","0",",I","","","","","","","","","","","","","","","","","19670116",",,I","","","","","","","1.1",",,I,16,","","","","","","","5.4",",,,I","","","","","",""
"RSM00029562","1967-02","56.1","91.667","332.0","KEMCHUG, RS","","","13",",I","2",",I","0",",I","","","","","","","","","","","","","","","","","19670228",",,I","","","","","","","3.9",",,I,28,","","","","","","","21.0",",,,I","","","","","",""
"RSM00029562","1967-03","56.1","91.667","332.0","KEMCHUG, RS","","","13",",I","4",",I","0",",I","","","","","","","","","","","","","","","","","19670314","+,,I","","","","","","","5.6",",,I,14,+","","","","","","","23.9",",,,I","","","","","",""
"RSM00029562","1967-04","56.1","91.667","332.0","KEMCHUG, RS","","","12",",I","2",",I","0",",I","","","","","","","","","","","","","","","","","19670402",",,I","","","","","","","6.3",",,I,02,","","","","","","","19.0",",,,I","","","","","",""
"RSM00029562","1967-05","56.1","91.667","332.0","KEMCHUG, RS","","","17",",I","5",",I","0",",I","","","","","","","","","","","","","","","","","19670518",",,I","","","","","","","11.6",",,I,18,","","","","","","","45.7",",,,I","","","","","",""
"RSM00029562","1967-06","56.1","91.667","332.0","KEMCHUG, RS","","","19",",I","11",",I","2",",I","","","","","","","","","","","","","","","","","19670603",",,I","","","","","","","37.8",",,I,03,","","","","","","","174.0",",,,I","","","","","",""
"RSM00029562","1967-07","56.1","91.667","332.0","KEMCHUG, RS","","","13",",I","8",",I","1",",I","","","","","","","","","","","","","","","","","19670724",",,I","","","","","","","32.9",",,I,24,","","","","","","","83.8",",,,I","","","","","",""
"RSM00029562","1967-08","56.1","91.667","332.0","KEMCHUG, RS","","","16",",I","10",",I","1",",I","","","","","","","","","","","","","","","","","19670816",",,I","","","","","","","31.0",",,I,16,","","","","","","","92.0",",,,I","","","","","",""
"RSM00029562","1967-09","56.1","91.667","332.0","KEMCHUG, RS","","","14",",I","4",",I","0",",I","","","","","","","","","","","","","","","","","19670904",",,I","","","","","","","6.6",",,I,04,","","","","","","","25.2",",,,I","","","","","",""
"RSM00029562","1967-10","56.1","91.667","332.0","KEMCHUG, RS","","","11","1,I","5","1,I","0","1,I","","","","","","","","","","","","","","","","","19671020",",1,I","","","","","","","6.1","1,,I,20,","","","","","","","26.1","1,,,I","","","","","",""
"RSM00029562","1967-11","56.1","91.667","332.0","KEMCHUG, RS","","","17",",I","6",",I","0",",I","","","","","","","","","","","","","","","","","19671103",",,I","","","","","","","23.6",",,I,03,","","","","","","","62.0",",,,I","","","","","",""
"RSM00029562","1967-12","56.1","91.667","332.0","KEMCHUG, RS","","","7",",I","2",",I","0",",I","","","","","","","","","","","","","","","","","19671211",",,I","","","","","","","6.0",",,I,11,","","","","","","","13.2",",,,I","","","","","",""
"RSM00029562","1968-01","56.1","91.667","332.0","KEMCHUG, RS","","","11",",I","2",",I","0",",I","","","","","","","","","","","","","","","","","19680101",",,I","","","","","","","3.4",",,I,01,","","","","","","","17.7",",,,I","","","","","",""
"RSM00029562","1968-02","56.1","91.667","332.0","KEMCHUG, RS","","","13",",I","0",",I","0",",I","","","","","","","","","","","","","","","","","19680220",",,I","","","","","","","2.2",",,I,20,","","","","","","","10.4",",,,I","","","","","",""
"RSM00029562","1968-03","56.1","91.667","332.0","KEMCHUG, RS","","","11",",I","3",",I","0",",I","","","","","","","","","","","","","","","","","19680329","+,,I","","","","","","","3.4",",,I,29,+","","","","","","","20.2",",,,I","","","","","",""
"RSM00029562","1968-04","56.1","91.667","332.0","KEMCHUG, RS","","","15","1,I","1","1,I","0","1,I","","","","","","","","","","","","","","","","","19680427",",1,I","","","","","","","10.7","1,,I,27,","","","","","","","22.3","1,,,I","","","","","",""
"RSM00029562","1968-05","56.1","91.667","332.0","KEMCHUG, RS","","","11",",I","6",",I","0",",I","","","","","","","","","","","","","","","","","19680515",",,I","","","","","","","14.9",",,I,15,","","","","","","","52.3",",,,I","","","","","",""
"RSM00029562","1968-06","56.1","91.667","332.0","KEMCHUG, RS","","","16",",I","10",",I","1",",I","","","","","","","","","","","","","","","","","19680623",",,I","","","","","","","53.9",",,I,23,","","","","","","","99.5",",,,I","","","","","",""
"RSM00029562","1968-07","56.1","91.667","332.0","KEMCHUG, RS","","","15",",I","9",",I","0",",I","","","","","","","","","","","","","","","","","19680729",",,I","","","","","","","21.4",",,I,29,","","","","","","","92.3",",,,I","","","","","",""
"RSM00029562","1968-08","56.1","91.667","332.0","KEMCHUG, RS","","","12",",I","5",",I","0",",I","","","","","","","","","","","","","","","","","19680813",",,I","","","","","","","25.0",",,I,13,","","","","","","","56.3",",,,I","","","","","",""
"RSM00029562","1968-09","56.1","91.667","332.0","KEMCHUG, RS","","","23","2,I","11","2,I","0","2,I","","","","","","","","","","","","","","","","","19680930",",2,I","","","","","","","18.3","2,,I,30,","","","","","","","85.5","2,,,I","","","","","",""
"RSM00029562","1968-10","56.1","91.667","332.0","KEMCHUG, RS","","","8","1,I","3","1,I","0","1,I","","","","","","","","","","","","","","","","","19681019",",1,I","","","","","","","7.3","1,,I,19,","","","","","","","17.6","1,,,I","","","","","",""
"RSM00029562","1968-11","56.1","91.667","332.0","KEMCHUG, RS","","","19","1,I","5","1,I","0","1,I","","","","","","","","","","","","","","","","","19681127",",1,I","","","","","","","8.0","1,,I,27,","","","","","","","40.3","1,,,I","","","","","",""
"RSM00029562","1968-12","56.1","91.667","332.0","KEMCHUG, RS","","","21",",I","3",",I","0",",I","","","","","","","","","","","","","","","","","19681222",",,I","","","","","","","5.9",",,I,22,","","","","","","","29.7",",,,I","","","","","",""
"RSM00029562","1969-01","56.1","91.667","332.0","KEMCHUG, RS","","","11",",I","2",",I","0",",I","","","","","","","29","2,S","0","2,S","0","2,S","","","","","19690107",",,I","19690116",",2,S","","","","","2.8",",,I,07,","-10.0","2,S,16,","","","","","17.0",",,,I","","","-22.68","2,,,S","",""
"RSM00029562","1969-02","56.1","91.667","332.0","KEMCHUG, RS","","","15",",I","3",",I","0",",I","","","","","","","23","5,S","0","5,S","0","5,S","","","","","19690208",",,I","19690205","+,5,S","","","","","5.5",",,I,08,","-8.9","5,S,05,+","","","","","25.0",",,,I","","","-20.60","5,,,S","",""
"RSM00029562","1969-03","56.1","91.667","332.0","KEMCHUG, RS","","","14",",I","3",",I","0",",I","","","","","","","","","","","","","","","","","19690324",",,I","","","","","","","5.8",",,I,24,","","","","","","","23.0",",,,I","","","","","",""
"RSM00029562","1969-04","56.1","91.667","332.0","KEMCHUG, RS","","","18",",I","4",",I","0",",I","","","","","","","","","","","","","","","","","19690427",",,I","","","","","","","8.4",",,I,27,","","","","","","","36.6",",,,I","","","","","",""
"RSM00029562","1969-05","56.1","91.667","332.0","KEMCHUG, RS","","","23",",I","7",",I","0",",I","","","","","","","2","4,S","3","4,S","0","4,S","","","","","19690525",",,I","19690531","+,4,S","","","","","11.5",",,I,25,","21.1","4,S,31,+","","","","","60.3",",,,I","","","10.64","4,,,S","",""
"RSM00029562","1969-06","56.1","91.667","332.0","KEMCHUG, RS","","","12",",I","7",",I","0",",I","","","","","","","","","","","","","","","","","19690611",",,I","","","","","","","13.4",",,I,11,","","","","","","","47.4",",,,I","","","","","",""
"RSM00029562","1969-07","56.1","91.667","332.0","KEMCHUG, RS","","","6",",I","4",",I","0",",I","","","","","","","0","5,S","26","5,S","4","5,S","","","","","19690727",",,I","19690710",",5,S","","","","","20.6",",,I,27,","32.8","5,S,10,","","","","","44.6",",,,I","","","28.35","5,,,S","",""
"RSM00029562","1969-08","56.1","91.667","332.0","KEMCHUG, RS","","","17",",I","9",",I","1",",I","","","","","","","0","2,S","8","2,S","0","2,S","","","","","19690803",",,I","19690801",",2,S","","","","","59.4",",,I,03,","28.9","2,S,01,","","","","","102.1",",,,I","","","18.45","2,,,S","",""
"RSM00029562","1969-09","56.1","91.667","332.0","KEMCHUG, RS","","","16","1,I","8","1,I","0","1,I","","","","","","","","","","","","","","","","","19690918",",1,I","","","","","","","13.1","1,,I,18,","","","","","","","56.8","1,,,I","","","","","",""
"RSM00029562","1969-10","56.1","91.667","332.0","KEMCHUG, RS","","","21",",I","4",",I","0",",I","","","","","","","","","","","","","","","","","19691026",",,I","","","","","","","15.4",",,I,26,","","","","","","","63.2",",,,I","","","","","",""
"RSM00029562","1969-11","56.1","91.667","332.0","KEMCHUG, RS","","","19",",I","9",",I","0",",I","","","","","","","","","","","","","","","","","19691127",",,I","","","","","","","8.3",",,I,27,","","","","","","","56.4",",,,I","","","","","",""
"RSM00029562","1969-12","56.1","91.667","332.0","KEMCHUG, RS","","","19",",I","5",",I","0",",I","","","","","","","","","","","","","","","","","19691203",",,I","","","","","","","5.9",",,I,03,","","","","","","","31.7",",,,I","","","","","",""
"RSM00029562","1970-01","56.1","91.667","332.0","KEMCHUG, RS","","","15",",I","5",",I","0",",I","","","","","","","","","","","","","","","","","19700108",",,I","","","","","","","5.9",",,I,08,","","","","","","","28.4",",,,I","","","","","",""
"RSM00029562","1970-02","56.1","91.667","332.0","KEMCHUG, RS","","","12",",I","1",",I","0",",I","","","","","","","23","2,S","0","2,S","0","2,S","","","","","19700215",",,I","19700210",",2,S","","","","","4.1",",,I,15,","2.8","2,S,10,","","","","","17.2",",,,I","","","-9.62","2,,,S","",""
"RSM00029562","1970-03","56.1","91.667","332.0","KEMCHUG, RS","","","8","2,I","1","2,I","0","2,I","","","","","","","21","2,S","0","2,S","0","2,S","","","","","19700301",",2,I","19700322",",2,S","","","","","3.2","2,,I,01,","7.8","2,S,22,","","","","","10.6","2,,,I","","","-4.41","2,,,S","",""
"RSM00029562","1970-04","56.1","91.667","332.0","KEMCHUG, RS","","","14",",I","4",",I","0",",I","","","","","","","6","3,S","0","3,S","0","3,S","","","","","19700406",",,I","19700421",",3,S","","","","","8.8",",,I,06,","17.2","3,S,21,","","","","","32.3",",,,I","","","4.91","3,,,S","",""
"RSM00029562","1970-05","56.1","91.667","332.0","KEMCHUG, RS","","","12","1,I","6","1,I","0","1,I","","","","","","","","","","","","","","","","","19700511",",1,I","","","","","","","16.0","1,,I,11,","","","","","","","50.4","1,,,I","","","","","",""
"RSM00029562","1970-06","56.1","91.667","332.0","KEMCHUG, RS","","","14",",I","11",",I","0",",I","","","","","","","0","5,S","13","5,S","1","5,S","","","","","19700606",",,I","19700624",",5,S","","","","","23.8",",,I,06,","32.2","5,S,24,","","","","","98.8",",,,I","","","20.51","5,,,S","",""
"RSM00029562","1970-07","56.1","91.667","332.0","KEMCHUG, RS","","","12",",I","7",",I","1",",I","","","","","","","","","","","","","","","","","19700726",",,I","","","","","","","50.0",",,I,26,","","","","","","","98.5",",,,I","","","","","",""
"RSM00029562","1970-08","56.1","91.667","332.0","KEMCHUG, RS","","","13",",I","9",",I","0",",I","","","","","","","0","5,S","9","5,S","0","5,S","","","","","19700808",",,I","19700804",",5,S","","","","","24.1",",,I,08,","25.0","5,S,04,","","","","","66.3",",,,I","","","18.40","5,,,S","",""
"RSM00029562","1970-09","56.1","91.667","332.0","KEMCHUG, RS","","","8",",I","5",",I","0",",I","","","","","","","0","3,S","1","3,S","0","3,S","","","","","19700925",",,I","19700930",",3,S","","","","","18.7",",,I,25,","21.1","3,S,30,","","","","","43.9",",,,I","","","14.57","3,,,S","",""
"RSM00029562","1970-10","56.1","91.667","332.0","KEMCHUG, RS","","","21",",I","6",",I","0",",I","","","","","","","10","4,S","0","4,S","0","4,S","","","","","19701021",",,I","19701031","+,4,S","","","","","6.8",",,I,21,","8.9","4,S,31,+","","","","","40.4",",,,I","","","2.02","4,,,S","",""
"RSM00029562","1970-11","56.1","91.667","332.0","KEMCHUG, RS","","","14",",I","2",",I","0",",I","","","","","","","","","","","","","","","","","19701124",",,I","","","","","","","3.7",",,I,24,","","","","","","","18.0",",,,I","","","","","",""
"RSM00029562","1970-12","56.1","91.667","332.0","KEMCHUG, RS","","","15",",I","4",",I","0",",I","","","","","","","","","","","","","","","","","19701220","+,,I","","","","","","","3.2",",,I,20,+","","","","","","","23.2",",,,I","","","","","",""
"RSM00029562","1971-01","56.1","91.667","332.0","KEMCHUG, RS","","","18",",I","1",",I","0",",I","","","","","","","","","","","","","","","","","19710103",",,I","","","","","","","7.0",",,I,03,","","","","","","","24.3",",,,I","","","","","",""
"RSM00029562","1971-02","56.1","91.667","332.0","KEMCHUG, RS","","","11",",I","0",",I","0",",I","","","","","","","24","4,S","0","4,S","0","4,S","","","","","19710202",",,I","19710208",",4,S","","","","","2.4",",,I,02,","-5.0","4,S,08,","","","","","12.7",",,,I","","","-14.98","4,,,S","",""
"RSM00029562","1971-03","56.1","91.667","332.0","KEMCHUG, RS","","","14","1,I","1","1,I","0","1,I","","","","","","","18","5,S","0","5,S","0","5,S","","","","","19710325",",1,I","19710317",",5,S","","","","","3.4","1,,I,25,","10.0","5,S,17,","","","","","15.1","1,,,I","","","-4.60","5,,,S","",""
"RSM00029562","1971-04","56.1","91.667","332.0","KEMCHUG, RS","","","9",",I","2",",I","0",",I","","","","","","","","","","","","","","","","","19710412",",,I","","","","","","","4.9",",,I,12,","","","","","","","15.3",",,,I","","","","","",""
"RSM00029562","1971-05","56.1","91.667","332.0","KEMCHUG, RS","","","16",",I","9",",I","0",",I","","","","","","","0","5,S","1","5,S","0","5,S","","","","","19710521",",,I","19710517",",5,S","","","","","21.9",",,I,21,","21.1","5,S,17,","","","","","63.3",",,,I","","","13.24","5,,,S","",""
"RSM00029562","1971-06","56.1","91.667","332.0","KEMCHUG, RS","","","13","2,I","8","2,I","2","2,I","","","","","","","","","","","","","","","","","19710627",",2,I","","","","","","","34.3","2,,I,27,","","","","","","","109.4","2,,,I","","","","","",""
"RSM00029562","1971-07","56.1","91.667","332.0","KEMCHUG, RS","","","15",",I","14",",I","1",",I","","","","","","","","","","","","","","","","","19710717",",,I","","","","","","","29.7",",,I,17,","","","","","","","121.7",",,,I","","","","","",""
"RSM00029562","1971-08","56.1","91.667","332.0","KEMCHUG, RS","","","15",",I","9",",I","0",",I","","","","","","","","","","","","","","","","","19710809",",,I","","","","","","","24.7",",,I,09,","","","","","","","102.9",",,,I","","","","","",""
"RSM00029562","1971-09","56.1","91.667","332.0","KEMCHUG, RS","","","14",",I","6",",I","0",",I","","","","","","","","","","","","","","","","","19710903",",,I","","","","","","","9.2",",,I,03,","","","","","","","43.3",",,,I","","","","","",""
"RSM00029562","1971-10","56.1","91.667","332.0","KEMCHUG, RS","","","12",",I","4",",I","0",",I","","","","","","","","","","","","","","","","","19711016",",,I","","","","","","","3.4",",,I,16,","","","","","","","19.1",",,,I","","","","","",""
"RSM00029562","1971-11","56.1","91.667","332.0","KEMCHUG, RS","","","17",",I","4",",I","0",",I","","","","","","","","","","","","","","","","","19711123",",,I","","","","","","","5.4",",,I,23,","","","","","","","35.9",",,,I","","","","","",""
"RSM00029562","1971-12","56.1","91.667","332.0","KEMCHUG, RS","","","19",",I","5",",I","0",",I","","","","","","","","","","","","","","","","","19711201",",,I","","","","","","","8.2",",,I,01,","","","","","","","33.2",",,,I","","","","","",""
"RSM00029562","1972-01","56.1","91.667","332.0","KEMCHUG, RS","","","15",",I","0",",I","0",",I","","","","","","","","","","","","","","","","","19720116",",,I","","","","","","","1.8",",,I,16,","","","","","","","11.7",",,,I","","","","","",""
"RSM00029562","1972-02","56.1","91.667","332.0","KEMCHUG, RS","","","15",",I","2",",I","0",",I","","","","","","","","","","","","","","","","","19720204",",,I","","","","","","","2.7",",,I,04,","","","","","","","22.3",",,,I","","","","","",""
"RSM00029562","1972-03","56.1","91.667","332.0","KEMCHUG, RS","","","16",",I","2",",I","0",",I","","","","","","","","","","","","","","","","","19720314",",,I","","","","","","","5.2",",,I,14,","","","","","","","21.0",",,,I","","","","","",""
"RSM00029562","1972-04","56.1","91.667","332.0","KEMCHUG, RS","","","7","1,I","1","1,I","0","1,I","","","","","","","","","","","","","","","","","19720422",",1,I","","","","","","","7.8","1,,I,22,","","","","","","","15.5","1,,,I","","","","","",""
"RSM00029562","1972-05","56.1","91.667","332.0","KEMCHUG, RS","","","15","2,I","7","2,I","1","2,I","","","","","","","","","","","","","","","","","19720516",",2,I","","","","","","","26.3","2,,I,16,","","","","","","","75.2","2,,,I","","","","","",""
"RSM00029562","1972-06","56.1","91.667","332.0","KEMCHUG, RS","","","19","1,I","10","1,I","1","1,I","","","","","","","","","","","","","","","","","19720620",",1,I","","","","","","","36.1","1,,I,20,","","","","","","","127.7","1,,,I","","","","","",""
"RSM00029562","1972-07","56.1","91.667","332.0","KEMCHUG, RS","","","16","1,I","6","1,I","0","1,I","","","","","","","","","","","","","","","","","19720710",",1,I","","","","","","","12.0","1,,I,10,","","","","","","","43.4","1,,,I","","","","","",""
"RSM00029562","1972-09","56.1","91.667","332.0","KEMCHUG, RS","","","19",",I","8",",I","0",",I","","","","","","","","","","","","","","","","","19720928",",,I","","","","","","","14.6",",,I,28,","","","","","","","64.3",",,,I","","","","","",""
"RSM00029562","1972-10","56.1","91.667","332.0","KEMCHUG, RS","","","20",",I","9",",I","0",",I","","","","","","","","","","","","","","","","","19721027",",,I","","","","","","","8.3",",,I,27,","","","","","","","61.6",",,,I","","","","","",""
"RSM00029562","1972-11","56.1","91.667","332.0","KEMCHUG, RS","","","20","2,I","5","2,I","0","2,I","","","","","","","","","","","","","","","","","19721111",",2,I","","","","","","","5.9","2,,I,11,","","","","","","","39.5","2,,,I","","","","","",""
"RSM00029562","1972-12","56.1","91.667","332.0","KEMCHUG, RS","","","20",",I","7",",I","0",",I","","","","","","","","","","","","","","","","","19721207",",,I","","","","","","","7.7",",,I,07,","","","","","","","44.2",",,,I","","","","","",""
"RSM00029562","1973-01","56.1","91.667","332.0","KEMCHUG, RS","","","10","1,I","0","1,I","0","1,I","","","","","","","","","","","","","","","","","19730129",",1,I","","","","","","","1.1","1,,I,29,","","","","","","","6.6","1,,,I","","","","","",""
"RSM00029562","1973-02","56.1","91.667","332.0","KEMCHUG, RS","","","13","1,I","0","1,I","0","1,I","","","","","","","","","","","","","","","","","19730222",",1,I","","","","","","","2.2","1,,I,22,","","","","","","","12.5","1,,,I","","","","","",""
"RSM00029562","1973-03","56.1","91.667","332.0","KEMCHUG, RS","","","18",",I","3",",I","0",",I","","","","","","","","","","","","","","","","","19730328",",,I","","","","","","","5.3",",,I,28,","","","","","","","24.0",",,,I","","","","","",""
"RSM00029562","1973-04","56.1","91.667","332.0","KEMCHUG, RS","","","14",",I","8",",I","0",",I","","","","","","","","","","","","","","","","","19730418",",,I","","","","","","","7.1",",,I,18,","","","","","","","39.8",",,,I","","","","","",""
"RSM00029562","1973-05","56.1","91.667","332.0","KEMCHUG, RS","","","13",",I","5",",I","0",",I","","","","","","","","","","","","","","","","","19730519",",,I","","","","","","","14.0",",,I,19,","","","","","","","44.5",",,,I","","","","","",""
"RSM00029562","1973-06","56.1","91.667","332.0","KEMCHUG, RS","","","20",",I","11",",I","0",",I","","","","","","","","","","","","","","","","","19730610",",,I","","","","","","","19.2",",,I,10,","","","","","","","88.4",",,,I","","","","","",""
"RSM00029562","1973-07","56.1","91.667","332.0","KEMCHUG, RS","","","15",",I","9",",I","0",",I","","","","","","","","","","","","","","","","","19730702",",,I","","","","","","","10.1",",,I,02,","","","","","","","57.2",",,,I","","","","","",""
"RSM00029562","1973-08","56.1","91.667","332.0","KEMCHUG, RS","","","4",",I","4",",I","1",",I","","","","","","","","","","","","","","","","","19730804",",,I","","","","","","","36.1",",,I,04,","","","","","","","55.0",",,,I","","","","","",""
"RSM00029562","1973-09","56.1","91.667","332.0","KEMCHUG, RS","","","6",",I","2",",I","0",",I","","","","","","","","","","","","","","","","","19730902",",,I","","","","","","","17.2",",,I,02,","","","","","","","32.2",",,,I","","","","","",""
"RSM00029562","1973-10","56.1","91.667","332.0","KEMCHUG, RS","","","17",",I","3",",I","0",",I","","","","","","","7","5,S","0","5,S","0","5,S","","","","","19731017",",,I","19731017",",5,S","","","","","4.2",",,I,17,","17.0","5,S,17,","","","","","21.7",",,,I","","","6.19","5,,,S","",""
"RSM00029562","1973-11","56.1","91.667","332.0","KEMCHUG, RS","","","19",",I","3",",I","0",",I","","","","","","","","","","","","","","","","","19731122",",,I","","","","","","","4.2",",,I,22,","","","","","","","25.2",",,,I","","","","","",""
"RSM00029562","1973-12","56.1","91.667","332.0","KEMCHUG, RS","","","14",",I","2",",I","0",",I","","","","","","","","","","","","","","","","","19731231",",,I","","","","","","","5.0",",,I,31,","","","","","","","18.3",",,,I","","","","","",""
"RSM00029562","1974-01","56.1","91.667","332.0","KEMCHUG, RS","","","16",",I","4",",I","0",",I","","","","","","","27","4,S","0","4,S","0","4,S","","","","","19740118",",,I","19740101",",4,S","","","","","7.2",",,I,18,","-2.0","4,S,01,","","","","","30.8",",,,I","","","-17.59","4,,,S","",""
"RSM00029562","1974-02","56.1","91.667","332.0","KEMCHUG, RS","","","12",",I","3",",I","0",",I","","","","","","","23","5,S","0","5,S","0","5,S","","","","","19740214",",,I","19740216",",5,S","","","","","3.9",",,I,14,","-3.0","5,S,16,","","","","","22.1",",,,I","","","-14.04","5,,,S","",""
"RSM00029562","1974-03","56.1","91.667","332.0","KEMCHUG, RS","","","18",",I","4",",I","0",",I","","","","","","","","","","","","","","","","","19740317",",,I","","","","","","","5.2",",,I,17,","","","","","","","31.1",",,,I","","","","","",""
"RSM00029562","1974-04","56.1","91.667","332.0","KEMCHUG, RS","","","14",",I","4",",I","0",",I","","","","","","","","","","","","","","","","","19740405",",,I","","","","","","","11.2",",,I,05,","","","","","","","37.6",",,,I","","","","","",""
"RSM00029562","1974-05","56.1","91.667","332.0","KEMCHUG, RS","","","15",",I","3",",I","0",",I","","","","","","","","","","","","","","","","","19740514",",,I","","","","","","","23.4",",,I,14,","","","","","","","57.6",",,,I","","","","","",""
"RSM00029562","1974-06","56.1","91.667","332.0","KEMCHUG, RS","","","15",",I","2",",I","0",",I","","","","","","","","","","","","","","","","","19740618",",,I","","","","","","","7.6",",,I,18,","","","","","","","25.2",",,,I","","","","","",""
"RSM00029562","1974-07","56.1","91.667","332.0","KEMCHUG, RS","","","12",",I","5",",I","0",",I","","","","","","","","","","","","","","","","","19740723",",,I","","","","","","","18.8",",,I,23,","","","","","","","40.3",",,,I","","","","","",""
"RSM00029562","1974-08","56.1","91.667","332.0","KEMCHUG, RS","","","17",",I","4",",I","0",",I","","","","","","","","","","","","","","","","","19740809",",,I","","","","","","","8.7",",,I,09,","","","","","","","42.4",",,,I","","","","","",""
"RSM00029562","1974-09","56.1","91.667","332.0","KEMCHUG, RS","","","19",",I","7",",I","0",",I","","","","","","","","","","","","","","","","","19740923",",,I","","","","","","","12.1",",,I,23,","","","","","","","52.2",",,,I","","","","","",""
"RSM00029562","1974-10","56.1","91.667","332.0","KEMCHUG, RS","","","21",",I","10",",I","0",",I","","","","","","","","","","","","","","","","","19741027",",,I","","","","","","","17.4",",,I,27,","","","","","","","70.2",",,,I","","","","","",""
"RSM00029562","1974-11","56.1","91.667","332.0","KEMCHUG, RS","","","21",",I","6",",I","0",",I","","","","","","","","","","","","","","","","","19741104",",,I","","","","","","","5.2",",,I,04,","","","","","","","35.0",",,,I","","","","","",""
"RSM00029562","1974-12","56.1","91.667","332.0","KEMCHUG, RS","","","16",",I","1",",I","0",",I","","","","","","","","","","","","","","","","","19741224",",,I","","","","","","","11.5",",,I,24,","","","","","","","30.1",",,,I","","","","","",""
"RSM00029562","1975-01","56.1","91.667","332.0","KEMCHUG, RS","","","21",",I","6",",I","0",",I","","","","","","","","","","","","","","","","","19750114",",,I","","","","","","","4.2",",,I,14,","","","","","","","35.6",",,,I","","","","","",""
"RSM00029562","1975-02","56.1","91.667","332.0","KEMCHUG, RS","","","12",",I","4",",I","0",",I","","","","","","","24","3,S","0","3,S","0","3,S","","","","","19750227",",,I","19750220",",3,S","","","","","3.3",",,I,27,","2.0","3,S,20,","","","","","20.8",",,,I","","","-6.12","3,,,S","",""
"RSM00029562","1975-03","56.1","91.667","332.0","KEMCHUG, RS","","","11",",I","1",",I","0",",I","","","","","","","","","","","","","","","","","19750312",",,I","","","","","","","2.9",",,I,12,","","","","","","","13.8",",,,I","","","","","",""
"RSM00029562","1975-04","56.1","91.667","332.0","KEMCHUG, RS","","","15",",I","6",",I","0",",I","","","","","","","","","","","","","","","","","19750404",",,I","","","","","","","7.1",",,I,04,","","","","","","","34.4",",,,I","","","","","",""
"RSM00029562","1975-05","56.1","91.667","332.0","KEMCHUG, RS","","","17","1,I","8","1,I","0","1,I","","","","","","","0","5,S","3","5,S","0","5,S","","","","","19750506",",1,I","19750529",",5,S","","","","","19.6","1,,I,06,","29.0","5,S,29,","","","","","69.1","1,,,I","","","12.38","5,,,S","",""
"RSM00029562","1975-06","56.1","91.667","332.0","KEMCHUG, RS","","","14",",I","6",",I","0",",I","","","","","","","0","2,S","8","2,S","0","2,S","","","","","19750611",",,I","19750613",",2,S","","","","","16.3",",,I,11,","28.0","2,S,13,","","","","","65.3",",,,I","","","18.68","2,,,S","",""
"RSM00029562","1975-07","56.1","91.667","332.0","KEMCHUG, RS","","","10",",I","4",",I","0",",I","","","","","","","","","","","","","","","","","19750713",",,I","","","","","","","17.4",",,I,13,","","","","","","","44.0",",,,I","","","","","",""
"RSM00029562","1975-08","56.1","91.667","332.0","KEMCHUG, RS","","","15",",I","9",",I","0",",I","","","","","","","","","","","","","","","","","19750820",",,I","","","","","","","21.9",",,I,20,","","","","","","","112.8",",,,I","","","","","",""
"RSM00029562","1975-09","56.1","91.667","332.0","KEMCHUG, RS","","","15",",I","9",",I","0",",I","","","","","","","0","3,S","0","3,S","0","3,S","","","","","19750907",",,I","19750913","+,3,S","","","","","17.0",",,I,07,","20.0","3,S,13,+","","","","","78.4",",,,I","","","14.52","3,,,S","",""
"RSM00029562","1975-10","56.1","91.667","332.0","KEMCHUG, RS","","","14",",I","4",",I","0",",I","","","","","","","","","","","","","","","","","19751008",",,I","","","","","","","5.8",",,I,08,","","","","","","","24.9",",,,I","","","","","",""
"RSM00029562","1975-11","56.1","91.667","332.0","KEMCHUG, RS","","","17",",I","6",",I","0",",I","","","","","","","","","","","","","","","","","19751118",",,I","","","","","","","6.4",",,I,18,","","","","","","","33.9",",,,I","","","","","",""
"RSM00029562","1975-12","56.1","91.667","332.0","KEMCHUG, RS","","","13",",I","2",",I","0",",I","","","","","","","","","","","","","","","","","19751227",",,I","","","","","","","3.1",",,I,27,","","","","","","","16.3",",,,I","","","","","",""
"RSM00029562","1976-01","56.1","91.667","332.0","KEMCHUG, RS","","","12",",I","4",",I","0",",I","29","2,","","","","","","","","","","","","","19760131",",2,S","19760130",",,I","","","","","361","2,,S,31,","8.7",",,I,30,","","","","","","","29.7",",,,I","","","","","",""
"RSM00029562","1976-02","56.1","91.667","332.0","KEMCHUG, RS","","","14",",I","4",",I","0",",I","26","3,","","","","","","","","","","","","","19760206","+,3,S","19760202",",,I","","","","","531","3,,S,06,+","5.9",",,I,02,","","","","","","","23.4",",,,I","","","","","",""
"RSM00029562","1976-03","56.1","91.667","332.0","KEMCHUG, RS","","","14",",I","2",",I","0",",I","28","3,","","","","","29","1,S","0","1,S","0","1,S","","","19760331",",3,S","19760309",",,I","19760301",",1,S","","","480","3,,S,31,","4.7",",,I,09,","1.0","1,S,01,","","","","","20.1",",,,I","","","-5.77","1,,,S","",""
"RSM00029562","1976-04","56.1","91.667","332.0","KEMCHUG, RS","","","5",",I","0",",I","0",",I","","","","","","","","","","","","","","","","","19760425",",,I","","","","","","","2.3",",,I,25,","","","","","","","5.1",",,,I","","","","","",""
"RSM00029562","1976-05","56.1","91.667","332.0","KEMCHUG, RS","","","13",",I","1",",I","0",",I","","","","","","","0","1,S","1","1,S","0","1,S","","","","","19760522",",,I","19760511",",1,S","","","","","5.9",",,I,22,","24.0","1,S,11,","","","","","17.8",",,,I","","","13.20","1,,,S","",""
"RSM00029562","1976-06","56.1","91.667","332.0","KEMCHUG, RS","","","11",",I","5",",I","0",",I","","","","","","","0","2,S","19","2,S","1","2,S","","","","","19760617",",,I","19760610",",2,S","","","","","8.9",",,I,17,","33.0","2,S,10,","","","","","32.0",",,,I","","","23.50","2,,,S","",""
"RSM00029562","1976-07","56.1","91.667","332.0","KEMCHUG, RS","","","13",",I","7",",I","0",",I","","","","","","","0","1,S","22","1,S","1","1,S","","","","","19760720",",,I","19760720",",1,S","","","","","10.7",",,I,20,","33.0","1,S,20,","","","","","63.4",",,,I","","","23.83","1,,,S","",""
"RSM00029562","1976-08","56.1","91.667","332.0","KEMCHUG, RS","","","17",",I","9",",I","0",",I","","","","","","","0","1,S","8","1,S","0","1,S","","","","","19760805",",,I","19760822",",1,S","","","","","18.1",",,I,05,","25.0","1,S,22,","","","","","105.0",",,,I","","","18.60","1,,,S","",""
"RSM00029562","1976-09","56.1","91.667","332.0","KEMCHUG, RS","","","15",",I","8",",I","0",",I","","","","","","","0","1,S","1","1,S","0","1,S","","","","","19760917",",,I","19760906",",1,S","","","","","6.3",",,I,17,","22.0","1,S,06,","","","","","37.5",",,,I","","","14.38","1,,,S","",""
"RSM00029562","1976-10","56.1","91.667","332.0","KEMCHUG, RS","","","17","2,I","4","2,I","0","2,I","","","","","","","","","","","","","","","","","19761029",",2,I","","","","","","","9.4","2,,I,29,","","","","","","","43.5","2,,,I","","","","","",""
"RSM00029562","1976-11","56.1","91.667","332.0","KEMCHUG, RS","","","14",",I","5",",I","0",",I","29","1,","","","","","","","","","","","","","19761121",",1,S","19761119",",,I","","","","","531","1,,S,21,","5.9",",,I,19,","","","","","","","30.5",",,,I","","","","","",""
"RSM00029562","1976-12","56.1","91.667","332.0","KEMCHUG, RS","","","20","1,I","5","1,I","0","1,I","27","4,","","","","","","","","","","","","","19761216","+,4,S","19761208",",1,I","","","","","790","4,,S,16,+","14.9","1,,I,08,","","","","","","","53.9","1,,,I","","","","","",""
"RSM00029562","1977-01","56.1","91.667","332.0","KEMCHUG, RS","","","14",",I","1",",I","0",",I","29","2,","","","","","26","5,S","0","5,S","0","5,S","","","19770131","+,2,S","19770109",",,I","19770113",",5,S","","","790","2,,S,31,+","2.9",",,I,09,","-9.0","5,S,13,","","","","","18.6",",,,I","","","-19.31","5,,,S","",""
"RSM00029562","1977-02","56.1","91.667","332.0","KEMCHUG, RS","","","14",",I","1",",I","0",",I","25","3,","","","","","","","","","","","","","19770228","+,3,S","19770225",",,I","","","","","991","3,,S,28,+","12.8",",,I,25,","","","","","","","30.4",",,,I","","","","","",""
"RSM00029562","1977-03","56.1","91.667","332.0","KEMCHUG, RS","","","16",",I","1",",I","0",",I","30","1,","","","","","","","","","","","","","19770301",",1,S","19770301",",,I","","","","","991","1,,S,01,","3.8",",,I,01,","","","","","","","18.2",",,,I","","","","","",""
"RSM00029562","1977-04","56.1","91.667","332.0","KEMCHUG, RS","","","8",",I","3",",I","0",",I","","","","","","","","","","","","","","","","","19770407",",,I","","","","","","","7.6",",,I,07,","","","","","","","20.1",",,,I","","","","","",""
"RSM00029562","1977-05","56.1","91.667","332.0","KEMCHUG, RS","","","13",",I","7",",I","0",",I","","","","","","","1","2,S","2","2,S","0","2,S","","","","","19770507",",,I","19770531",",2,S","","","","","9.6",",,I,07,","26.0","2,S,31,","","","","","42.9",",,,I","","","11.79","2,,,S","",""
"RSM00029562","1977-06","56.1","91.667","332.0","KEMCHUG, RS","","","13",",I","3",",I","1",",I","","","","","","","0","3,S","15","3,S","0","3,S","","","","","19770610",",,I","19770621",",3,S","","","","","34.0",",,I,10,","32.0","3,S,21,","","","","","55.4",",,,I","","","22.70","3,,,S","",""
"RSM00029562","1977-07","56.1","91.667","332.0","KEMCHUG, RS","","","6",",I","2",",I","0",",I","","","","","","","0","3,S","22","3,S","0","3,S","","","","","19770712",",,I","19770720","+,3,S","","","","","13.6",",,I,12,","29.0","3,S,20,+","","","","","25.2",",,,I","","","23.50","3,,,S","",""
"RSM00029562","1977-08","56.1","91.667","332.0","KEMCHUG, RS","","","19",",I","9",",I","0",",I","","","","","","","0","2,S","8","2,S","0","2,S","","","","","19770831",",,I","19770811","+,2,S","","","","","15.8",",,I,31,","27.0","2,S,11,+","","","","","93.4",",,,I","","","19.55","2,,,S","",""
"RSM00029562","1977-09","56.1","91.667","332.0","KEMCHUG, RS","","","7",",I","0",",I","0",",I","","","","","","","0","1,S","5","1,S","0","1,S","","","","","19770905",",,I","19770919","+,1,S","","","","","2.4",",,I,05,","24.0","1,S,19,+","","","","","7.1",",,,I","","","15.62","1,,,S","",""
"RSM00029562","1977-10","56.1","91.667","332.0","KEMCHUG, RS","","","23",",I","9",",I","0",",I","","","","","","","7","5,S","0","5,S","0","5,S","","","","","19771001",",,I","19771017",",5,S","","","","","5.8",",,I,01,","14.0","5,S,17,","","","","","47.1",",,,I","","","3.65","5,,,S","",""
"RSM00029562","1977-11","56.1","91.667","332.0","KEMCHUG, RS","","","","","","","","","","","","","","","15","5,S","0","5,S","0","5,S","","","","","","","19771120",",5,S","","","","","","","5.0","5,S,20,","","","","","","","","","-0.60","5,,,S","",""
"RSM00029562","1977-12","56.1","91.667","332.0","KEMCHUG, RS","","","15",",I","4",",I","0",",I","","","","","","","","","","","","","","","","","19771207",",,I","","","","","","","3.5",",,I,07,","","","","","","","25.6",",,,I","","","","","",""
"RSM00029562","1978-01","56.1","91.667","332.0","KEMCHUG, RS","","","21",",I","5",",I","0",",I","","","","","","","","","","","","","","","","","19780101",",,I","","","","","","","6.3",",,I,01,","","","","","","","40.9",",,,I","","","","","",""
"RSM00029562","1978-02","56.1","91.667","332.0","KEMCHUG, RS","","","6",",I","0",",I","0",",I","","","","","","","19","4,S","0","4,S","0","4,S","","","","","19780228",",,I","19780223",",4,S","","","","","2.2",",,I,28,","8.0","4,S,23,","","","","","6.1",",,,I","","","-8.42","4,,,S","",""
"RSM00029562","1978-03","56.1","91.667","332.0","KEMCHUG, RS","","","13",",I","1",",I","0",",I","","","","","","","14","4,S","0","4,S","0","4,S","","","","","19780330",",,I","19780320",",4,S","","","","","5.5",",,I,30,","12.0","4,S,20,","","","","","13.1",",,,I","","","-1.89","4,,,S","",""
"RSM00029562","1978-04","56.1","91.667","332.0","KEMCHUG, RS","","","18",",I","9",",I","0",",I","","","","","","","","","","","","","","","","","19780415",",,I","","","","","","","13.2",",,I,15,","","","","","","","69.7",",,,I","","","","","",""
"RSM00029562","1978-05","56.1","91.667","332.0","KEMCHUG, RS","","","15",",I","8",",I","0",",I","","","","","","","0","4,S","4","4,S","0","4,S","","","","","19780505",",,I","19780509",",4,S","","","","","9.4",",,I,05,","26.0","4,S,09,","","","","","46.8",",,,I","","","12.63","4,,,S","",""
"RSM00029562","1978-06","56.1","91.667","332.0","KEMCHUG, RS","","","10",",I","5",",I","0",",I","","","","","","","0","3,S","16","3,S","0","3,S","","","","","19780629",",,I","19780619",",3,S","","","","","14.0",",,I,29,","32.0","3,S,19,","","","","","44.3",",,,I","","","22.41","3,,,S","",""
"RSM00029562","1978-07","56.1","91.667","332.0","KEMCHUG, RS","","","12",",I","10",",I","0",",I","","","","","","","0","5,S","23","5,S","0","5,S","","","","","19780730",",,I","19780729",",5,S","","","","","17.4",",,I,30,","31.0","5,S,29,","","","","","69.6",",,,I","","","25.35","5,,,S","",""
"RSM00029562","1978-08","56.1","91.667","332.0","KEMCHUG, RS","","","22",",I","10",",I","0",",I","","","","","","","0","2,S","8","2,S","0","2,S","","","","","19780831",",,I","19780811",",2,S","","","","","12.3",",,I,31,","30.0","2,S,11,","","","","","69.2",",,,I","","","18.17","2,,,S","",""
"RSM00029562","1978-09","56.1","91.667","332.0","KEMCHUG, RS","","","13",",I","5",",I","0",",I","","","","","","","0","2,S","4","2,S","0","2,S","","","","","19780901",",,I","19780919",",2,S","","","","","6.6",",,I,01,","23.0","2,S,19,","","","","","29.6",",,,I","","","14.68","2,,,S","",""
"RSM00029562","1978-10","56.1","91.667","332.0","KEMCHUG, RS","","","15",",I","2",",I","0",",I","","","","","","","6","3,S","0","3,S","0","3,S","","","","","19781022",",,I","19781003",",3,S","","","","","5.5",",,I,22,","14.0","3,S,03,","","","","","23.4",",,,I","","","4.71","3,,,S","",""
"RSM00029562","1978-11","56.1","91.667","332.0","KEMCHUG, RS","","","16",",I","1",",I","0",",I","17","5,","","","","","","","","","","","","","19781130",",5,S","19781130",",,I","","","","","99","5,,S,30,","2.6",",,I,30,","","","","","","","18.8",",,,I","","","","","",""
"RSM00029562","1978-12","56.1","91.667","332.0","KEMCHUG, RS","","","17",",I","2",",I","0",",I","27","4,","","","","","","","","","","","","","19781211",",4,S","19781210",",,I","","","","","249","4,,S,11,","4.2",",,I,10,","","","","","","","24.6",",,,I","","","","","",""
"RSM00029562","1979-01","56.1","91.667","332.0","KEMCHUG, RS","","","23",",I","7",",I","0",",I","27","4,","","","","","","","","","","","","","19790119",",4,S","19790131",",,I","","","","","361","4,,S,19,","7.8",",,I,31,","","","","","","","53.3",",,,I","","","","","",""
"RSM00029562","1979-02","56.1","91.667","332.0","KEMCHUG, RS","","","17",",I","5",",I","0",",I","26","2,","","","","","","","","","","","","","19790206",",2,S","19790205",",,I","","","","","439","2,,S,06,","4.1",",,I,05,","","","","","","","30.7",",,,I","","","","","",""
"RSM00029562","1979-03","56.1","91.667","332.0","KEMCHUG, RS","","","13",",I","3",",I","0",",I","29","2,","","","","","24","2,S","0","2,S","0","2,S","","","19790315","+,2,S","19790306",",,I","19790318",",2,S","","","391","2,,S,15,+","6.9",",,I,06,","7.0","2,S,18,","","","","","28.9",",,,I","","","-3.52","2,,,S","",""
"RSM00029562","1979-04","56.1","91.667","332.0","KEMCHUG, RS","","","13",",I","3",",I","0",",I","","","","","","","9","3,S","0","3,S","0","3,S","","","","","19790430",",,I","19790425","+,3,S","","","","","18.1",",,I,30,","11.0","3,S,25,+","","","","","39.0",",,,I","","","2.44","3,,,S","",""
"RSM00029562","1979-05","56.1","91.667","332.0","KEMCHUG, RS","","","15",",I","6",",I","1",",I","","","","","","","0","4,S","5","4,S","0","4,S","","","","","19790524",",,I","19790519",",4,S","","","","","37.6",",,I,24,","29.0","4,S,19,","","","","","82.3",",,,I","","","14.07","4,,,S","",""
"RSM00029562","1979-06","56.1","91.667","332.0","KEMCHUG, RS","","","18",",I","11",",I","0",",I","","","","","","","","","","","","","","","","","19790629",",,I","","","","","","","16.7",",,I,29,","","","","","","","115.8",",,,I","","","","","",""
"RSM00029562","1979-07","56.1","91.667","332.0","KEMCHUG, RS","","","11",",I","9",",I","0",",I","","","","","","","","","","","","","","","","","19790713",",,I","","","","","","","23.8",",,I,13,","","","","","","","60.9",",,,I","","","","","",""
"RSM00029562","1979-08","56.1","91.667","332.0","KEMCHUG, RS","","","16",",I","13",",I","1",",I","","","","","","","0","4,S","9","4,S","0","4,S","","","","","19790818",",,I","19790803",",4,S","","","","","36.8",",,I,18,","30.0","4,S,03,","","","","","132.1",",,,I","","","18.56","4,,,S","",""
"RSM00029562","1979-09","56.1","91.667","332.0","KEMCHUG, RS","","","10",",I","7",",I","0",",I","","","","","","","0","5,S","1","5,S","0","5,S","","","","","19790908",",,I","19790905",",5,S","","","","","24.1",",,I,08,","22.0","5,S,05,","","","","","57.7",",,,I","","","15.24","5,,,S","",""
"RSM00029562","1979-10","56.1","91.667","332.0","KEMCHUG, RS","","","22",",I","8",",I","0",",I","","","","","","","","","","","","","","","","","19791017",",,I","","","","","","","14.3",",,I,17,","","","","","","","73.2",",,,I","","","","","",""
"RSM00029562","1979-11","56.1","91.667","332.0","KEMCHUG, RS","","","22",",I","9",",I","0",",I","29","1,","","","","","","","","","","","","","19791123",",1,S","19791122",",,I","","","","","500","1,,S,23,","9.1",",,I,22,","","","","","","","63.7",",,,I","","","","","",""
"RSM00029562","1979-12","56.1","91.667","332.0","KEMCHUG, RS","","","16",",I","6",",I","0",",I","29","2,","","","","","","","","","","","","","19791224",",2,S","19791214",",,I","","","","","1100","2,,S,24,","11.2",",,I,14,","","","","","","","41.4",",,,I","","","","","",""
"RSM00029562","1980-01","56.1","91.667","332.0","KEMCHUG, RS","","","15",",I","2",",I","0",",I","29","2,","","","","","","","","","","","","","19800109","+,2,S","19800106",",,I","","","","","701","2,,S,09,+","3.1",",,I,06,","","","","","","","22.2",",,,I","","","","","",""
"RSM00029562","1980-02","56.1","91.667","332.0","KEMCHUG, RS","","","8",",I","0",",I","0",",I","25","4,","","","","","24","5,S","0","5,S","0","5,S","","","19800229","+,4,S","19800228","+,,I","19800222","+,5,S","","","599","4,,S,29,+","1.3",",,I,28,+","0.0","5,S,22,+","","","","","6.6",",,,I","","","-9.67","5,,,S","",""
"RSM00029562","1980-03","56.1","91.667","332.0","KEMCHUG, RS","","","5",",I","1",",I","0",",I","28","3,","","","","","","","","","","","","","19800330","+,3,S","19800330",",,I","","","","","599","3,,S,30,+","2.9",",,I,30,","","","","","","","5.3",",,,I","","","","","",""
"RSM00029562","1980-04","56.1","91.667","332.0","KEMCHUG, RS","","","11",",I","2",",I","0",",I","","","","","","","8","4,S","0","4,S","0","4,S","","","","","19800427",",,I","19800429",",4,S","","","","","5.3",",,I,27,","15.0","4,S,29,","","","","","16.6",",,,I","","","3.58","4,,,S","",""
"RSM00029562","1980-05","56.1","91.667","332.0","KEMCHUG, RS","","","14",",I","5",",I","0",",I","","","","","","","0","5,S","4","5,S","0","5,S","","","","","19800518",",,I","19800525",",5,S","","","","","5.5",",,I,18,","29.0","5,S,25,","","","","","28.4",",,,I","","","12.88","5,,,S","",""
"RSM00029562","1980-06","56.1","91.667","332.0","KEMCHUG, RS","","","8",",I","5",",I","0",",I","","","","","","","0","5,S","12","5,S","0","5,S","","","","","19800629",",,I","19800619","+,5,S","","","","","22.1",",,I,29,","32.0","5,S,19,+","","","","","53.4",",,,I","","","22.40","5,,,S","",""
"RSM00029562","1980-07","56.1","91.667","332.0","KEMCHUG, RS","","","13",",I","8",",I","1",",I","","","","","","","0","4,S","18","4,S","0","4,S","","","","","19800727",",,I","19800707",",4,S","","","","","27.4",",,I,27,","32.0","4,S,07,","","","","","91.1",",,,I","","","23.04","4,,,S","",""
"RSM00029562","1980-08","56.1","91.667","332.0","KEMCHUG, RS","","","8",",I","6",",I","1",",I","","","","","","","","","","","","","","","","","19800813",",,I","","","","","","","26.2",",,I,13,","","","","","","","83.3",",,,I","","","","","",""
"RSM00029562","1980-09","56.1","91.667","332.0","KEMCHUG, RS","","","","","","","","","","","","","","","0","4,S","3","4,S","0","4,S","","","","","","","19800906",",4,S","","","","","","","26.0","4,S,06,","","","","","","","","","15.46","4,,,S","",""
"RSM00029562","1980-10","56.1","91.667","332.0","KEMCHUG, RS","","","17",",I","7",",I","0",",I","","","","","","","6","1,S","0","1,S","0","1,S","","","","","19801022",",,I","19801031",",1,S","","","","","6.3",",,I,22,","10.0","1,S,31,","","","","","41.6",",,,I","","","2.90","1,,,S","",""
"RSM00029562","1980-11","56.1","91.667","332.0","KEMCHUG, RS","","","20","1,I","6","1,I","0","1,I","","","","","","","","","","","","","","","","","19801121",",1,I","","","","","","","9.2","1,,I,21,","","","","","","","53.2","1,,,I","","","","","",""
"RSM00029562","1980-12","56.1","91.667","332.0","KEMCHUG, RS","","","21",",I","2",",I","0",",I","","","","","","","","","","","","","","","","","19801228",",,I","","","","","","","3.1",",,I,28,","","","","","","","29.1",",,,I","","","","","",""
"RSM00029562","1981-01","56.1","91.667","332.0","KEMCHUG, RS","","","10",",I","1",",I","0",",I","27","4,","","","","","","","","","","","","","19810119","+,4,S","19810131",",,I","","","","","391","4,,S,19,+","6.9",",,I,31,","","","","","","","14.5",",,,I","","","","","",""
"RSM00029562","1981-02","56.1","91.667","332.0","KEMCHUG, RS","","","17",",I","2",",I","0",",I","23","5,","","","","","","","","","","","","","19810211",",5,S","19810210",",,I","","","","","541","5,,S,11,","4.7",",,I,10,","","","","","","","25.6",",,,I","","","","","",""
"RSM00029562","1981-03","56.1","91.667","332.0","KEMCHUG, RS","","","14",",I","6",",I","0",",I","27","4,","","","","","","","","","","","","","19810308",",4,S","19810308",",,I","","","","","551","4,,S,08,","4.3",",,I,08,","","","","","","","28.8",",,,I","","","","","",""
"RSM00029562","1981-04","56.1","91.667","332.0","KEMCHUG, RS","","","11",",I","5",",I","0",",I","","","","","","","1","4,S","0","4,S","0","4,S","","","","","19810425",",,I","19810419",",4,S","","","","","7.6",",,I,25,","19.0","4,S,19,","","","","","29.7",",,,I","","","8.12","4,,,S","",""
"RSM00029562","1981-05","56.1","91.667","332.0","KEMCHUG, RS","","","13",",I","4",",I","0",",I","","","","","","","0","4,S","6","4,S","0","4,S","","","","","19810526",",,I","19810518",",4,S","","","","","5.8",",,I,26,","32.0","4,S,18,","","","","","25.5",",,,I","","","17.41","4,,,S","",""
"RSM00029562","1981-06","56.1","91.667","332.0","KEMCHUG, RS","","","10",",I","5",",I","0",",I","","","","","","","0","2,S","21","2,S","0","2,S","","","","","19810610",",,I","19810608","+,2,S","","","","","10.3",",,I,10,","30.0","2,S,08,+","","","","","29.3",",,,I","","","23.14","2,,,S","",""
"RSM00029562","1981-07","56.1","91.667","332.0","KEMCHUG, RS","","","22",",I","14",",I","0",",I","","","","","","","","","","","","","","","","","19810725",",,I","","","","","","","25.1",",,I,25,","","","","","","","119.9",",,,I","","","","","",""
"RSM00029562","1981-08","56.1","91.667","332.0","KEMCHUG, RS","","","15",",I","9",",I","0",",I","","","","","","","0","3,S","13","3,S","0","3,S","","","","","19810809",",,I","19810822","+,3,S","","","","","8.3",",,I,09,","26.0","3,S,22,+","","","","","51.7",",,,I","","","20.36","3,,,S","",""
"RSM00029562","1981-09","56.1","91.667","332.0","KEMCHUG, RS","","","15",",I","7",",I","0",",I","","","","","","","1","3,S","4","3,S","0","3,S","","","","","19810907",",,I","19810916",",3,S","","","","","12.6",",,I,07,","25.0","3,S,16,","","","","","56.4",",,,I","","","14.00","3,,,S","",""
"RSM00029562","1981-10","56.1","91.667","332.0","KEMCHUG, RS","","","16",",I","5",",I","0",",I","","","","","","","10","5,S","0","5,S","0","5,S","","","","","19811031",",,I","19811013",",5,S","","","","","6.0",",,I,31,","11.0","5,S,13,","","","","","38.4",",,,I","","","1.58","5,,,S","",""
"RSM00029562","1981-11","56.1","91.667","332.0","KEMCHUG, RS","","","10",",I","3",",I","0",",I","28","2,","","","","","22","3,S","0","3,S","0","3,S","","","19811123",",2,S","19811112",",,I","19811109",",3,S","","","330","2,,S,23,","10.9",",,I,12,","5.0","3,S,09,","","","","","27.3",",,,I","","","-5.96","3,,,S","",""
"RSM00029562","1981-12","56.1","91.667","332.0","KEMCHUG, RS","","","14",",I","3",",I","0",",I","","","","","","","","","","","","","","","","","19811204",",,I","","","","","","","8.7",",,I,04,","","","","","","","26.7",",,,I","","","","","",""
"RSM00029562","1982-01","56.1","91.667","332.0","KEMCHUG, RS","","","17",",I","2",",I","0",",I","","","","","","","","","","","","","","","","","19820104",",,I","","","","","","","5.7",",,I,04,","","","","","","","23.4",",,,I","","","","","",""
"RSM00029562","1982-02","56.1","91.667","332.0","KEMCHUG, RS","","","8",",I","0",",I","0",",I","","","","","","","20","3,S","0","3,S","0","3,S","","","","","19820224",",,I","19820228",",3,S","","","","","1.0",",,I,24,","2.2","3,S,28,","","","","","5.0",",,,I","","","-5.66","3,,,S","",""
"RSM00029562","1982-03","56.1","91.667","332.0","KEMCHUG, RS","","","12",",I","1",",I","0",",I","","","","","","","","","","","","","","","","","19820308",",,I","","","","","","","2.7",",,I,08,","","","","","","","12.8",",,,I","","","","","",""
"RSM00029562","1982-04","56.1","91.667","332.0","KEMCHUG, RS","","","13",",I","6",",I","0",",I","","","","","","","1","4,S","1","4,S","0","4,S","","","","","19820422","+,,I","19820422",",4,S","","","","","5.2",",,I,22,+","21.6","4,S,22,","","","","","32.8",",,,I","","","10.12","4,,,S","",""
"RSM00029562","1982-05","56.1","91.667","332.0","KEMCHUG, RS","","","14",",I","5",",I","1",",I","","","","","","","0","3,S","4","3,S","0","3,S","","","","","19820513",",,I","19820519",",3,S","","","","","29.3",",,I,13,","26.4","3,S,19,","","","","","69.4",",,,I","","","14.50","3,,,S","",""
"RSM00029562","1982-06","56.1","91.667","332.0","KEMCHUG, RS","","","9",",I","2",",I","0",",I","","","","","","","0","3,S","18","3,S","0","3,S","","","","","19820608",",,I","19820604",",3,S","","","","","14.3",",,I,08,","29.3","3,S,04,","","","","","28.2",",,,I","","","22.38","3,,,S","",""
"RSM00029562","1982-07","56.1","91.667","332.0","KEMCHUG, RS","","","15",",I","7",",I","0",",I","","","","","","","0","3,S","14","3,S","0","3,S","","","","","19820710",",,I","19820717",",3,S","","","","","24.7",",,I,10,","29.1","3,S,17,","","","","","76.1",",,,I","","","21.73","3,,,S","",""
"RSM00029562","1982-08","56.1","91.667","332.0","KEMCHUG, RS","","","15",",I","10",",I","0",",I","","","","","","","0","5,S","13","5,S","0","5,S","","","","","19820826",",,I","19820816",",5,S","","","","","19.1",",,I,26,","29.1","5,S,16,","","","","","73.9",",,,I","","","20.67","5,,,S","",""
"RSM00029562","1982-09","56.1","91.667","332.0","KEMCHUG, RS","","","17",",I","6",",I","0",",I","","","","","","","","","","","","","","","","","19820929",",,I","","","","","","","8.2",",,I,29,","","","","","","","41.2",",,,I","","","","","",""
"RSM00029562","1982-10","56.1","91.667","332.0","KEMCHUG, RS","","","21",",I","11",",I","0",",I","","","","","","","9","3,S","0","3,S","0","3,S","","","","","19821018",",,I","19821022",",3,S","","","","","17.8",",,I,18,","16.2","3,S,22,","","","","","73.1",",,,I","","","2.98","3,,,S","",""
"RSM00029562","1982-11","56.1","91.667","332.0","KEMCHUG, RS","","","26",",I","10",",I","0",",I","","","","","","","17","5,S","0","5,S","0","5,S","","","","","19821110",",,I","19821108",",5,S","","","","","15.3",",,I,10,","4.9","5,S,08,","","","","","73.8",",,,I","","","-1.80","5,,,S","",""
"RSM00029562","1982-12","56.1","91.667","332.0","KEMCHUG, RS","","","17",",I","5",",I","0",",I","","","","","","","","","","","","","","","","","19821231",",,I","","","","","","","3.9",",,I,31,","","","","","","","31.7",",,,I","","","","","",""
"RSM00029562","1983-01","56.1","91.667","332.0","KEMCHUG, RS","","","16",",I","3",",I","0",",I","","","","","","","","","","","","","","","","","19830123",",,I","","","","","","","3.7",",,I,23,","","","","","","","25.4",",,,I","","","","","",""
"RSM00029562","1983-02","56.1","91.667","332.0","KEMCHUG, RS","","","11",",I","0",",I","0",",I","","","","","","","21","2,S","0","2,S","0","2,S","","","","","19830206",",,I","19830227",",2,S","","","","","2.0",",,I,06,","5.9","2,S,27,","","","","","11.3",",,,I","","","-5.06","2,,,S","",""
"RSM00029562","1983-03","56.1","91.667","332.0","KEMCHUG, RS","","","8","1,I","3","1,I","0","1,I","","","","","","","","","","","","","","","","","19830329",",1,I","","","","","","","4.1","1,,I,29,","","","","","","","17.4","1,,,I","","","","","",""
"RSM00029562","1983-04","56.1","91.667","332.0","KEMCHUG, RS","","","19",",I","5",",I","0",",I","","","","","","","","","","","","","","","","","19830416",",,I","","","","","","","5.0",",,I,16,","","","","","","","35.5",",,,I","","","","","",""
"RSM00029562","1983-05","56.1","91.667","332.0","KEMCHUG, RS","","","13",",I","6",",I","0",",I","","","","","","","0","4,S","2","4,S","0","4,S","","","","","19830529",",,I","19830506",",4,S","","","","","6.3",",,I,29,","23.8","4,S,06,","","","","","34.1",",,,I","","","11.67","4,,,S","",""
"RSM00029562","1983-06","56.1","91.667","332.0","KEMCHUG, RS","","","9",",I","5",",I","0",",I","","","","","","","0","1,S","16","1,S","0","1,S","","","","","19830613",",,I","19830626",",1,S","","","","","14.2",",,I,13,","31.1","1,S,26,","","","","","47.0",",,,I","","","21.60","1,,,S","",""
"RSM00029562","1983-07","56.1","91.667","332.0","KEMCHUG, RS","","","11",",I","6",",I","2",",I","","","","","","","0","3,S","16","3,S","0","3,S","","","","","19830705",",,I","19830731",",3,S","","","","","29.2",",,I,05,","28.6","3,S,31,","","","","","106.0",",,,I","","","21.05","3,,,S","",""
"RSM00029562","1983-08","56.1","91.667","332.0","KEMCHUG, RS","","","14",",I","7",",I","0",",I","","","","","","","0","1,S","13","1,S","0","1,S","","","","","19830812",",,I","19830817",",1,S","","","","","11.8",",,I,12,","27.8","1,S,17,","","","","","47.4",",,,I","","","20.49","1,,,S","",""
"RSM00029562","1983-09","56.1","91.667","332.0","KEMCHUG, RS","","","13",",I","8",",I","0",",I","","","","","","","0","4,S","0","4,S","0","4,S","","","","","19830905",",,I","19830901",",4,S","","","","","10.5",",,I,05,","18.8","4,S,01,","","","","","54.1",",,,I","","","11.58","4,,,S","",""
"RSM00029562","1983-10","56.1","91.667","332.0","KEMCHUG, RS","","","9",",I","5",",I","0",",I","","","","","","","0","3,S","0","3,S","0","3,S","","","","","19831031",",,I","19831004",",3,S","","","","","9.5",",,I,31,","15.4","3,S,04,","","","","","32.9",",,,I","","","7.59","3,,,S","",""
"RSM00029562","1983-11","56.1","91.667","332.0","KEMCHUG, RS","","","15",",I","3",",I","0",",I","","","","","","","","","","","","","","","","","19831113",",,I","","","","","","","14.3",",,I,13,","","","","","","","37.4",",,,I","","","","","",""
"RSM00029562","1983-12","56.1","91.667","332.0","KEMCHUG, RS","","","13",",I","5",",I","0",",I","","","","","","","","","","","","","","","","","19831210",",,I","","","","","","","5.8",",,I,10,","","","","","","","28.8",",,,I","","","","","",""
"RSM00029562","1984-01","56.1","91.667","332.0","KEMCHUG, RS","","","15",",I","3",",I","0",",I","","","","","","","26","4,S","0","4,S","0","4,S","","","","","19840120",",,I","19840107",",4,S","","","","","3.8",",,I,20,","0.1","4,S,07,","","","","","26.7",",,,I","","","-12.23","4,,,S","",""
"RSM00029562","1984-02","56.1","91.667","332.0","KEMCHUG, RS","","","13",",I","2",",I","0",",I","","","","","","","24","5,S","0","5,S","0","5,S","","","","","19840228",",,I","19840229",",5,S","","","","","3.8",",,I,28,","-5.3","5,S,29,","","","","","19.7",",,,I","","","-14.09","5,,,S","",""
"RSM00029562","1984-03","56.1","91.667","332.0","KEMCHUG, RS","","","15",",I","1",",I","0",",I","","","","","","","19","4,S","0","4,S","0","4,S","","","","","19840316",",,I","19840319",",4,S","","","","","3.0",",,I,16,","3.9","4,S,19,","","","","","18.5",",,,I","","","-2.29","4,,,S","",""
"RSM00029562","1984-04","56.1","91.667","332.0","KEMCHUG, RS","","","19",",I","6",",I","0",",I","","","","","","","13","5,S","0","5,S","0","5,S","","","","","19840420",",,I","19840430",",5,S","","","","","9.4",",,I,20,","16.4","5,S,30,","","","","","46.6",",,,I","","","1.63","5,,,S","",""
"RSM00029562","1984-05","56.1","91.667","332.0","KEMCHUG, RS","","","19",",I","9",",I","0",",I","","","","","","","0","3,S","1","3,S","0","3,S","","","","","19840527",",,I","19840512",",3,S","","","","","13.1",",,I,27,","23.1","3,S,12,","","","","","69.1",",,,I","","","11.85","3,,,S","",""
"RSM00029562","1984-06","56.1","91.667","332.0","KEMCHUG, RS","","","13",",I","6",",I","0",",I","","","","","","","0","3,S","17","3,S","0","3,S","","","","","19840603",",,I","19840625",",3,S","","","","","9.3",",,I,03,","30.1","3,S,25,","","","","","37.4",",,,I","","","21.68","3,,,S","",""
"RSM00029562","1984-07","56.1","91.667","332.0","KEMCHUG, RS","","","14",",I","6",",I","1",",I","","","","","","","0","2,S","23","2,S","0","2,S","","","","","19840709",",,I","19840707",",2,S","","","","","26.4",",,I,09,","28.0","2,S,07,","","","","","84.2",",,,I","","","22.04","2,,,S","",""
"RSM00029562","1984-08","56.1","91.667","332.0","KEMCHUG, RS","","","14",",I","8",",I","0",",I","","","","","","","0","3,S","15","3,S","0","3,S","","","","","19840805",",,I","19840830",",3,S","","","","","17.3",",,I,05,","29.0","3,S,30,","","","","","67.4",",,,I","","","21.35","3,,,S","",""
"RSM00029562","1984-09","56.1","91.667","332.0","KEMCHUG, RS","","","8",",I","6",",I","0",",I","","","","","","","0","2,S","4","2,S","0","2,S","","","","","19840930",",,I","19840911",",2,S","","","","","6.7",",,I,30,","27.3","2,S,11,","","","","","30.8",",,,I","","","15.41","2,,,S","",""
"RSM00029562","1984-10","56.1","91.667","332.0","KEMCHUG, RS","","","24",",I","13",",I","0",",I","","","","","","","","","","","","","","","","","19841013","+,,I","","","","","","","12.5",",,I,13,+","","","","","","","100.8",",,,I","","","","","",""
"RSM00029562","1984-11","56.1","91.667","332.0","KEMCHUG, RS","","","20",",I","7",",I","0",",I","","","","","","","","","","","","","","","","","19841130",",,I","","","","","","","13.8",",,I,30,","","","","","","","51.2",",,,I","","","","","",""
"RSM00029562","1984-12","56.1","91.667","332.0","KEMCHUG, RS","","","23",",I","10",",I","0",",I","","","","","","","","","","","","","","","","","19841201",",,I","","","","","","","7.1",",,I,01,","","","","","","","54.4",",,,I","","","","","",""
"RSM00029562","1985-01","56.1","91.667","332.0","KEMCHUG, RS","","","17",",I","4",",I","0",",I","","","","","","","","","","","","","","","","","19850126",",,I","","","","","","","6.6",",,I,26,","","","","","","","28.0",",,,I","","","","","",""
"RSM00029562","1985-02","56.1","91.667","332.0","KEMCHUG, RS","","","10",",I","0",",I","0",",I","","","","","","","28",",S","0",",S","0",",S","","","","","19850210",",,I","19850202",",,S","","","","","1.2",",,I,10,","-2.0",",S,02,","","","","","5.8",",,,I","","","-15.73",",,,S","",""
"RSM00029562","1985-03","56.1","91.667","332.0","KEMCHUG, RS","","","18",",I","3",",I","0",",I","","","","","","","23","2,S","0","2,S","0","2,S","","","","","19850326",",,I","19850329",",2,S","","","","","4.6",",,I,26,","8.5","2,S,29,","","","","","27.6",",,,I","","","-5.16","2,,,S","",""
"RSM00029562","1985-04","56.1","91.667","332.0","KEMCHUG, RS","","","19",",I","5",",I","0",",I","","","","","","","3","1,S","0","1,S","0","1,S","","","","","19850426",",,I","19850413",",1,S","","","","","4.3",",,I,26,","11.8","1,S,13,","","","","","34.8",",,,I","","","4.33","1,,,S","",""
"RSM00029562","1985-05","56.1","91.667","332.0","KEMCHUG, RS","","","15",",I","4",",I","0",",I","","","","","","","0","4,S","2","4,S","0","4,S","","","","","19850504",",,I","19850512",",4,S","","","","","8.0",",,I,04,","22.3","4,S,12,","","","","","33.4",",,,I","","","11.92","4,,,S","",""
"RSM00029562","1985-06","56.1","91.667","332.0","KEMCHUG, RS","","","15",",I","9",",I","0",",I","","","","","","","0","2,S","9","2,S","0","2,S","","","","","19850630",",,I","19850619",",2,S","","","","","18.1",",,I,30,","26.2","2,S,19,","","","","","81.8",",,,I","","","19.08","2,,,S","",""
"RSM00029562","1985-07","56.1","91.667","332.0","KEMCHUG, RS","","","12",",I","7",",I","0",",I","","","","","","","0","4,S","17","4,S","0","4,S","","","","","19850719",",,I","19850715",",4,S","","","","","17.7",",,I,19,","29.0","4,S,15,","","","","","73.2",",,,I","","","22.26","4,,,S","",""
"RSM00029562","1985-08","56.1","91.667","332.0","KEMCHUG, RS","","","12",",I","8",",I","0",",I","","","","","","","0","1,S","11","1,S","0","1,S","","","","","19850824",",,I","19850807",",1,S","","","","","11.0",",,I,24,","27.4","1,S,07,","","","","","58.7",",,,I","","","19.69","1,,,S","",""
"RSM00029562","1985-09","56.1","91.667","332.0","KEMCHUG, RS","","","12",",I","7",",I","0",",I","","","","","","","0","4,S","2","4,S","0","4,S","","","","","19850906",",,I","19850927",",4,S","","","","","12.5",",,I,06,","21.4","4,S,27,","","","","","55.2",",,,I","","","13.72","4,,,S","",""
"RSM00029562","1985-10","56.1","91.667","332.0","KEMCHUG, RS","","","17",",I","7",",I","0",",I","","","","","","","3","4,S","0","4,S","0","4,S","","","","","19851015",",,I","19851003",",4,S","","","","","7.3",",,I,15,","11.6","4,S,03,","","","","","42.1",",,,I","","","5.01","4,,,S","",""
"RSM00029562","1985-11","56.1","91.667","332.0","KEMCHUG, RS","","","21",",I","7",",I","0",",I","","","","","","","","","","","","","","","","","19851103",",,I","","","","","","","7.4",",,I,03,","","","","","","","48.3",",,,I","","","","","",""
"RSM00029562","1985-12","56.1","91.667","332.0","KEMCHUG, RS","","","15",",I","1",",I","0",",I","","","","","","","","","","","","","","","","","19851222",",,I","","","","","","","2.9",",,I,22,","","","","","","","15.6",",,,I","","","","","",""
"RSM00029562","1986-01","56.1","91.667","332.0","KEMCHUG, RS","","","17",",I","4",",I","0",",I","","","","","","","","","","","","","","","","","19860114",",,I","","","","","","","4.8",",,I,14,","","","","","","","27.3",",,,I","","","","","",""
"RSM00029562","1986-02","56.1","91.667","332.0","KEMCHUG, RS","","","12",",I","1",",I","0",",I","","","","","","","21","5,S","0","5,S","0","5,S","","","","","19860211",",,I","19860228",",5,S","","","","","2.6",",,I,11,","4.7","5,S,28,","","","","","11.9",",,,I","","","-8.73","5,,,S","",""
"RSM00029562","1986-03","56.1","91.667","332.0","KEMCHUG, RS","","","16",",I","2",",I","0",",I","","","","","","","21","1,S","0","1,S","0","1,S","","","","","19860303",",,I","19860301",",1,S","","","","","5.0",",,I,03,","5.6","1,S,01,","","","","","23.1",",,,I","","","-2.85","1,,,S","",""
"RSM00029562","1986-04","56.1","91.667","332.0","KEMCHUG, RS","","","14",",I","4",",I","0",",I","","","","","","","","","","","","","","","","","19860412",",,I","","","","","","","4.0",",,I,12,","","","","","","","29.4",",,,I","","","","","",""
"RSM00029562","1986-05","56.1","91.667","332.0","KEMCHUG, RS","","","18",",I","7",",I","0",",I","","","","","","","0","1,S","3","1,S","0","1,S","","","","","19860510",",,I","19860530",",1,S","","","","","5.6",",,I,10,","22.7","1,S,30,","","","","","37.0",",,,I","","","12.54","1,,,S","",""
"RSM00029562","1986-06","56.1","91.667","332.0","KEMCHUG, RS","","","10",",I","3",",I","0",",I","","","","","","","0","2,S","12","2,S","0","2,S","","","","","19860611",",,I","19860621",",2,S","","","","","7.2",",,I,11,","28.6","2,S,21,","","","","","24.6",",,,I","","","20.15","2,,,S","",""
"RSM00029562","1986-07","56.1","91.667","332.0","KEMCHUG, RS","","","13",",I","5",",I","0",",I","","","","","","","0","2,S","26","2,S","1","2,S","","","","","19860720",",,I","19860730",",2,S","","","","","14.6",",,I,20,","32.6","2,S,30,","","","","","37.2",",,,I","","","25.83","2,,,S","",""
"RSM00029562","1986-08","56.1","91.667","332.0","KEMCHUG, RS","","","18",",I","13",",I","0",",I","","","","","","","0","2,S","11","2,S","0","2,S","","","","","19860801",",,I","19860831",",2,S","","","","","16.6",",,I,01,","25.5","2,S,31,","","","","","93.2",",,,I","","","19.10","2,,,S","",""
"RSM00029562","1986-09","56.1","91.667","332.0","KEMCHUG, RS","","","14",",I","7",",I","0",",I","","","","","","","0","4,S","3","4,S","0","4,S","","","","","19860919",",,I","19860927",",4,S","","","","","9.4",",,I,19,","22.8","4,S,27,","","","","","40.3",",,,I","","","15.25","4,,,S","",""
"RSM00029562","1986-10","56.1","91.667","332.0","KEMCHUG, RS","","","12",",I","4",",I","0",",I","","","","","","","","","","","","","","","","","19861031",",,I","","","","","","","10.8",",,I,31,","","","","","","","35.6",",,,I","","","","","",""
"RSM00029562","1986-11","56.1","91.667","332.0","KEMCHUG, RS","","","21",",I","3",",I","0",",I","","","","","","","","","","","","","","","","","19861129",",,I","","","","","","","13.7",",,I,29,","","","","","","","43.3",",,,I","","","","","",""
"RSM00029562","1986-12","56.1","91.667","332.0","KEMCHUG, RS","","","16",",I","4",",I","0",",I","","","","","","","","","","","","","","","","","19861209",",,I","","","","","","","6.5",",,I,09,","","","","","","","27.5",",,,I","","","","","",""
"RSM00029562","1987-04","56.1","91.667","332.0","KEMCHUG, RS","","","","","","","","","","","","","","","8","4,S","0","4,S","0","4,S","","","","","","","19870411",",4,S","","","","","","","12.7","4,S,11,","","","","","","","","","2.95","4,,,S","",""
"RSM00029562","1987-05","56.1","91.667","332.0","KEMCHUG, RS","","","","","","","","","","","","","","","0","3,S","4","3,S","0","3,S","","","","","","","19870529",",3,S","","","","","","","27.6","3,S,29,","","","","","","","","","15.34","3,,,S","",""
"RSM00029562","1987-07","56.1","91.667","332.0","KEMCHUG, RS","","","","","","","","","","","","","","","0","4,S","20","4,S","0","4,S","","","","","","","19870712",",4,S","","","","","","","30.3","4,S,12,","","","","","","","","","23.06","4,,,S","",""
"RSM00029562","1987-08","56.1","91.667","332.0","KEMCHUG, RS","","","","","","","","","","","","","","","0","2,S","17","2,S","0","2,S","","","","","","","19870808",",2,S","","","","","","","30.3","2,S,08,","","","","","","","","","21.77","2,,,S","",""
"RSM00029562","1988-01","56.1","91.667","332.0","KEMCHUG, RS","","","15",",I","2",",I","0",",I","","","","","","","","","","","","","","","","","19880106",",,I","","","","","","","5.5",",,I,06,","","","","","","","22.3",",,,I","","","","","",""
"RSM00029562","1988-02","56.1","91.667","332.0","KEMCHUG, RS","","","17",",I","0",",I","0",",I","","","","","","","25","4,S","0","4,S","0","4,S","","","","","19880211",",,I","19880219",",4,S","","","","","1.7",",,I,11,","-1.6","4,S,19,","","","","","15.9",",,,I","","","-13.07","4,,,S","",""
"RSM00029562","1988-03","56.1","91.667","332.0","KEMCHUG, RS","","","8",",I","5",",I","0",",I","","","","","","","20","4,S","0","4,S","0","4,S","","","","","19880330",",,I","19880306",",4,S","","","","","4.0",",,I,30,","7.8","4,S,06,","","","","","18.3",",,,I","","","-1.98","4,,,S","",""
"RSM00029562","1988-04","56.1","91.667","332.0","KEMCHUG, RS","","","13",",I","5",",I","0",",I","","","","","","","","","","","","","","","","","19880411",",,I","","","","","","","12.9",",,I,11,","","","","","","","38.3",",,,I","","","","","",""
"RSM00029562","1988-05","56.1","91.667","332.0","KEMCHUG, RS","","","14",",I","4",",I","0",",I","","","","","","","0",",S","3",",S","0",",S","","","","","19880526",",,I","19880530",",,S","","","","","9.2",",,I,26,","28.2",",S,30,","","","","","37.4",",,,I","","","12.33",",,,S","",""
"RSM00029562","1988-06","56.1","91.667","332.0","KEMCHUG, RS","","","25",",I","12",",I","0",",I","","","","","","","0","4,S","4","4,S","0","4,S","","","","","19880623",",,I","19880616",",4,S","","","","","13.4",",,I,23,","29.7","4,S,16,","","","","","87.9",",,,I","","","16.26","4,,,S","",""
"RSM00029562","1988-07","56.1","91.667","332.0","KEMCHUG, RS","","","19",",I","11",",I","2",",I","","","","","","","","","","","","","","","","","19880725",",,I","","","","","","","76.0",",,I,25,","","","","","","","194.9",",,,I","","","","","",""
"RSM00029562","1988-08","56.1","91.667","332.0","KEMCHUG, RS","","","14",",I","10",",I","0",",I","","","","","","","0","5,S","12","5,S","0","5,S","","","","","19880806",",,I","19880821",",5,S","","","","","20.7",",,I,06,","27.3","5,S,21,","","","","","86.0",",,,I","","","20.88","5,,,S","",""
"RSM00029562","1988-09","56.1","91.667","332.0","KEMCHUG, RS","","","12",",I","4",",I","0",",I","","","","","","","0","4,S","6","4,S","0","4,S","","","","","19880914",",,I","19880922",",4,S","","","","","5.0",",,I,14,","27.8","4,S,22,","","","","","21.6",",,,I","","","16.71","4,,,S","",""
"RSM00029562","1988-10","56.1","91.667","332.0","KEMCHUG, RS","","","17",",I","9",",I","0",",I","","","","","","","","","","","","","","","","","19881020","+,,I","","","","","","","5.9",",,I,20,+","","","","","","","49.5",",,,I","","","","","",""
"RSM00029562","1988-11","56.1","91.667","332.0","KEMCHUG, RS","","","15",",I","5",",I","0",",I","","","","","","","","","","","","","","","","","19881106",",,I","","","","","","","3.6",",,I,06,","","","","","","","27.8",",,,I","","","","","",""
"RSM00029562","1988-12","56.1","91.667","332.0","KEMCHUG, RS","","","14",",I","4",",I","0",",I","","","","","","","","","","","","","","","","","19881217",",,I","","","","","","","4.2",",,I,17,","","","","","","","23.8",",,,I","","","","","",""
"RSM00029562","1989-01","56.1","91.667","332.0","KEMCHUG, RS","","","11",",I","0",",I","0",",I","","","","","","","","","","","","","","","","","19890120",",,I","","","","","","","2.3",",,I,20,","","","","","","","14.9",",,,I","","","","","",""
"RSM00029562","1989-02","56.1","91.667","332.0","KEMCHUG, RS","","","10",",I","3",",I","0",",I","","","","","","","23","4,S","0","4,S","0","4,S","","","","","19890204",",,I","19890211",",4,S","","","","","5.2",",,I,04,","1.2","4,S,11,","","","","","20.6",",,,I","","","-6.72","4,,,S","",""
"RSM00029562","1989-03","56.1","91.667","332.0","KEMCHUG, RS","","","13",",I","2",",I","0",",I","","","","","","","12","4,S","0","4,S","0","4,S","","","","","19890314",",,I","19890330",",4,S","","","","","5.3",",,I,14,","15.7","4,S,30,","","","","","19.9",",,,I","","","2.51","4,,,S","",""
"RSM00029562","1989-04","56.1","91.667","332.0","KEMCHUG, RS","","","13",",I","6",",I","0",",I","","","","","","","6","3,S","0","3,S","0","3,S","","","","","19890406",",,I","19890408",",3,S","","","","","7.1",",,I,06,","19.6","3,S,08,","","","","","40.1",",,,I","","","3.69","3,,,S","",""
"RSM00029562","1989-05","56.1","91.667","332.0","KEMCHUG, RS","","","12",",I","5",",I","0",",I","","","","","","","0","2,S","11","2,S","0","2,S","","","","","19890531",",,I","19890526",",2,S","","","","","5.2",",,I,31,","29.4","2,S,26,","","","","","25.2",",,,I","","","16.97","2,,,S","",""
"RSM00029562","1989-06","56.1","91.667","332.0","KEMCHUG, RS","","","15",",I","9",",I","0",",I","","","","","","","0","2,S","10","2,S","0","2,S","","","","","19890602",",,I","19890628",",2,S","","","","","19.3",",,I,02,","27.0","2,S,28,","","","","","81.8",",,,I","","","18.08","2,,,S","",""
"RSM00029562","1989-07","56.1","91.667","332.0","KEMCHUG, RS","","","9",",I","3",",I","0",",I","","","","","","","0","3,S","20","3,S","2","3,S","","","","","19890719",",,I","19890711",",3,S","","","","","7.4",",,I,19,","33.5","3,S,11,","","","","","25.5",",,,I","","","23.63","3,,,S","",""
"RSM00029562","1989-08","56.1","91.667","332.0","KEMCHUG, RS","","","7",",I","4",",I","0",",I","","","","","","","0","4,S","14","4,S","0","4,S","","","","","19890823",",,I","19890831",",4,S","","","","","9.0",",,I,23,","30.6","4,S,31,","","","","","25.5",",,,I","","","22.08","4,,,S","",""
"RSM00029562","1989-09","56.1","91.667","332.0","KEMCHUG, RS","","","12",",I","6",",I","0",",I","","","","","","","0","3,S","1","3,S","0","3,S","","","","","19890921",",,I","19890908",",3,S","","","","","15.9",",,I,21,","21.7","3,S,08,","","","","","40.2",",,,I","","","12.71","3,,,S","",""
"RSM00029562","1989-10","56.1","91.667","332.0","KEMCHUG, RS","","","16",",I","5",",I","0",",I","","","","","","","","","","","","","","","","","19891027",",,I","","","","","","","8.1",",,I,27,","","","","","","","32.5",",,,I","","","","","",""
"RSM00029562","1989-11","56.1","91.667","332.0","KEMCHUG, RS","","","14",",I","4",",I","0",",I","","","","","","","","","","","","","","","","","19891115",",,I","","","","","","","9.9",",,I,15,","","","","","","","27.8",",,,I","","","","","",""
"RSM00029562","1989-12","56.1","91.667","332.0","KEMCHUG, RS","","","17",",I","3",",I","0",",I","","","","","","","","","","","","","","","","","19891202",",,I","","","","","","","5.5",",,I,02,","","","","","","","20.0",",,,I","","","","","",""
"RSM00029562","1990-01","56.1","91.667","332.0","KEMCHUG, RS","","","13",",I","4",",I","0",",I","","","","","","","26","5,S","0","5,S","0","5,S","","","","","19900116",",,I","19900102",",5,S","","","","","4.8",",,I,16,","-3.4","5,S,02,","","","","","21.4",",,,I","","","-13.97","5,,,S","",""
"RSM00029562","1990-02","56.1","91.667","332.0","KEMCHUG, RS","","","17",",I","3",",I","0",",I","","","","","","","22","3,S","0","3,S","0","3,S","","","","","19900210",",,I","19900228",",3,S","","","","","7.7",",,I,10,","4.0","3,S,28,","","","","","26.8",",,,I","","","-7.36","3,,,S","",""
"RSM00029562","1990-03","56.1","91.667","332.0","KEMCHUG, RS","","","8",",I","1",",I","0",",I","","","","","","","10","2,S","0","2,S","0","2,S","","","","","19900301",",,I","19900326",",2,S","","","","","4.3",",,I,01,","12.5","2,S,26,","","","","","9.7",",,,I","","","2.82","2,,,S","",""
"RSM00029562","1990-04","56.1","91.667","332.0","KEMCHUG, RS","","","4",",I","2",",I","0",",I","","","","","","","3",",S","0",",S","0",",S","","","","","19900405",",,I","19900428",",,S","","","","","5.5",",,I,05,","15.1",",S,28,","","","","","12.3",",,,I","","","7.50",",,,S","",""
"RSM00029562","1990-05","56.1","91.667","332.0","KEMCHUG, RS","","","12",",I","5",",I","1",",I","","","","","","","0","1,S","12","1,S","0","1,S","","","","","19900524",",,I","19900522",",1,S","","","","","28.4",",,I,24,","32.0","1,S,22,","","","","","53.3",",,,I","","","18.82","1,,,S","",""
"RSM00029562","1990-06","56.1","91.667","332.0","KEMCHUG, RS","","","14",",I","6",",I","1",",I","","","","","","","0",",S","12",",S","0",",S","","","","","19900614",",,I","19900612",",,S","","","","","30.9",",,I,14,","31.7",",S,12,","","","","","74.7",",,,I","","","20.81",",,,S","",""
"RSM00029562","1990-07","56.1","91.667","332.0","KEMCHUG, RS","","","20",",I","9",",I","0",",I","","","","","","","0","2,S","27","2,S","0","2,S","","","","","19900721",",,I","19900712",",2,S","","","","","21.2",",,I,21,","30.0","2,S,12,","","","","","89.7",",,,I","","","24.95","2,,,S","",""
"RSM00029562","1990-08","56.1","91.667","332.0","KEMCHUG, RS","","","18",",I","7",",I","2",",I","","","","","","","0","3,S","16","3,S","0","3,S","","","","","19900815",",,I","19900809",",3,S","","","","","40.7",",,I,15,","26.0","3,S,09,","","","","","111.3",",,,I","","","20.79","3,,,S","",""
"RSM00029562","1990-09","56.1","91.667","332.0","KEMCHUG, RS","","","18",",I","9",",I","0",",I","","","","","","","0","5,S","2","5,S","0","5,S","","","","","19900926",",,I","19900901",",5,S","","","","","17.2",",,I,26,","24.7","5,S,01,","","","","","79.0",",,,I","","","12.81","5,,,S","",""
"RSM00029562","1990-10","56.1","91.667","332.0","KEMCHUG, RS","","","16",",I","5",",I","0",",I","","","","","","","","","","","","","","","","","19901007",",,I","","","","","","","6.1",",,I,07,","","","","","","","40.2",",,,I","","","","","",""
"RSM00029562","1990-11","56.1","91.667","332.0","KEMCHUG, RS","","","18",",I","4",",I","0",",I","","","","","","","","","","","","","","","","","19901111",",,I","","","","","","","10.1",",,I,11,","","","","","","","38.6",",,,I","","","","","",""
"RSM00029562","1990-12","56.1","91.667","332.0","KEMCHUG, RS","","","19",",I","4",",I","0",",I","","","","","","","","","","","","","","","","","19901220",",,I","","","","","","","4.9",",,I,20,","","","","","","","30.0",",,,I","","","","","",""
"RSM00029562","1991-01","56.1","91.667","332.0","KEMCHUG, RS","","","20",",I","0",",I","0",",I","","","","","","","","","","","","","","","","","19910104",",,I","","","","","","","2.2",",,I,04,","","","","","","","18.0",",,,I","","","","","",""
"RSM00029562","1991-02","56.1","91.667","332.0","KEMCHUG, RS","","","13",",I","1",",I","0",",I","","","","","","","","","","","","","","","","","19910224",",,I","","","","","","","5.3",",,I,24,","","","","","","","19.9",",,,I","","","","","",""
"RSM00029562","1991-03","56.1","91.667","332.0","KEMCHUG, RS","","","10",",I","1",",I","0",",I","","","","","","","","","","","","","","","","","19910317",",,I","","","","","","","4.7",",,I,17,","","","","","","","14.3",",,,I","","","","","",""
"RSM00029562","1991-04","56.1","91.667","332.0","KEMCHUG, RS","","","12",",I","4",",I","0",",I","","","","","","","2","2,S","0","2,S","0","2,S","","","","","19910412",",,I","19910430",",2,S","","","","","6.2",",,I,12,","17.8","2,S,30,","","","","","27.2",",,,I","","","6.02","2,,,S","",""
"RSM00029562","1991-05","56.1","91.667","332.0","KEMCHUG, RS","","","14",",I","7",",I","0",",I","","","","","","","1","2,S","8","2,S","1","2,S","","","","","19910526",",,I","19910514",",2,S","","","","","8.7",",,I,26,","33.3","2,S,14,","","","","","43.0",",,,I","","","14.38","2,,,S","",""
"RSM00029562","1991-06","56.1","91.667","332.0","KEMCHUG, RS","","","12",",I","6",",I","0",",I","","","","","","","0","3,S","16","3,S","0","3,S","","","","","19910626",",,I","19910616",",3,S","","","","","10.8",",,I,26,","29.0","3,S,16,","","","","","37.1",",,,I","","","22.14","3,,,S","",""
"RSM00029562","1991-07","56.1","91.667","332.0","KEMCHUG, RS","","","15",",I","10",",I","0",",I","","","","","","","","","","","","","","","","","19910701",",,I","","","","","","","12.2",",,I,01,","","","","","","","65.6",",,,I","","","","","",""
"RSM00029562","1991-08","56.1","91.667","332.0","KEMCHUG, RS","","","16",",I","5",",I","0",",I","","","","","","","0","5,S","12","5,S","0","5,S","","","","","19910831",",,I","19910811",",5,S","","","","","15.0",",,I,31,","28.3","5,S,11,","","","","","54.7",",,,I","","","20.73","5,,,S","",""
"RSM00029562","1991-09","56.1","91.667","332.0","KEMCHUG, RS","","","11",",I","7",",I","1",",I","","","","","","","","","","","","","","","","","19910901",",,I","","","","","","","33.3",",,I,01,","","","","","","","91.4",",,,I","","","","","",""
"RSM00029562","1991-10","56.1","91.667","332.0","KEMCHUG, RS","","","17",",I","11",",I","0",",I","","","","","","","","","","","","","","","","","19911015",",,I","","","","","","","15.7",",,I,15,","","","","","","","73.0",",,,I","","","","","",""
"RSM00029562","1991-11","56.1","91.667","332.0","KEMCHUG, RS","","","22",",I","2",",I","0",",I","","","","","","","","","","","","","","","","","19911117",",,I","","","","","","","3.5",",,I,17,","","","","","","","26.3",",,,I","","","","","",""
"RSM00029562","1991-12","56.1","91.667","332.0","KEMCHUG, RS","","","14",",I","6",",I","0",",I","","","","","","","","","","","","","","","","","19911213",",,I","","","","","","","6.1",",,I,13,","","","","","","","32.2",",,,I","","","","","",""
"RSM00029562","1992-01","56.1","91.667","332.0","KEMCHUG, RS","","","14",",I","0",",I","0",",I","","","","","","","","","","","","","","","","","19920114",",,I","","","","","","","2.2",",,I,14,","","","","","","","12.8",",,,I","","","","","",""
"RSM00029562","1992-02","56.1","91.667","332.0","KEMCHUG, RS","","","10",",I","1",",I","0",",I","","","","","","","","","","","","","","","","","19920226",",,I","","","","","","","3.4",",,I,26,","","","","","","","11.7",",,,I","","","","","",""
"RSM00029562","1992-03","56.1","91.667","332.0","KEMCHUG, RS","","","10",",I","4",",I","0",",I","","","","","","","","","","","","","","","","","19920329",",,I","","","","","","","5.3",",,I,29,","","","","","","","21.2",",,,I","","","","","",""
"RSM00029562","1992-04","56.1","91.667","332.0","KEMCHUG, RS","","","20",",I","5",",I","0",",I","","","","","","","","","","","","","","","","","19920426",",,I","","","","","","","7.1",",,I,26,","","","","","","","43.3",",,,I","","","","","",""
"RSM00029562","1992-05","56.1","91.667","332.0","KEMCHUG, RS","","","7",",I","2",",I","0",",I","","","","","","","","","","","","","","","","","19920528",",,I","","","","","","","6.2",",,I,28,","","","","","","","13.4",",,,I","","","","","",""
"RSM00029562","1992-06","56.1","91.667","332.0","KEMCHUG, RS","","","14",",I","7",",I","0",",I","","","","","","","","","","","","","","","","","19920618",",,I","","","","","","","20.7",",,I,18,","","","","","","","69.1",",,,I","","","","","",""
"RSM00029562","1992-07","56.1","91.667","332.0","KEMCHUG, RS","","","11",",I","7",",I","0",",I","","","","","","","0","5,S","24","5,S","0","5,S","","","","","19920724",",,I","19920715",",5,S","","","","","21.4",",,I,24,","32.1","5,S,15,","","","","","55.1",",,,I","","","24.52","5,,,S","",""
"RSM00029562","1992-08","56.1","91.667","332.0","KEMCHUG, RS","","","16",",I","11",",I","2",",I","","","","","","","","","","","","","","","","","19920802",",,I","","","","","","","58.1",",,I,02,","","","","","","","152.2",",,,I","","","","","",""
"RSM00029562","1992-09","56.1","91.667","332.0","KEMCHUG, RS","","","12",",I","7",",I","0",",I","","","","","","","0","5,S","0","5,S","0","5,S","","","","","19920919",",,I","19920910",",5,S","","","","","11.7",",,I,19,","17.7","5,S,10,","","","","","62.1",",,,I","","","9.18","5,,,S","",""
"RSM00029562","1992-10","56.1","91.667","332.0","KEMCHUG, RS","","","11",",I","3",",I","0",",I","","","","","","","3","3,S","0","3,S","0","3,S","","","","","19921020",",,I","19921015",",3,S","","","","","4.6",",,I,20,","19.0","3,S,15,","","","","","17.2",",,,I","","","7.46","3,,,S","",""
"RSM00029562","1992-11","56.1","91.667","332.0","KEMCHUG, RS","","","21",",I","7",",I","0",",I","29","1,","","","","","","","","","","","","","19921124","+,1,S","19921103",",,I","","","","","290","1,,S,24,+","6.9",",,I,03,","","","","","","","42.8",",,,I","","","","","",""
"RSM00029562","1992-12","56.1","91.667","332.0","KEMCHUG, RS","","","18",",I","2",",I","0",",I","30","1,","","","","","","","","","","","","","19921230","+,1,S","19921208",",,I","","","","","399","1,,S,30,+","5.7",",,I,08,","","","","","","","29.5",",,,I","","","","","",""
"RSM00029562","1993-01","56.1","91.667","332.0","KEMCHUG, RS","","","","","","","","","27","4,","","","","","","","","","","","","","19930127","+,4,S","","","","","","","439","4,,S,27,+","","","","","","","","","","","","","","","",""
"RSM00029562","1993-02","56.1","91.667","332.0","KEMCHUG, RS","","","","","","","","","25","3,","","","","","","","","","","","","","19930205",",3,S","","","","","","","429","3,,S,05,","","","","","","","","","","","","","","","",""
"RSM00029562","1993-03","56.1","91.667","332.0","KEMCHUG, RS","","","","","","","","","28","3,","","","","","","","","","","","","","19930305","+,3,S","","","","","","","391","3,,S,05,+","","","","","","","","","","","","","","","",""
"RSM00029562","1993-04","56.1","91.667","332.0","KEMCHUG, RS","","","","","","","","","","","","","","","6","4,S","0","4,S","0","4,S","","","","","","","19930414",",4,S","","","","","","","19.2","4,S,14,","","","","","","","","","6.07","4,,,S","",""
"RSM00029562","1993-06","56.1","91.667","332.0","KEMCHUG, RS","","","","","","","","","","","","","","","0","4,S","14","4,S","0","4,S","","","","","","","19930624",",4,S","","","","","","","27.3","4,S,24,","","","","","","","","","21.02","4,,,S","",""
"RSM00029562","1993-07","56.1","91.667","332.0","KEMCHUG, RS","","","","","","","","","","","","","","","0","2,S","24","2,S","1","2,S","","","","","","","19930712",",2,S","","","","","","","32.5","2,S,12,","","","","","","","","","25.29","2,,,S","",""
"RSM00029562","1993-08","56.1","91.667","332.0","KEMCHUG, RS","","","","","","","","","","","","","","","0","3,S","14","3,S","0","3,S","","","","","","","19930829",",3,S","","","","","","","27.0","3,S,29,","","","","","","","","","20.52","3,,,S","",""
"RSM00029562","1993-11","56.1","91.667","332.0","KEMCHUG, RS","","","","","","","","","27","2,","","","","","","","","","","","","","19931128",",2,S","","","","","","","310","2,,S,28,","","","","","","","","","","","","","","","",""
"RSM00029562","1993-12","56.1","91.667","332.0","KEMCHUG, RS","","","","","","","","","28","3,","","","","","","","","","","","","","19931221","+,3,S","","","","","","","361","3,,S,21,+","","","","","","","","","","","","","","","",""
"RSM00029562","1994-01","56.1","91.667","332.0","KEMCHUG, RS","","","19",",I","5",",I","0",",I","26","5,","","","","","","","","","","","","","19940131","+,5,S","19940106",",,I","","","","","569","5,,S,31,+","5.8",",,I,06,","","","","","","","39.9",",,,I","","","","","",""
"RSM00029562","1994-02","56.1","91.667","332.0","KEMCHUG, RS","","","6",",I","1",",I","0",",I","25","3,","","","","","","","","","","","","","19940201",",3,S","19940205",",,I","","","","","569","3,,S,01,","3.6",",,I,05,","","","","","","","7.2",",,,I","","","","","",""
"RSM00029562","1994-03","56.1","91.667","332.0","KEMCHUG, RS","","","9","1,I","1","1,I","0","1,I","26","5,","","","","","12","5,S","0","5,S","0","5,S","","","19940309","+,5,S","19940319",",1,I","19940323",",5,S","","","531","5,,S,09,+","2.9","1,,I,19,","10.6","5,S,23,","","","","","14.8","1,,,I","","","-0.56","5,,,S","",""
"RSM00029562","1994-06","56.1","91.667","332.0","KEMCHUG, RS","","","","","","","","","","","","","","","0","3,S","23","3,S","2","3,S","","","","","","","19940608",",3,S","","","","","","","32.6","3,S,08,","","","","","","","","","24.99","3,,,S","",""
"RSM00029562","1994-07","56.1","91.667","332.0","KEMCHUG, RS","","","","","","","","","","","","","","","0","1,S","26","1,S","0","1,S","","","","","","","19940711",",1,S","","","","","","","29.6","1,S,11,","","","","","","","","","24.04","1,,,S","",""
"RSM00029562","1994-08","56.1","91.667","332.0","KEMCHUG, RS","","","","","","","","","","","","","","","0","1,S","13","1,S","0","1,S","","","","","","","19940814",",1,S","","","","","","","28.0","1,S,14,","","","","","","","","","20.44","1,,,S","",""
"RSM00029562","1994-10","56.1","91.667","332.0","KEMCHUG, RS","","","","","","","","","","","","","","","3","5,S","0","5,S","0","5,S","","","","","","","19941002",",5,S","","","","","","","20.0","5,S,02,","","","","","","","","","8.31","5,,,S","",""
"RSM00029562","1998-03","56.1","91.667","332.0","KEMCHUG, RS","","","","","","","","","","","","","","","15","3,S","0","3,S","0","3,S","","","","","","","19980331",",3,S","","","","","","","8.5","3,S,31,","","","","","","","","","-1.91","3,,,S","",""
"RSM00029562","1998-04","56.1","91.667","332.0","KEMCHUG, RS","","","","","","","","","","","","","","","9","1,S","0","1,S","0","1,S","","","","","","","19980428",",1,S","","","","","","","13.5","1,S,28,","","","","","","","","","3.78","1,,,S","",""
"RSM00029562","1998-05","56.1","91.667","332.0","KEMCHUG, RS","","","","","","","","","","","","","","","0","3,S","7","3,S","0","3,S","","","","","","","19980528",",3,S","","","","","","","27.5","3,S,28,","","","","","","","","","15.26","3,,,S","",""
"RSM00029562","1998-06","56.1","91.667","332.0","KEMCHUG, RS","","","","","","","","","","","","","","","0","3,S","6","3,S","0","3,S","","","","","","","19980602",",3,S","","","","","","","29.4","3,S,02,","","","","","","","","","17.90","3,,,S","",""
"RSM00029562","2000-05","56.1","91.667","332.0","KEMCHUG, RS","","","","","","","","","","","","","","","0","3,S","7","3,S","0","3,S","","","","","","","20000528",",3,S","","","","","","","25.1","3,S,28,","","","","","","","","","14.69","3,,,S","",""
"RSM00029562","2000-06","56.1","91.667","332.0","KEMCHUG, RS","","","","","","","","","","","","","","","0","2,S","20","2,S","0","2,S","","","","","","","20000617",",2,S","","","","","","","29.0","2,S,17,","","","","","","","","","22.88","2,,,S","",""
"RSM00029562","2000-09","56.1","91.667","332.0","KEMCHUG, RS","","","","","","","","","","","","","","","0","3,S","3","3,S","0","3,S","","","","","","","20000912",",3,S","","","","","","","28.0","3,S,12,","","","","","","","","","14.24","3,,,S","",""
"RSM00029562","2000-10","56.1","91.667","332.0","KEMCHUG, RS","","","","","","","","","","","","","","","6","5,S","0","5,S","0","5,S","","","","","","","20001014",",5,S","","","","","","","10.3","5,S,14,","","","","","","","","","1.88","5,,,S","",""
"RSM00029562","2000-11","56.1","91.667","332.0","KEMCHUG, RS","","","","","","","","","27","3,","","","","","","","","","","","","","20001130","+,3,S","","","","","","","439","3,,S,30,+","","","","","","","","","","","","","","","",""
"RSM00029562","2000-12","56.1","91.667","332.0","KEMCHUG, RS","","","","","","","","","29","2,","","","","","","","","","","","","","20001231","+,2,S","","","","","","","660","2,,S,31,+","","","","","","","","","","","","","","","",""
"RSM00029562","2001-01","56.1","91.667","332.0","KEMCHUG, RS","","","","","","","","","28","3,","","","","","","","","","","","","","20010118","+,3,S","","","","","","","681","3,,S,18,+","","","","","","","","","","","","","","","",""
"RSM00029562","2001-02","56.1","91.667","332.0","KEMCHUG, RS","","","","","","","","","28",",","","","","","22","3,S","0","3,S","0","3,S","","","20010217",",,S","","","20010223",",3,S","","","569",",,S,17,","","","3.8","3,S,23,","","","","","","","","","-8.39","3,,,S","",""
"RSM00029562","2001-03","56.1","91.667","332.0","KEMCHUG, RS","","","","","","","","","29","2,","","","","","19","2,S","0","2,S","0","2,S","","","20010324","+,2,S","","","20010331",",2,S","","","820","2,,S,24,+","","","14.7","2,S,31,","","","","","","","","","-1.61","2,,,S","",""
"RSM00029562","2001-04","56.1","91.667","332.0","KEMCHUG, RS","","","","","","","","","","","","","","","6","2,S","0","2,S","0","2,S","","","","","","","20010423",",2,S","","","","","","","16.3","2,S,23,","","","","","","","","","4.72","2,,,S","",""
"RSM00029562","2001-05","56.1","91.667","332.0","KEMCHUG, RS","","","","","","","","","","","","","","","0","5,S","12","5,S","0","5,S","","","","","","","20010528",",5,S","","","","","","","31.2","5,S,28,","","","","","","","","","18.98","5,,,S","",""
"RSM00029562","2001-06","56.1","91.667","332.0","KEMCHUG, RS","","","","","","","","","","","","","","","0","3,S","19","3,S","0","3,S","","","","","","","20010601",",3,S","","","","","","","30.3","3,S,01,","","","","","","","","","23.19","3,,,S","",""
"RSM00029562","2001-07","56.1","91.667","332.0","KEMCHUG, RS","","","","","","","","","","","","","","","0","2,S","14","2,S","0","2,S","","","","","","","20010708",",2,S","","","","","","","29.8","2,S,08,","","","","","","","","","20.56","2,,,S","",""
"RSM00029562","2001-08","56.1","91.667","332.0","KEMCHUG, RS","","","","","","","","","","","","","","","0","2,S","20","2,S","0","2,S","","","","","","","20010807",",2,S","","","","","","","30.4","2,S,07,","","","","","","","","","23.22","2,,,S","",""
"RSM00029562","2001-09","56.1","91.667","332.0","KEMCHUG, RS","","","","","","","","","","","","","","","0","3,S","0","3,S","0","3,S","","","","","","","20010928",",3,S","","","","","","","20.5","3,S,28,","","","","","","","","","12.83","3,,,S","",""
"RSM00029562","2001-10","56.1","91.667","332.0","KEMCHUG, RS","","","","","","","","","","","","","","","8","3,S","0","3,S","0","3,S","","","","","","","20011002",",3,S","","","","","","","16.1","3,S,02,","","","","","","","","","5.14","3,,,S","",""
"RSM00029562","2001-11","56.1","91.667","332.0","KEMCHUG, RS","","","","","","","","","","","","","","","12","5,S","0","5,S","0","5,S","","","","","","","20011119",",5,S","","","","","","","11.0","5,S,19,","","","","","","","","","-0.93","5,,,S","",""
"RSM00029562","2001-12","56.1","91.667","332.0","KEMCHUG, RS","","","","","","","","","31",",","","","","","","","","","","","","","20011226","+,,S","","","","","","","221",",,S,26,+","","","","","","","","","","","","","","","",""
"RSM00029562","2002-01","56.1","91.667","332.0","KEMCHUG, RS","","","","","","","","","28","3,","","","","","","","","","","","","","20020119","+,3,S","","","","","","","439","3,,S,19,+","","","","","","","","","","","","","","","",""
"RSM00029562","2002-02","56.1","91.667","332.0","KEMCHUG, RS","","","","","","","","","25","3,","","","","","","","","","","","","","20020217",",3,S","","","","","","","511","3,,S,17,","","","","","","","","","","","","","","","",""
"RSM00029562","2002-03","56.1","91.667","332.0","KEMCHUG, RS","","","","","","","","","29","2,","","","","","","","","","","","","","20020309",",2,S","","","","","","","480","2,,S,09,","","","","","","","","","","","","","","","",""
"RSM00029562","2002-04","56.1","91.667","332.0","KEMCHUG, RS","","","","","","","","","","","","","","","6","3,S","0","3,S","0","3,S","","","","","","","20020425",",3,S","","","","","","","16.6","3,S,25,","","","","","","","","","4.83","3,,,S","",""
"RSM00029562","2002-07","56.1","91.667","332.0","KEMCHUG, RS","","","","","","","","","","","","","","","0","4,S","17","4,S","2","4,S","","","","","","","20020721",",4,S","","","","","","","33.2","4,S,21,","","","","","","","","","22.40","4,,,S","",""
"RSM00029562","2002-08","56.1","91.667","332.0","KEMCHUG, RS","","","","","","","","","","","","","","","0","3,S","8","3,S","1","3,S","","","","","","","20020811",",3,S","","","","","","","32.4","3,S,11,","","","","","","","","","19.39","3,,,S","",""
"RSM00029562","2002-10","56.1","91.667","332.0","KEMCHUG, RS","","","","","","","","","","","","","","","11","4,S","0","4,S","0","4,S","","","","","","","20021005",",4,S","","","","","","","14.0","4,S,05,","","","","","","","","","2.38","4,,,S","",""
"RSM00029562","2002-11","56.1","91.667","332.0","KEMCHUG, RS","","","","","","","","","29","1,","","","","","","","","","","","","","20021130","+,1,S","","","","","","","351","1,,S,30,+","","","","","","","","","","","","","","","",""
"RSM00029562","2002-12","56.1","91.667","332.0","KEMCHUG, RS","","","","","","","","","26","5,","","","","","","","","","","","","","20021231","+,5,S","","","","","","","391","5,,S,31,+","","","","","","","","","","","","","","","",""
"RSM00029562","2003-01","56.1","91.667","332.0","KEMCHUG, RS","","","","","","","","","30","1,","","","","","","","","","","","","","20030122",",1,S","","","","","","","589","1,,S,22,","","","","","","","","","","","","","","","",""
"RSM00029562","2003-02","56.1","91.667","332.0","KEMCHUG, RS","","","","","","","","","24","4,","","","","","","","","","","","","","20030212","+,4,S","","","","","","","559","4,,S,12,+","","","","","","","","","","","","","","","",""
"RSM00029562","2003-03","56.1","91.667","332.0","KEMCHUG, RS","","","","","","","","","28","3,","","","","","13","2,S","0","2,S","0","2,S","","","20030301",",3,S","","","20030317",",2,S","","","521","3,,S,01,","","","8.0","2,S,17,","","","","","","","","","-2.08","2,,,S","",""
"RSM00029562","2003-05","56.1","91.667","332.0","KEMCHUG, RS","","","","","","","","","","","","","","","0",",S","8",",S","0",",S","","","","","","","20030530",",,S","","","","","","","27.1",",S,30,","","","","","","","","","17.35",",,,S","",""
"RSM00029562","2003-06","56.1","91.667","332.0","KEMCHUG, RS","","","","","","","","","","","","","","","0","3,S","24","3,S","1","3,S","","","","","","","20030607",",3,S","","","","","","","32.2","3,S,07,","","","","","","","","","24.42","3,,,S","",""
"RSM00029562","2003-07","56.1","91.667","332.0","KEMCHUG, RS","","","","","","","","","","","","","","","0","5,S","14","5,S","0","5,S","","","","","","","20030709",",5,S","","","","","","","31.8","5,S,09,","","","","","","","","","22.46","5,,,S","",""
"RSM00029562","2003-08","56.1","91.667","332.0","KEMCHUG, RS","","","","","","","","","","","","","","","0","3,S","14","3,S","0","3,S","","","","","","","20030802",",3,S","","","","","","","27.9","3,S,02,","","","","","","","","","20.14","3,,,S","",""
"RSM00029562","2003-09","56.1","91.667","332.0","KEMCHUG, RS","","","","","","","","","","","","","","","0","2,S","1","2,S","0","2,S","","","","","","","20030905",",2,S","","","","","","","22.6","2,S,05,","","","","","","","","","11.63","2,,,S","",""
"RSM00029562","2003-11","56.1","91.667","332.0","KEMCHUG, RS","","","","","","","","","25","5,","","","","","","","","","","","","","20031130",",5,S","","","","","","","239","5,,S,30,","","","","","","","","","","","","","","","",""
"RSM00029562","2003-12","56.1","91.667","332.0","KEMCHUG, RS","","","","","","","","","28","3,","","","","","","","","","","","","","20031231",",3,S","","","","","","","320","3,,S,31,","","","","","","","","","","","","","","","",""
"RSM00029562","2004-01","56.1","91.667","332.0","KEMCHUG, RS","","","","","","","","","27","4,","","","","","","","","","","","","","20040131",",4,S","","","","","","","450","4,,S,31,","","","","","","","","","","","","","","","",""
"RSM00029562","2004-02","56.1","91.667","332.0","KEMCHUG, RS","","","","","","","","","24","5,","","","","","21","4,S","0","4,S","0","4,S","","","20040225",",5,S","","","20040217",",4,S","","","599","5,,S,25,","","","4.0","4,S,17,","","","","","","","","","-5.92","4,,,S","",""
"RSM00029562","2004-03","56.1","91.667","332.0","KEMCHUG, RS","","","","","","","","","29","2,","","","","","19","4,S","0","4,S","0","4,S","","","20040327","+,2,S","","","20040305",",4,S","","","599","2,,S,27,+","","","8.6","4,S,05,","","","","","","","","","-3.02","4,,,S","",""
"RSM00029562","2004-04","56.1","91.667","332.0","KEMCHUG, RS","","","","","","","","","23","4,","","","","","3","3,S","0","3,S","0","3,S","","","20040401",",4,S","","","20040425","+,3,S","","","551","4,,S,01,","","","14.9","3,S,25,+","","","","","","","","","4.03","3,,,S","",""
"RSM00029562","2004-05","56.1","91.667","332.0","KEMCHUG, RS","","","","","","","","","","","","","","","0","4,S","11","4,S","1","4,S","","","","","","","20040520",",4,S","","","","","","","33.7","4,S,20,","","","","","","","","","18.64","4,,,S","",""
"RSM00029562","2004-06","56.1","91.667","332.0","KEMCHUG, RS","","","","","","","","","","","","","","","0","3,S","16","3,S","0","3,S","","","","","","","20040605",",3,S","","","","","","","31.2","3,S,05,","","","","","","","","","22.17","3,,,S","",""
"RSM00029562","2004-08","56.1","91.667","332.0","KEMCHUG, RS","","","","","","","","","","","","","","","0","2,S","11","2,S","0","2,S","","","","","","","20040815",",2,S","","","","","","","28.1","2,S,15,","","","","","","","","","19.75","2,,,S","",""
"RSM00029562","2004-09","56.1","91.667","332.0","KEMCHUG, RS","","","","","","","","","","","","","","","0","3,S","4","3,S","0","3,S","","","","","","","20040906",",3,S","","","","","","","26.2","3,S,06,","","","","","","","","","12.77","3,,,S","",""
"RSM00029562","2004-11","56.1","91.667","332.0","KEMCHUG, RS","","","","","","","","","23","2,","","","","","","","","","","","","","20041130",",2,S","","","","","","","279","2,,S,30,","","","","","","","","","","","","","","","",""
"RSM00029562","2004-12","56.1","91.667","332.0","KEMCHUG, RS","","","","","","","","","27","4,","","","","","","","","","","","","","20041215","+,4,S","","","","","","","541","4,,S,15,+","","","","","","","","","","","","","","","",""
"RSM00029562","2005-01","56.1","91.667","332.0","KEMCHUG, RS","","","","","","","","","31",",","","","","","28","3,S","0","3,S","0","3,S","","","20050127","+,,S","","","20050112",",3,S","","","551",",,S,27,+","","","-2.0","3,S,12,","","","","","","","","","-11.18","3,,,S","",""
"RSM00029562","2005-02","56.1","91.667","332.0","KEMCHUG, RS","","","","","","","","","28",",","","","","","26","2,S","0","2,S","0","2,S","","","20050223","+,,S","","","20050228",",2,S","","","569",",,S,23,+","","","-3.5","2,S,28,","","","","","","","","","-12.81","2,,,S","",""
"RSM00029562","2005-03","56.1","91.667","332.0","KEMCHUG, RS","","","","","","","","","30","1,","","","","","11","2,S","0","2,S","0","2,S","","","20050310","+,1,S","","","20050331",",2,S","","","551","1,,S,10,+","","","10.8","2,S,31,","","","","","","","","","0.37","2,,,S","",""
"RSM00029562","2005-04","56.1","91.667","332.0","KEMCHUG, RS","","","","","","","","","","","","","","","5","5,S","0","5,S","0","5,S","","","","","","","20050424",",5,S","","","","","","","19.4","5,S,24,","","","","","","","","","5.52","5,,,S","",""
"RSM00029562","2005-05","56.1","91.667","332.0","KEMCHUG, RS","","","","","","","","","","","","","","","0","5,S","7","5,S","0","5,S","","","","","","","20050519",",5,S","","","","","","","25.7","5,S,19,","","","","","","","","","14.20","5,,,S","",""
"RSM00029562","2005-06","56.1","91.667","332.0","KEMCHUG, RS","","","","","","","","","","","","","","","0","1,S","15","1,S","0","1,S","","","","","","","20050613",",1,S","","","","","","","28.0","1,S,13,","","","","","","","","","19.84","1,,,S","",""
"RSM00029562","2005-07","56.1","91.667","332.0","KEMCHUG, RS","40.6","5,S","","","","","","","","","0","5,S","0","5,S","0","2,S","26","2,S","1","2,S","20050717",",5,S","","","","","20050708",",2,S","8.8","5,S,17,","","","","","32.4","2,S,08,","11.0","S","11.0","2,S","","","19.49","5,S","25.21","2,,,S","13.78","5,,,S"
"RSM00029562","2005-08","56.1","91.667","332.0","KEMCHUG, RS","","","","","","","","","","","0","5,S","0","5,S","0","2,S","17","2,S","1","2,S","20050812",",5,S","","","","","20050803",",2,S","4.1","5,S,12,","","","","","32.7","2,S,03,","","","","","","","16.67","6,S","22.07","2,,,S","11.28","5,,,S"
"RSM00029562","2005-09","56.1","91.667","332.0","KEMCHUG, RS","","","","","","","","","","","","","","","0","1,S","2","1,S","0","1,S","","","","","","","20050901",",1,S","","","","","","","23.5","1,S,01,","","","","","","","","","13.60","1,,,S","",""
"RSM00029562","2005-11","56.1","91.667","332.0","KEMCHUG, RS","","","","","","","","","27","3,","","","","","","","","","","","","","20051130",",3,S","","","","","","","361","3,,S,30,","","","","","","","","","","","","","","","",""
"RSM00029562","2005-12","56.1","91.667","332.0","KEMCHUG, RS","","","","","","","","","30","1,","","","","","26","5,S","0","5,S","0","5,S","","","20051230",",1,S","","","20051221",",5,S","","","371","1,,S,30,","","","-4.1","5,S,21,","","","","","","","","","-14.93","5,,,S","",""
"RSM00029562","2006-02","56.1","91.667","332.0","KEMCHUG, RS","","","","","","","","","28",",","","","","","24","3,S","0","3,S","0","3,S","","","20060216","+,,S","","","20060210",",3,S","","","559",",,S,16,+","","","2.6","3,S,10,","","","","","","","","","-11.02","3,,,S","",""
"RSM00029562","2006-03","56.1","91.667","332.0","KEMCHUG, RS","","","","","","","","","31",",","","","","","19","1,S","0","1,S","0","1,S","","","20060326",",,S","","","20060323",",1,S","","","620",",,S,26,","","","6.4","1,S,23,","","","","","","","","","-1.27","1,,,S","",""
"RSM00029562","2006-04","56.1","91.667","332.0","KEMCHUG, RS","","","","","","","","","25","5,","","","","","12","3,S","0","3,S","0","3,S","","","20060406",",5,S","","","20060426",",3,S","","","610","5,,S,06,","","","12.6","3,S,26,","","","","","","","","","1.09","3,,,S","",""
"RSM00029562","2006-05","56.1","91.667","332.0","KEMCHUG, RS","","","","","","","","","","","","","","","1","2,S","4","2,S","0","2,S","","","","","","","20060525",",2,S","","","","","","","25.2","2,S,25,","","","","","","","","","12.74","2,,,S","",""
"RSM00029562","2006-06","56.1","91.667","332.0","KEMCHUG, RS","33.3","5,S","","","","","","","","","0","5,S","0","5,S","0","1,S","20","1,S","2","1,S","20060611",",5,S","","","","","20060623",",1,S","3.3","5,S,11,","","","","","32.7","1,S,23,","","","57.3","1,S","","","17.38","5,S","24.41","1,,,S","10.35","5,,,S"
"RSM00029562","2006-07","56.1","91.667","332.0","KEMCHUG, RS","","","","","","","","","","","","","","","0",",S","22",",S","0",",S","","","","","","","20060705",",,S","","","","","","","29.5",",S,05,","","","","","","","","","22.39",",,,S","",""
"RSM00029562","2006-08","56.1","91.667","332.0","KEMCHUG, RS","","","","","","","","","","","","","","","0","2,S","5","2,S","0","2,S","","","","","","","20060804",",2,S","","","","","","","22.8","2,S,04,","","","","","","","","","15.96","2,,,S","",""
"RSM00029562","2006-10","56.1","91.667","332.0","KEMCHUG, RS","","","","","","","","","","","","","","","9","4,S","0","4,S","0","4,S","","","","","","","20061004",",4,S","","","","","","","15.4","4,S,04,","","","","","","","","","2.89","4,,,S","",""
"RSM00029562","2006-11","56.1","91.667","332.0","KEMCHUG, RS","","","","","","","","","","","","","","","18","3,S","0","3,S","0","3,S","","","","","","","20061110",",3,S","","","","","","","8.3","3,S,10,","","","","","","","","","-4.82","3,,,S","",""
"RSM00029562","2006-12","56.1","91.667","332.0","KEMCHUG, RS","","","","","","","","","27","4,","","","","","","","","","","","","","20061215",",4,S","","","","","","","490","4,,S,15,","","","","","","","","","","","","","","","",""
"RSM00029562","2007-01","56.1","91.667","332.0","KEMCHUG, RS","","","","","","","","","28","3,","","","","","","","","","","","","","20070130","+,3,S","","","","","","","480","3,,S,30,+","","","","","","","","","","","","","","","",""
"RSM00029562","2007-02","56.1","91.667","332.0","KEMCHUG, RS","","","","","","","","","27","1,","","","","","22","3,S","0","3,S","0","3,S","","","20070220",",1,S","","","20070201",",3,S","","","521","1,,S,20,","","","4.4","3,S,01,","","","","","","","","","-8.05","3,,,S","",""
"RSM00029562","2007-03","56.1","91.667","332.0","KEMCHUG, RS","","","","","","","","","26","5,","","","","","","","","","","","","","20070314","+,5,S","","","","","","","470","5,,S,14,+","","","","","","","","","","","","","","","",""
"RSM00029562","2007-04","56.1","91.667","332.0","KEMCHUG, RS","","","","","","","","","","","","","","","0","3,S","0","3,S","0","3,S","","","","","","","20070423",",3,S","","","","","","","20.2","3,S,23,","","","","","","","","","11.90","3,,,S","",""
"RSM00029562","2007-05","56.1","91.667","332.0","KEMCHUG, RS","","","","","","","","","","","","","","","0","3,S","2","3,S","0","3,S","","","","","","","20070512",",3,S","","","","","","","23.3","3,S,12,","","","","","","","","","13.28","3,,,S","",""
"RSM00029562","2007-06","56.1","91.667","332.0","KEMCHUG, RS","","","","","","","","","","","","","","","0","3,S","10","3,S","0","3,S","","","","","","","20070629",",3,S","","","","","","","25.5","3,S,29,","","","","","","","","","18.56","3,,,S","",""
"RSM00029562","2007-07","56.1","91.667","332.0","KEMCHUG, RS","","","","","","","","","","","","","","","0","2,S","26","2,S","0","2,S","","","","","","","20070725",",2,S","","","","","","","30.1","2,S,25,","","","","","","","","","25.20","2,,,S","",""
"RSM00029562","2007-08","56.1","91.667","332.0","KEMCHUG, RS","","","","","","","","","","","","","","","0","2,S","9","2,S","0","2,S","","","","","","","20070802",",2,S","","","","","","","27.4","2,S,02,","","","","","","","","","19.81","2,,,S","",""
"RSM00029562","2007-09","56.1","91.667","332.0","KEMCHUG, RS","","","","","","","","","","","","","","","0","2,S","6","2,S","0","2,S","","","","","","","20070904",",2,S","","","","","","","29.2","2,S,04,","","","","","","","","","14.85","2,,,S","",""
"RSM00029562","2007-11","56.1","91.667","332.0","KEMCHUG, RS","","","","","","","","","28","2,","","","","","17","5,S","0","5,S","0","5,S","","","20071130","+,2,S","","","20071108",",5,S","","","290","2,,S,30,+","","","5.7","5,S,08,","","","","","","","","","-2.76","5,,,S","",""
"RSM00029562","2007-12","56.1","91.667","332.0","KEMCHUG, RS","","","","","","","","","31",",","","","","","","","","","","","","","20071219",",,S","","","","","","","511",",,S,19,","","","","","","","","","","","","","","","",""
"RSM00029562","2008-01","56.1","91.667","332.0","KEMCHUG, RS","","","","","","","","","30","1,","","","","","","","","","","","","","20080105","+,1,S","","","","","","","531","1,,S,05,+","","","","","","","","","","","","","","","",""
"RSM00029562","2008-02","56.1","91.667","332.0","KEMCHUG, RS","","","","","","","","","28","1,","","","","","22","5,S","0","5,S","0","5,S","","","20080219",",1,S","","","20080226",",5,S","","","620","1,,S,19,","","","2.3","5,S,26,","","","","","","","","","-8.63","5,,,S","",""
"RSM00029562","2008-03","56.1","91.667","332.0","KEMCHUG, RS","","","","","","","","","29","2,","","","","","9",",S","0",",S","0",",S","","","20080316",",2,S","","","20080324",",,S","","","531","2,,S,16,","","","14.3",",S,24,","","","","","","","","","2.50",",,,S","",""
"RSM00029562","2008-04","56.1","91.667","332.0","KEMCHUG, RS","","","","","","","","","","","","","","","6","3,S","0","3,S","0","3,S","","","","","","","20080425",",3,S","","","","","","","15.8","3,S,25,","","","","","","","","","5.40","3,,,S","",""
"RSM00029562","2008-05","56.1","91.667","332.0","KEMCHUG, RS","","","","","","","","","","","","","","","0","1,S","6","1,S","0","1,S","","","","","","","20080531",",1,S","","","","","","","27.6","1,S,31,","","","","","","","","","14.97","1,,,S","",""
"RSM00029562","2008-06","56.1","91.667","332.0","KEMCHUG, RS","","","","","","","","","","","","","","","0",",S","15",",S","0",",S","","","","","","","20080628",",,S","","","","","","","31.2",",S,28,","","","","","","","","","21.92",",,,S","",""
"RSM00029562","2008-07","56.1","91.667","332.0","KEMCHUG, RS","","","","","","","","","","","","","","","0","1,S","21","1,S","0","1,S","","","","","","","20080718",",1,S","","","","","","","27.0","1,S,18,","","","","","","","","","22.51","1,,,S","",""
"RSM00029562","2008-08","56.1","91.667","332.0","KEMCHUG, RS","","","","","","","","","","","","","","","0","1,S","8","1,S","1","1,S","","","","","","","20080810",",1,S","","","","","","","32.6","1,S,10,","","","","","","","","","18.87","1,,,S","",""
"RSM00029562","2008-09","56.1","91.667","332.0","KEMCHUG, RS","","","","","","","","","","","","","","","0","1,S","2","1,S","0","1,S","","","","","","","20080903",",1,S","","","","","","","22.5","1,S,03,","","","","","","","","","11.81","1,,,S","",""
"RSM00029562","2008-10","56.1","91.667","332.0","KEMCHUG, RS","","","","","","","","","","","","","","","4","2,S","0","2,S","0","2,S","","","","","","","20081011",",2,S","","","","","","","17.9","2,S,11,","","","","","","","","","6.23","2,,,S","",""
"RSM00029562","2008-11","56.1","91.667","332.0","KEMCHUG, RS","","","","","","","","","27","2,","","","","","13","5,S","0","5,S","0","5,S","","","20081102",",2,S","","","20081108",",5,S","","","130","2,,S,02,","","","7.9","5,S,08,","","","","","","","","","-1.42","5,,,S","",""
"RSM00029562","2008-12","56.1","91.667","332.0","KEMCHUG, RS","","","","","","","","","31",",","","","","","","","","","","","","","20081214","+,,S","","","","","","","531",",,S,14,+","","","","","","","","","","","","","","","",""
"RSM00029562","2009-01","56.1","91.667","332.0","KEMCHUG, RS","","","","","","","","","31",",","","","","","29","2,S","0","2,S","0","2,S","","","20090131","+,,S","","","20090115","+,2,S","","","660",",,S,31,+","","","-4.0","2,S,15,+","","","","","","","","","-12.64","2,,,S","",""
"RSM00029562","2009-02","56.1","91.667","332.0","KEMCHUG, RS","","","","","","","","","27","1,","","","","","24","4,S","0","4,S","0","4,S","","","20090216","+,1,S","","","20090228",",4,S","","","711","1,,S,16,+","","","-1.2","4,S,28,","","","","","","","","","-14.25","4,,,S","",""
"RSM00029562","2009-03","56.1","91.667","332.0","KEMCHUG, RS","","","","","","","","","30","1,","","","","","20","1,S","0","1,S","0","1,S","","","20090318","+,1,S","","","20090329",",1,S","","","800","1,,S,18,+","","","16.8","1,S,29,","","","","","","","","","-1.81","1,,,S","",""
"RSM00029562","2009-04","56.1","91.667","332.0","KEMCHUG, RS","","","","","","","","","","","","","","","0","1,S","0","1,S","0","1,S","","","","","","","20090426",",1,S","","","","","","","20.9","1,S,26,","","","","","","","","","8.59","1,,,S","",""
"RSM00029562","2009-05","56.1","91.667","332.0","KEMCHUG, RS","","","","","","","","","","","","","","","0","2,S","5","2,S","0","2,S","","","","","","","20090529",",2,S","","","","","","","25.3","2,S,29,","","","","","","","","","13.28","2,,,S","",""
"RSM00029562","2009-06","56.1","91.667","332.0","KEMCHUG, RS","","","","","","","","","","","","","","","0",",S","8",",S","0",",S","","","","","","","20090609",",,S","","","","","","","31.0",",S,09,","","","","","","","","","17.83",",,,S","",""
"RSM00029562","2009-07","56.1","91.667","332.0","KEMCHUG, RS","","","","","","","","","","","","","","","0","1,S","24","1,S","0","1,S","","","","","","","20090716",",1,S","","","","","","","28.0","1,S,16,","","","","","","","","","23.99","1,,,S","",""
"RSM00029562","2009-08","56.1","91.667","332.0","KEMCHUG, RS","","","","","","","","","","","","","","","0",",S","13",",S","0",",S","","","","","","","20090809",",,S","","","","","","","28.9",",S,09,","","","","","","","","","20.51",",,,S","",""
"RSM00029562","2009-09","56.1","91.667","332.0","KEMCHUG, RS","","","","","","","","","","","","","","","0","2,S","1","2,S","0","2,S","","","","","","","20090910",",2,S","","","","","","","22.3","2,S,10,","","","","","","","","","13.93","2,,,S","",""
"RSM00029562","2009-10","56.1","91.667","332.0","KEMCHUG, RS","","","","","","","","","","","","","","","13","1,S","2","1,S","0","1,S","","","","","","","20091003",",1,S","","","","","","","22.5","1,S,03,","","","","","","","","","3.89","1,,,S","",""
"RSM00029562","2009-11","56.1","91.667","332.0","KEMCHUG, RS","","","","","","","","","30",",","","","","","","","","","","","","","20091129",",,S","","","","","","","950",",,S,29,","","","","","","","","","","","","","","","",""
"RSM00029562","2009-12","56.1","91.667","332.0","KEMCHUG, RS","","","","","","","","","31",",","","","","","","","","","","","","","20091205",",,S","","","","","","","1059",",,S,05,","","","","","","","","","","","","","","","",""
"RSM00029562","2010-01","56.1","91.667","332.0","KEMCHUG, RS","","","","","","","","","31",",","","","","","","","","","","","","","20100128","+,,S","","","","","","","879",",,S,28,+","","","","","","","","","","","","","","","",""
"RSM00029562","2010-02","56.1","91.667","332.0","KEMCHUG, RS","","","","","","","","","27","1,","","","","","21","5,S","0","5,S","0","5,S","","","20100219","+,1,S","","","20100219",",5,S","","","841","1,,S,19,+","","","1.0","5,S,19,","","","","","","","","","-17.56","5,,,S","",""
"RSM00029562","2010-03","56.1","91.667","332.0","KEMCHUG, RS","","","","","","","","","30","1,","","","","","24","2,S","0","2,S","0","2,S","","","20100312","+,1,S","","","20100327",",2,S","","","930","1,,S,12,+","","","8.3","2,S,27,","","","","","","","","","-4.18","2,,,S","",""
"RSM00029562","2010-04","56.1","91.667","332.0","KEMCHUG, RS","","","","","","","","","30",",","","","","","9","2,S","0","2,S","0","2,S","","","20100404",",,S","","","20100429",",2,S","","","970",",,S,04,","","","19.1","2,S,29,","","","","","","","","","3.53","2,,,S","",""
"RSM00029562","2010-05","56.1","91.667","332.0","KEMCHUG, RS","","","","","","","","","","","","","","","0",",S","5",",S","0",",S","","","","","","","20100530",",,S","","","","","","","26.3",",S,30,","","","","","","","","","11.73",",,,S","",""
"RSM00029562","2010-06","56.1","91.667","332.0","KEMCHUG, RS","","","","","","","","","","","","","","","0",",S","16",",S","0",",S","","","","","","","20100621",",,S","","","","","","","32.0",",S,21,","","","","","","","","","21.94",",,,S","",""
"RSM00029562","2010-07","56.1","91.667","332.0","KEMCHUG, RS","","","","","","","","","","","","","","","0","1,S","16","1,S","0","1,S","","","","","","","20100717",",1,S","","","","","","","31.9","1,S,17,","","","","","","","","","22.02","1,,,S","",""
"RSM00029562","2010-08","56.1","91.667","332.0","KEMCHUG, RS","","","","","","","","","","","","","","","0",",S","8",",S","0",",S","","","","","","","20100822",",,S","","","","","","","30.4",",S,22,","","","","","","","","","19.37",",,,S","",""
"RSM00029562","2010-09","56.1","91.667","332.0","KEMCHUG, RS","","","","","","","","","","","","","","","0",",S","3",",S","0",",S","","","","","","","20100901",",,S","","","","","","","29.0",",S,01,","","","","","","","","","13.74",",,,S","",""
"RSM00029562","2010-10","56.1","91.667","332.0","KEMCHUG, RS","","","","","","","","","","","","","","","2","3,S","0","3,S","0","3,S","","","","","","","20101002",",3,S","","","","","","","20.7","3,S,02,","","","","","","","","","7.08","3,,,S","",""
"RSM00029562","2010-12","56.1","91.667","332.0","KEMCHUG, RS","","","","","","","","","31",",","","","","","","","","","","","","","20101211","+,,S","","","","","","","569",",,S,11,+","","","","","","","","","","","","","","","",""
"RSM00029562","2011-01","56.1","91.667","332.0","KEMCHUG, RS","","","","","","","","","31",",","","","","","30","1,S","0","1,S","0","1,S","","","20110125","+,,S","","","20110130",",1,S","","","521",",,S,25,+","","","-2.1","1,S,30,","","","","","","","","","-16.89","1,,,S","",""
"RSM00029562","2011-02","56.1","91.667","332.0","KEMCHUG, RS","","","","","","","","","27","1,","","","","","24","3,S","0","3,S","0","3,S","","","20110205",",1,S","","","20110218",",3,S","","","620","1,,S,05,","","","1.8","3,S,18,","","","","","","","","","-7.96","3,,,S","",""
"RSM00029562","2011-03","56.1","91.667","332.0","KEMCHUG, RS","","","","","","","","","31",",","","","","","13","2,S","0","2,S","0","2,S","","","20110320",",,S","","","20110325",",2,S","","","630",",,S,20,","","","12.3","2,S,25,","","","","","","","","","0.31","2,,,S","",""
"RSM00029562","2011-04","56.1","91.667","332.0","KEMCHUG, RS","","","","","","","","","","","","","","","1","3,S","2","3,S","0","3,S","","","","","","","20110423",",3,S","","","","","","","24.0","3,S,23,","","","","","","","","","11.84","3,,,S","",""
"RSM00029562","2011-05","56.1","91.667","332.0","KEMCHUG, RS","","","","","","","","","","","","","","","0","1,S","9","1,S","0","1,S","","","","","","","20110531",",1,S","","","","","","","27.5","1,S,31,","","","","","","","","","15.42","1,,,S","",""
"RSM00029562","2011-06","56.1","91.667","332.0","KEMCHUG, RS","","","","","","","","","","","","","","","0",",S","26",",S","0",",S","","","","","","","20110620",",,S","","","","","","","29.5",",S,20,","","","","","","","","","24.70",",,,S","",""
"RSM00029562","2011-07","56.1","91.667","332.0","KEMCHUG, RS","","","","","","","","","","","","","","","0",",S","15",",S","1",",S","","","","","","","20110713",",,S","","","","","","","33.0",",S,13,","","","","","","","","","20.66",",,,S","",""
"RSM00029562","2011-08","56.1","91.667","332.0","KEMCHUG, RS","","","","","","","","","","","","","","","0","1,S","10","1,S","0","1,S","","","","","","","20110801",",1,S","","","","","","","28.1","1,S,01,","","","","","","","","","19.32","1,,,S","",""
"RSM00029562","2011-09","56.1","91.667","332.0","KEMCHUG, RS","","","","","","","","","","","","","","","0","1,S","5","1,S","0","1,S","","","","","","","20110921",",1,S","","","","","","","25.5","1,S,21,","","","","","","","","","15.72","1,,,S","",""
"RSM00029562","2011-10","56.1","91.667","332.0","KEMCHUG, RS","","","","","","","","","","","","","","","1","4,S","0","4,S","0","4,S","","","","","","","20111004",",4,S","","","","","","","20.6","4,S,04,","","","","","","","","","10.52","4,,,S","",""
"RSM00029562","2011-11","56.1","91.667","332.0","KEMCHUG, RS","","","","","","","","","29","1,","","","","","21","5,S","0","5,S","0","5,S","","","20111109",",1,S","","","20111106",",5,S","","","201","1,,S,09,","","","8.0","5,S,06,","","","","","","","","","-3.85","5,,,S","",""
"RSM00029562","2011-12","56.1","91.667","332.0","KEMCHUG, RS","","","","","","","","","31",",","","","","","27","4,S","0","4,S","0","4,S","","","20111224","+,,S","","","20111230",",4,S","","","439",",,S,24,+","","","-2.0","4,S,30,","","","","","","","","","-9.89","4,,,S","",""
"RSM00029562","2012-01","56.1","91.667","332.0","KEMCHUG, RS","","","","","","","","","31",",","","","","","27","4,S","0","4,S","0","4,S","","","20120113","+,,S","","","20120110",",4,S","","","480",",,S,13,+","","","-6.0","4,S,10,","","","","","","","","","-17.39","4,,,S","",""
"RSM00029562","2012-02","56.1","91.667","332.0","KEMCHUG, RS","","","","","","","","","29",",","","","","","28","1,S","0","1,S","0","1,S","","","20120215",",,S","","","20120216",",1,S","","","620",",,S,15,","","","-2.3","1,S,16,","","","","","","","","","-10.84","1,,,S","",""
"RSM00029562","2012-03","56.1","91.667","332.0","KEMCHUG, RS","","","","","","","","","30","1,","","","","","17","1,S","0","1,S","0","1,S","","","20120323",",1,S","","","20120326",",1,S","","","630","1,,S,23,","","","9.0","1,S,26,","","","","","","","","","0.67","1,,,S","",""
"RSM00029562","2012-04","56.1","91.667","332.0","KEMCHUG, RS","","","","","","","","","","","","","","","0","1,S","0","1,S","0","1,S","","","","","","","20120411",",1,S","","","","","","","15.6","1,S,11,","","","","","","","","","7.02","1,,,S","",""
"RSM00029562","2012-05","56.1","91.667","332.0","KEMCHUG, RS","","","","","","","","","","","","","","","0",",S","6",",S","0",",S","","","","","","","20120514",",,S","","","","","","","26.7",",S,14,","","","","","","","","","14.57",",,,S","",""
"RSM00029562","2012-06","56.1","91.667","332.0","KEMCHUG, RS","","","","","","","","","","","","","","","0",",S","28",",S","0",",S","","","","","","","20120610",",,S","","","","","","","31.6",",S,10,","","","","","","","","","25.70",",,,S","",""
"RSM00029562","2012-07","56.1","91.667","332.0","KEMCHUG, RS","","","","","","","","","","","","","","","0",",S","28",",S","0",",S","","","","","","","20120729",",,S","","","","","","","32.0",",S,29,","","","","","","","","","25.56",",,,S","",""
"RSM00029562","2012-08","56.1","91.667","332.0","KEMCHUG, RS","","","","","","","","","","","","","","","0","1,S","10","1,S","0","1,S","","","","","","","20120802",",1,S","","","","","","","28.3","1,S,02,","","","","","","","","","19.45","1,,,S","",""
"RSM00029562","2012-09","56.1","91.667","332.0","KEMCHUG, RS","","","15",",S","6",",S","0",",S","","","","","","","0",",S","7",",S","0",",S","","","","","20120922",",,S","20120913",",,S","","","","","6.1",",,S,22,","26.9",",S,13,","","","","","32.6",",,,S","","","16.50",",,,S","",""
"RSM00029562","2012-10","56.1","91.667","332.0","KEMCHUG, RS","","","21",",S","10",",S","0",",S","","","","","","","9","4,S","0","4,S","0","4,S","","","","","20121021",",,S","20121004",",4,S","","","","","11.9",",,S,21,","18.3","4,S,04,","","","","","69.1",",,,S","","","3.67","4,,,S","",""
"RSM00029562","2012-11","56.1","91.667","332.0","KEMCHUG, RS","","","22",",S","8",",S","0",",S","30",",","","","","","23","5,S","0","5,S","0","5,S","","","20121129","+,,S","20121126",",,S","20121104",",5,S","","","351",",,S,29,+","5.1",",,S,26,","2.3","5,S,04,","","","","","41.4",",,,S","","","-6.12","5,,,S","",""
"RSM00029562","2012-12","56.1","91.667","332.0","KEMCHUG, RS","","","15","1,S","3","1,S","0","1,S","30","1,","","","","","","","","","","","","","20121231",",1,S","20121230","+,1,S","","","","","470","1,,S,31,","4.1","1,,S,30,+","","","","","","","24.7","1,,,S","","","","","",""
"RSM00029562","2013-01","56.1","91.667","332.0","KEMCHUG, RS","","","13","1,S","0","1,S","0","1,S","31",",","","","","","","","","","","","","","20130126","+,,S","20130124",",1,S","","","","","490",",,S,26,+","2.0","1,,S,24,","","","","","","","9.8","1,,,S","","","","","",""
"RSM00029562","2013-02","56.1","91.667","332.0","KEMCHUG, RS","","","15",",S","2",",S","0",",S","28",",","","","","","25","3,S","0","3,S","0","3,S","","","20130225","+,,S","20130201",",,S","20130224",",3,S","","","569",",,S,25,+","3.6",",,S,01,","-1.6","3,S,24,","","","","","17.0",",,,S","","","-10.85","3,,,S","",""
"RSM00029562","2013-03","56.1","91.667","332.0","KEMCHUG, RS","","","14",",S","6",",S","0",",S","31",",","","","","","17","3,S","0","3,S","0","3,S","","","20130322","+,,S","20130314",",,S","20130331",",3,S","","","559",",,S,22,+","7.1",",,S,14,","10.2","3,S,31,","","","","","32.1",",,,S","","","-2.55","3,,,S","",""
"RSM00029562","2013-04","56.1","91.667","332.0","KEMCHUG, RS","","","14",",S","3",",S","0",",S","","","","","","","3","2,S","0","2,S","0","2,S","","","","","20130401",",,S","20130424",",2,S","","","","","7.6",",,S,01,","19.4","2,S,24,","","","","","22.7",",,,S","","","8.03","2,,,S","",""
"RSM00029562","2013-05","56.1","91.667","332.0","KEMCHUG, RS","","","26",",S","10",",S","0",",S","","","","","","","0","1,S","1","1,S","0","1,S","","","","","20130528",",,S","20130508",",1,S","","","","","10.9",",,S,28,","21.3","1,S,08,","","","","","76.3",",,,S","","","11.62","1,,,S","",""
"RSM00029562","2013-06","56.1","91.667","332.0","KEMCHUG, RS","","","14",",S","8",",S","1",",S","","","","","","","0",",S","14",",S","0",",S","","","","","20130611",",,S","20130610",",,S","","","","","28.7",",,S,11,","28.4",",S,10,","","","","","96.9",",,,S","","","20.09",",,,S","",""
"RSM00029562","2013-07","56.1","91.667","332.0","KEMCHUG, RS","9.0","2,S","10","4,S","7","4,S","0","4,S","","","0","2,S","0","2,S","0",",S","25",",S","0",",S","20130703",",2,S","","","20130709",",4,S","20130718","+,,S","4.5","2,S,03,","","","9.9","4,,S,09,","27.5",",S,18,+","36.7","S","36.7",",S","44.7","4,,,S","17.20","2,S","23.34",",,,S","11.07","2,,,S"
"RSM00029562","2013-08","56.1","91.667","332.0","KEMCHUG, RS","","","17","1,S","14","1,S","0","1,S","","","","","","","0","1,S","19","1,S","0","1,S","","","","","20130801",",1,S","20130812",",1,S","","","","","23.9","1,,S,01,","26.1","1,S,12,","","","","","128.5","1,,,S","","","21.56","1,,,S","",""
"RSM00029562","2013-09","56.1","91.667","332.0","KEMCHUG, RS","","","14","5,S","6","5,S","0","5,S","","","","","","","0","2,S","2","2,S","0","2,S","","","","","20130928",",5,S","20130905",",2,S","","","","","10.9","5,,S,28,","24.7","2,S,05,","","","","","42.2","5,,,S","","","12.03","2,,,S","",""
"RSM00029562","2013-10","56.1","91.667","332.0","KEMCHUG, RS","","","20","2,S","7","2,S","0","2,S","","","","","","","5","2,S","0","2,S","0","2,S","","","","","20131011",",2,S","20131015",",2,S","","","","","6.1","2,,S,11,","13.3","2,S,15,","","","","","39.1","2,,,S","","","5.11","2,,,S","",""
"RSM00029562","2013-11","56.1","91.667","332.0","KEMCHUG, RS","","","21","2,S","6","2,S","0","2,S","","","","","","","","","","","","","","","","","20131106",",2,S","","","","","","","7.1","2,,S,06,","","","","","","","46.4","2,,,S","","","","","",""
"RSM00029562","2013-12","56.1","91.667","332.0","KEMCHUG, RS","","","15","4,S","6","4,S","0","4,S","29","2,","","","","","","","","","","","","","20131231",",2,S","20131231",",4,S","","","","","579","2,,S,31,","10.9","4,,S,31,","","","","","","","43.5","4,,,S","","","","","",""
"RSM00029562","2014-01","56.1","91.667","332.0","KEMCHUG, RS","","","21",",S","3",",S","0",",S","31",",","","","","","","","","","","","","","20140103",",,S","20140102","+,,S","","","","","701",",,S,03,","3.0",",,S,02,+","","","","","","","23.2",",,,S","","","","","",""
"RSM00029562","2014-02","56.1","91.667","332.0","KEMCHUG, RS","","","16",",S","2",",S","0",",S","28",",","","","","","22","4,S","0","4,S","0","4,S","","","20140223","+,,S","20140218",",,S","20140223",",4,S","","","579",",,S,23,+","6.9",",,S,18,","4.4","4,S,23,","","","","","25.4",",,,S","","","-13.38","4,,,S","",""
"RSM00029562","2014-03","56.1","91.667","332.0","KEMCHUG, RS","","","15","1,S","3","1,S","0","1,S","30","1,","","","","","10","2,S","0","2,S","0","2,S","","","20140313",",1,S","20140312",",1,S","20140320",",2,S","","","630","1,,S,13,","5.1","1,,S,12,","12.3","2,S,20,","","","","","21.6","1,,,S","","","1.99","2,,,S","",""
"RSM00029562","2014-04","56.1","91.667","332.0","KEMCHUG, RS","","","6",",S","3",",S","0",",S","","","","","","","1",",S","0",",S","0",",S","","","","","20140422",",,S","20140403",",,S","","","","","9.9",",,S,22,","21.0",",S,03,","","","","","19.8",",,,S","","","11.63",",,,S","",""
"RSM00029562","2014-05","56.1","91.667","332.0","KEMCHUG, RS","","","15",",S","11",",S","0",",S","","","","","","","0","1,S","4","1,S","0","1,S","","","","","20140525",",,S","20140509",",1,S","","","","","15.0",",,S,25,","23.2","1,S,09,","","","","","85.7",",,,S","","","11.47","1,,,S","",""
"RSM00029562","2014-06","56.1","91.667","332.0","KEMCHUG, RS","","","10",",S","6",",S","1",",S","","","","","","","0",",S","18",",S","0",",S","","","","","20140629",",,S","20140626",",,S","","","","","26.9",",,S,29,","30.7",",S,26,","","","","","74.9",",,,S","","","21.32",",,,S","",""
"RSM00029562","2014-07","56.1","91.667","332.0","KEMCHUG, RS","","","14","1,S","8","1,S","0","1,S","","","","","","","0",",S","25",",S","1",",S","","","","","20140710",",1,S","20140713",",,S","","","","","17.0","1,,S,10,","33.9",",S,13,","","","","","58.4","1,,,S","","","24.48",",,,S","",""
"RSM00029562","2014-08","56.1","91.667","332.0","KEMCHUG, RS","","","16",",S","8",",S","1",",S","","","","","","","0",",S","21",",S","0",",S","","","","","20140801",",,S","20140813",",,S","","","","","25.9",",,S,01,","30.4",",S,13,","","","","","87.6",",,,S","","","21.27",",,,S","",""
"RSM00029562","2014-09","56.1","91.667","332.0","KEMCHUG, RS","","","14",",S","7",",S","0",",S","","","","","","","0","1,S","2","1,S","0","1,S","","","","","20140908",",,S","20140901",",1,S","","","","","5.3",",,S,08,","26.1","1,S,01,","","","","","33.8",",,,S","","","11.81","1,,,S","",""
"RSM00029562","2014-10","56.1","91.667","332.0","KEMCHUG, RS","","","24",",S","5",",S","0",",S","","","","","","","11","5,S","0","5,S","0","5,S","","","","","20141027",",,S","20141004",",5,S","","","","","7.9",",,S,27,","15.9","5,S,04,","","","","","43.3",",,,S","","","2.72","5,,,S","",""
"RSM00029562","2014-11","56.1","91.667","332.0","KEMCHUG, RS","","","18","2,S","3","2,S","0","2,S","28",",","","","","","","","","","","","","","20141123",",,S","20141108",",2,S","","","","","259",",,S,23,","5.8","2,,S,08,","","","","","","","33.8","2,,,S","","","","","",""
"RSM00029562","2014-12","56.1","91.667","332.0","KEMCHUG, RS","","","15",",S","1",",S","0",",S","31",",","","","","","","","","","","","","","20141219","+,,S","20141213",",,S","","","","","340",",,S,19,+","2.8",",,S,13,","","","","","","","15.6",",,,S","","","","","",""
"RSM00029562","2015-01","56.1","91.667","332.0","KEMCHUG, RS","","","22","2,S","4","2,S","0","2,S","30","1,","","","","","","","","","","","","","20150122",",1,S","20150118",",2,S","","","","","521","1,,S,22,","5.1","2,,S,18,","","","","","","","31.1","2,,,S","","","","","",""
"RSM00029562","2015-02","56.1","91.667","332.0","KEMCHUG, RS","","","10",",S","2",",S","0",",S","28",",","","","","","23","2,S","0","2,S","0","2,S","","","20150228",",,S","20150228",",,S","20150212","+,2,S","","","541",",,S,28,","6.1",",,S,28,","1.0","2,S,12,+","","","","","13.7",",,,S","","","-4.69","2,,,S","",""
"RSM00029562","2015-03","56.1","91.667","332.0","KEMCHUG, RS","","","18",",S","4",",S","0",",S","31",",","","","","","17","1,S","0","1,S","0","1,S","","","20150321","+,,S","20150325",",,S","20150324",",1,S","","","620",",,S,21,+","5.6",",,S,25,","8.5","1,S,24,","","","","","29.9",",,,S","","","-0.52","1,,,S","",""
"RSM00029562","2015-04","56.1","91.667","332.0","KEMCHUG, RS","","","12",",S","6",",S","0",",S","","","","","","","0","1,S","2","1,S","0","1,S","","","","","20150424",",,S","20150423",",1,S","","","","","14.0",",,S,24,","25.1","1,S,23,","","","","","50.8",",,,S","","","10.44","1,,,S","",""
"RSM00029562","2015-05","56.1","91.667","332.0","KEMCHUG, RS","","","14","1,S","7","1,S","0","1,S","","","","","","","0",",S","6",",S","0",",S","","","","","20150519",",1,S","20150521",",,S","","","","","6.1","1,,S,19,","26.5",",S,21,","","","","","40.0","1,,,S","","","16.71",",,,S","",""
"RSM00029562","2015-06","56.1","91.667","332.0","KEMCHUG, RS","","","10","2,S","7","2,S","1","2,S","","","","","","","0","2,S","19","2,S","0","2,S","","","","","20150603",",2,S","20150630",",2,S","","","","","32.0","2,,S,03,","29.5","2,S,30,","","","","","76.0","2,,,S","","","22.57","2,,,S","",""
"RSM00029562","2015-07","56.1","91.667","332.0","KEMCHUG, RS","","","13","1,S","6","1,S","1","1,S","","","","","","","0",",S","24",",S","1",",S","","","","","20150706",",1,S","20150719",",,S","","","","","41.9","1,,S,06,","33.2",",S,19,","","","","","100.9","1,,,S","","","24.55",",,,S","",""
"RSM00029562","2015-08","56.1","91.667","332.0","KEMCHUG, RS","","","15","2,S","8","2,S","0","2,S","","","","","","","0","2,S","18","2,S","0","2,S","","","","","20150803",",2,S","20150821",",2,S","","","","","18.8","2,,S,03,","31.8","2,S,21,","","","","","73.1","2,,,S","","","22.67","2,,,S","",""
"RSM00029562","2015-09","56.1","91.667","332.0","KEMCHUG, RS","","","16",",S","12",",S","1",",S","","","","","","","1",",S","5",",S","0",",S","","","","","20150905",",,S","20150903",",,S","","","","","50.0",",,S,05,","28.3",",S,03,","","","","","125.2",",,,S","","","12.49",",,,S","",""
"RSM00029562","2015-10","56.1","91.667","332.0","KEMCHUG, RS","","","15","3,S","8","3,S","0","3,S","","","","","","","7","1,S","1","1,S","0","1,S","","","","","20151002",",3,S","20151011",",1,S","","","","","14.0","3,,S,02,","22.0","1,S,11,","","","","","56.7","3,,,S","","","6.55","1,,,S","",""
"RSM00029562","2015-11","56.1","91.667","332.0","KEMCHUG, RS","","","15","1,S","5","1,S","0","1,S","28",",","","","","","22","4,S","0","4,S","0","4,S","","","20151130",",,S","20151125",",1,S","20151107",",4,S","","","249",",,S,30,","7.1","1,,S,25,","5.6","4,S,07,","","","","","32.8","1,,,S","","","-7.65","4,,,S","",""
"RSM00029562","2015-12","56.1","91.667","332.0","KEMCHUG, RS","","","17","1,S","4","1,S","0","1,S","30","1,","","","","","","","","","","","","","20151227",",1,S","20151225",",1,S","","","","","340","1,,S,27,","5.1","1,,S,25,","","","","","","","26.1","1,,,S","","","","","",""
"RSM00029562","2016-01","56.1","91.667","332.0","KEMCHUG, RS","","","7",",S","0",",S","0",",S","31",",","","","","","29","2,S","0","2,S","0","2,S","","","20160105","+,,S","20160101",",,S","20160130",",2,S","","","351",",,S,05,+","1.5",",,S,01,","-5.0","2,S,30,","","","","","4.1",",,,S","","","-15.00","2,,,S","",""
"RSM00029562","2016-02","56.1","91.667","332.0","KEMCHUG, RS","","","18","1,S","5","1,S","0","1,S","29",",","","","","","21","5,S","0","5,S","0","5,S","","","20160226",",,S","20160226",",1,S","20160227",",5,S","","","681",",,S,26,","6.1","1,,S,26,","3.3","5,S,27,","","","","","36.1","1,,,S","","","-5.08","5,,,S","",""
"RSM00029562","2016-03","56.1","91.667","332.0","KEMCHUG, RS","","","13","1,S","4","1,S","0","1,S","29","2,","","","","","11","1,S","0","1,S","0","1,S","","","20160304",",2,S","20160328",",1,S","20160325",",1,S","","","589","2,,S,04,","4.3","1,,S,28,","12.7","1,S,25,","","","","","21.6","1,,,S","","","0.58","1,,,S","",""
"RSM00029562","2016-04","56.1","91.667","332.0","KEMCHUG, RS","","","14",",S","4",",S","0",",S","","","","","","","0",",S","0",",S","0",",S","","","","","20160416","+,,S","20160423",",,S","","","","","5.1",",,S,16,+","15.9",",S,23,","","","","","26.7",",,,S","","","9.14",",,,S","",""
"RSM00029562","2016-05","56.1","91.667","332.0","KEMCHUG, RS","","","16","2,S","8","2,S","0","2,S","","","","","","","0","4,S","6","4,S","0","4,S","","","","","20160526",",2,S","20160531",",4,S","","","","","10.9","2,,S,26,","24.3","4,S,31,","","","","","61.5","2,,,S","","","13.84","4,,,S","",""
"RSM00029562","2016-06","56.1","91.667","332.0","KEMCHUG, RS","","","5","1,S","2","1,S","0","1,S","","","","","","","0","2,S","24","2,S","1","2,S","","","","","20160625",",1,S","20160613",",2,S","","","","","14.0","1,,S,25,","32.2","2,S,13,","","","","","23.6","1,,,S","","","24.89","2,,,S","",""
"RSM00029562","2016-07","56.1","91.667","332.0","KEMCHUG, RS","","","12",",S","7",",S","0",",S","","","","","","","0","3,S","27","3,S","0","3,S","","","","","20160727",",,S","20160724",",3,S","","","","","23.9",",,S,27,","31.4","3,S,24,","","","","","74.0",",,,S","","","25.14","3,,,S","",""
"RSM00029562","2016-08","56.1","91.667","332.0","KEMCHUG, RS","","","13",",S","8",",S","0",",S","","","","","","","0","4,S","17","4,S","0","4,S","","","","","20160813",",,S","20160806",",4,S","","","","","15.0",",,S,13,","28.5","4,S,06,","","","","","66.7",",,,S","","","21.26","4,,,S","",""
"RSM00029562","2016-09","56.1","91.667","332.0","KEMCHUG, RS","","","5",",S","2",",S","0",",S","","","","","","","0","3,S","11","3,S","0","3,S","","","","","20160913",",,S","20160912",",3,S","","","","","7.9",",,S,13,","26.6","3,S,12,","","","","","14.8",",,,S","","","18.99","3,,,S","",""
"RSM00029562","2016-10","56.1","91.667","332.0","KEMCHUG, RS","","","14","2,S","4","2,S","0","2,S","","","","","","","20",",S","0",",S","0",",S","","","","","20161025",",2,S","20161007",",,S","","","","","5.1","2,,S,25,","5.6",",S,07,","","","","","25.4","2,,,S","","","-1.10",",,,S","",""
"RSM00029562","2016-11","56.1","91.667","332.0","KEMCHUG, RS","","","23","1,S","6","1,S","0","1,S","29","1,","","","","","","","","","","","","","20161127",",1,S","20161102",",1,S","","","","","490","1,,S,27,","9.9","1,,S,02,","","","","","","","46.1","1,,,S","","","","","",""
"RSM00029562","2016-12","56.1","91.667","332.0","KEMCHUG, RS","","","14","4,S","4","4,S","0","4,S","28","3,","","","","","","","","","","","","","20161204","+,3,S","20161217",",4,S","","","","","531","3,,S,04,+","6.1","4,,S,17,","","","","","","","28.3","4,,,S","","","","","",""
"RSM00029562","2017-01","56.1","91.667","332.0","KEMCHUG, RS","","","13","2,S","3","2,S","0","2,S","29","2,","","","","","","","","","","","","","20170121","+,2,S","20170106","+,2,S","","","","","589","2,,S,21,+","2.8","2,,S,06,+","","","","","","","17.1","2,,,S","","","","","",""
"RSM00029562","2017-02","56.1","91.667","332.0","KEMCHUG, RS","","","8","1,S","3","1,S","0","1,S","28",",","","","","","20","3,S","0","3,S","0","3,S","","","20170223",",,S","20170227",",1,S","20170224",",3,S","","","660",",,S,23,","5.1","1,,S,27,","7.9","3,S,24,","","","","","17.2","1,,,S","","","-5.17","3,,,S","",""
"RSM00029562","2017-03","56.1","91.667","332.0","KEMCHUG, RS","","","5","2,S","1","2,S","0","2,S","31",",","","","","","9","3,S","0","3,S","0","3,S","","","20170305","+,,S","20170302",",2,S","20170330",",3,S","","","711",",,S,05,+","5.1","2,,S,02,","15.4","3,S,30,","","","","","10.0","2,,,S","","","3.71","3,,,S","",""
"RSM00029562","2017-04","56.1","91.667","332.0","KEMCHUG, RS","","","","","","","","","","","","","","","5","4,S","2","4,S","0","4,S","","","","","","","20170427",",4,S","","","","","","","27.2","4,S,27,","","","","","","","","","8.73","4,,,S","",""
"RSM00029562","2017-05","56.1","91.667","332.0","KEMCHUG, RS","","","16","2,S","7","2,S","0","2,S","","","","","","","1","3,S","9","3,S","0","3,S","","","","","20170531",",2,S","20170523",",3,S","","","","","7.9","2,,S,31,","28.2","3,S,23,","","","","","51.9","2,,,S","","","16.14","3,,,S","",""
"RSM00029562","2017-06","56.1","91.667","332.0","KEMCHUG, RS","","","10","3,S","4","3,S","0","3,S","","","","","","","0","4,S","19","4,S","3","4,S","","","","","20170623",",3,S","20170621","+,4,S","","","","","16.0","3,,S,23,","33.1","4,S,21,+","","","","","44.9","3,,,S","","","24.83","4,,,S","",""
"RSM00029562","2017-07","56.1","91.667","332.0","KEMCHUG, RS","","","20","1,S","7","1,S","0","1,S","","","","","","","0","2,S","22","2,S","0","2,S","","","","","20170729",",1,S","20170728",",2,S","","","","","9.9","1,,S,29,","30.9","2,S,28,","","","","","55.9","1,,,S","","","23.10","2,,,S","",""
"RSM00029562","2017-08","56.1","91.667","332.0","KEMCHUG, RS","","","14","1,S","11","1,S","2","1,S","","","","","","","0","5,S","13","5,S","0","5,S","","","","","20170820",",1,S","20170804",",5,S","","","","","35.1","1,,S,20,","31.8","5,S,04,","","","","","150.4","1,,,S","","","22.46","5,,,S","",""
"RSM00029562","2017-09","56.1","91.667","332.0","KEMCHUG, RS","","","22",",S","17",",S","0",",S","","","","","","","0","3,S","0","3,S","0","3,S","","","","","20170922",",,S","20170911",",3,S","","","","","14.0",",,S,22,","21.0","3,S,11,","","","","","112.3",",,,S","","","10.84","3,,,S","",""
"RSM00029562","2017-10","56.1","91.667","332.0","KEMCHUG, RS","","","17",",S","4",",S","0",",S","","","","","","","5",",S","0",",S","0",",S","","","","","20171004",",,S","20171016",",,S","","","","","11.9",",,S,04,","10.3",",S,16,","","","","","38.9",",,,S","","","3.33",",,,S","",""
"RSM00029562","2017-11","56.1","91.667","332.0","KEMCHUG, RS","","","19","1,S","3","1,S","0","1,S","25","2,","","","","","","","","","","","","","20171125","+,2,S","20171123",",1,S","","","","","300","2,,S,25,+","6.1","1,,S,23,","","","","","","","30.9","1,,,S","","","","","",""
"RSM00029562","2017-12","56.1","91.667","332.0","KEMCHUG, RS","","","18","1,S","4","1,S","0","1,S","30","1,","","","","","","","","","","","","","20171225","+,1,S","20171230","+,1,S","","","","","371","1,,S,25,+","4.1","1,,S,30,+","","","","","","","28.6","1,,,S","","","","","",""
"RSM00029562","2018-01","56.1","91.667","332.0","KEMCHUG, RS","","","17","1,S","3","1,S","0","1,S","31",",","","","","","","","","","","","","","20180131",",,S","20180117",",1,S","","","","","439",",,S,31,","5.1","1,,S,17,","","","","","","","23.8","1,,,S","","","","","",""
"RSM00029562","2018-02","56.1","91.667","332.0","KEMCHUG, RS","","","15",",S","3",",S","0",",S","28",",","","","","","27","1,S","0","1,S","0","1,S","","","20180223","+,,S","20180220",",,S","20180215",",1,S","","","551",",,S,23,+","6.1",",,S,20,","-4.3","1,S,15,","","","","","20.2",",,,S","","","-9.09","1,,,S","",""
"RSM00029562","2018-03","56.1","91.667","332.0","KEMCHUG, RS","","","11",",S","2",",S","0",",S","31",",","","","","","15","2,S","0","2,S","0","2,S","","","20180302","+,,S","20180324","+,,S","20180323",",2,S","","","541",",,S,02,+","5.1",",,S,24,+","10.8","2,S,23,","","","","","16.6",",,,S","","","-1.12","2,,,S","",""
"RSM00029562","2018-04","56.1","91.667","332.0","KEMCHUG, RS","","","10","1,S","1","1,S","0","1,S","","","","","","","5","2,S","0","2,S","0","2,S","","","","","20180409",",1,S","20180430",",2,S","","","","","2.5","1,,S,09,","19.2","2,S,30,","","","","","11.9","1,,,S","","","7.33","2,,,S","",""
"RSM00029562","2018-05","56.1","91.667","332.0","KEMCHUG, RS","","","19","2,S","6","2,S","0","2,S","","","","","","","0","3,S","4","3,S","0","3,S","","","","","20180522",",2,S","20180528",",3,S","","","","","8.9","2,,S,22,","28.7","3,S,28,","","","","","44.2","2,,,S","","","11.40","3,,,S","",""
"RSM00029562","2018-06","56.1","91.667","332.0","KEMCHUG, RS","","","11","1,S","5","1,S","1","1,S","","","","","","","0","1,S","23","1,S","1","1,S","","","","","20180615",",1,S","20180626",",1,S","","","","","52.1","1,,S,15,","32.6","1,S,26,","","","","","87.5","1,,,S","","","25.55","1,,,S","",""
"RSM00029562","2018-07","56.1","91.667","332.0","KEMCHUG, RS","","","9",",S","5",",S","0",",S","","","","","","","0","1,S","15","1,S","0","1,S","","","","","20180729",",,S","20180702",",1,S","","","","","14.0",",,S,29,","30.1","1,S,02,","","","","","37.7",",,,S","","","21.91","1,,,S","",""
"RSM00029562","2018-08","56.1","91.667","332.0","KEMCHUG, RS","","","7",",S","5",",S","0",",S","","","","","","","0",",S","19",",S","0",",S","","","","","20180828",",,S","20180811",",,S","","","","","23.1",",,S,28,","31.6",",S,11,","","","","","55.0",",,,S","","","23.46",",,,S","",""
"RSM00029562","2018-09","56.1","91.667","332.0","KEMCHUG, RS","","","13","4,S","9","4,S","0","4,S","","","","","","","0","2,S","1","2,S","0","2,S","","","","","20180914",",4,S","20180908",",2,S","","","","","16.0","4,,S,14,","23.0","2,S,08,","","","","","95.3","4,,,S","","","15.56","2,,,S","",""
"RSM00029562","2018-10","56.1","91.667","332.0","KEMCHUG, RS","","","11","3,S","4","3,S","0","3,S","","","","","","","2","1,S","0","1,S","0","1,S","","","","","20181022",",3,S","20181001",",1,S","","","","","6.1","3,,S,22,","19.6","1,S,01,","","","","","25.4","3,,,S","","","9.31","1,,,S","",""
"RSM00029562","2018-11","56.1","91.667","332.0","KEMCHUG, RS","","","23","1,S","5","1,S","0","1,S","30",",","","","","","","","","","","","","","20181116",",,S","20181106",",1,S","","","","","419",",,S,16,","16.0","1,,S,06,","","","","","","","51.8","1,,,S","","","","","",""
"RSM00029562","2018-12","56.1","91.667","332.0","KEMCHUG, RS","","","17",",S","4",",S","0",",S","31",",","","","","","28","3,S","0","3,S","0","3,S","","","20181231","+,,S","20181222",",,S","20181215",",3,S","","","429",",,S,31,+","7.9",",,S,22,","-5.9","3,S,15,","","","","","33.2",",,,S","","","-16.63","3,,,S","",""
"RSM00029562","2019-01","56.1","91.667","332.0","KEMCHUG, RS","","","19",",S","3",",S","0",",S","31",",","","","","","","","","","","","","","20190127","+,,S","20190131",",,S","","","","","460",",,S,27,+","3.6",",,S,31,","","","","","","","20.5",",,,S","","","","","",""
"RSM00029562","2019-02","56.1","91.667","332.0","KEMCHUG, RS","","","7","1,S","0","1,S","0","1,S","28",",","","","","","21","1,S","0","1,S","0","1,S","","","20190225","+,,S","20190222","+,1,S","20190221",",1,S","","","429",",,S,25,+","0.8","1,,S,22,+","5.7","1,S,21,","","","","","4.0","1,,,S","","","-10.22","1,,,S","",""
"RSM00029562","2019-03","56.1","91.667","332.0","KEMCHUG, RS","","","8","3,S","0","3,S","0","3,S","30","1,","","","","","10","1,S","0","1,S","0","1,S","","","20190313",",1,S","20190320",",3,S","20190330",",1,S","","","470","1,,S,13,","2.3","3,,S,20,","11.8","1,S,30,","","","","","7.2","3,,,S","","","2.76","1,,,S","",""
"RSM00029562","2019-04","56.1","91.667","332.0","KEMCHUG, RS","","","11","3,S","3","3,S","0","3,S","","","","","","","0","2,S","1","2,S","0","2,S","","","","","20190429",",3,S","20190430",",2,S","","","","","6.6","3,,S,29,","21.7","2,S,30,","","","","","21.4","3,,,S","","","7.38","2,,,S","",""
"RSM00029562","2019-05","56.1","91.667","332.0","KEMCHUG, RS","","","12","1,S","3","1,S","0","1,S","","","","","","","0",",S","5",",S","0",",S","","","","","20190521",",1,S","20190530",",,S","","","","","5.3","1,,S,21,","27.3",",S,30,","","","","","23.0","1,,,S","","","14.49",",,,S","",""
"RSM00029562","2019-06","56.1","91.667","332.0","KEMCHUG, RS","","","7","1,S","3","1,S","0","1,S","","","","","","","0","3,S","18","3,S","0","3,S","","","","","20190624",",1,S","20190629",",3,S","","","","","17.8","1,,S,24,","31.9","3,S,29,","","","","","39.6","1,,,S","","","22.46","3,,,S","",""
"RSM00029562","2019-07","56.1","91.667","332.0","KEMCHUG, RS","","","14","2,S","7","2,S","0","2,S","","","","","","","0","3,S","17","3,S","0","3,S","","","","","20190721",",2,S","20190730",",3,S","","","","","18.0","2,,S,21,","28.7","3,S,30,","","","","","58.0","2,,,S","","","22.87","3,,,S","",""
"RSM00029562","2019-08","56.1","91.667","332.0","KEMCHUG, RS","","","10","2,S","6","2,S","0","2,S","","","","","","","0","1,S","21","1,S","2","1,S","","","","","20190821",",2,S","20190805",",1,S","","","","","15.0","2,,S,21,","34.6","1,S,05,","","","","","42.7","2,,,S","","","23.85","1,,,S","",""
"RSM00029562","2019-09","56.1","91.667","332.0","KEMCHUG, RS","","","15",",S","10",",S","0",",S","","","","","","","0","1,S","3","1,S","0","1,S","","","","","20190913",",,S","20190923",",1,S","","","","","13.0",",,S,13,","26.1","1,S,23,","","","","","77.2",",,,S","","","15.29","1,,,S","",""
"RSM00029562","2019-10","56.1","91.667","332.0","KEMCHUG, RS","","","14","3,S","7","3,S","0","3,S","","","","","","","4","3,S","0","3,S","0","3,S","","","","","20191028",",3,S","20191015",",3,S","","","","","23.9","3,,S,28,","19.7","3,S,15,","","","","","57.2","3,,,S","","","6.95","3,,,S","",""
"RSM00029562","2019-11","56.1","91.667","332.0","KEMCHUG, RS","","","19",",S","2",",S","0",",S","","","","","","","","","","","","","","","","","20191109",",,S","","","","","","","8.9",",,S,09,","","","","","","","35.9",",,,S","","","","","",""
"RSM00029562","2019-12","56.1","91.667","332.0","KEMCHUG, RS","","","21","1,S","6","1,S","0","1,S","30","1,","","","","","","","","","","","","","20191231",",1,S","20191208",",1,S","","","","","409","1,,S,31,","7.1","1,,S,08,","","","","","","","38.1","1,,,S","","","","","",""
"RSM00029562","2020-01","56.1","91.667","332.0","KEMCHUG, RS","","","17","3,S","2","3,S","0","3,S","31",",","","","","","","","","","","","","","20200119",",,S","20200118",",3,S","","","","","490",",,S,19,","5.1","3,,S,18,","","","","","","","20.6","3,,,S","","","","","",""
"RSM00029562","2020-02","56.1","91.667","332.0","KEMCHUG, RS","","","13","3,S","3","3,S","0","3,S","28","1,","","","","","21","3,S","0","3,S","0","3,S","","","20200228","+,1,S","20200210",",3,S","20200209",",3,S","","","579","1,,S,28,+","10.9","3,,S,10,","4.0","3,S,09,","","","","","30.4","3,,,S","","","-3.06","3,,,S","",""
"RSM00029562","2020-03","56.1","91.667","332.0","KEMCHUG, RS","","","","","","","","","28","3,","","","","","","","","","","","","","20200311",",3,S","","","","","","","770","3,,S,11,","","","","","","","","","","","","","","","",""
"RSM00029562","2020-04","56.1","91.667","332.0","KEMCHUG, RS","","","5","1,S","2","1,S","0","1,S","","","","","","","0",",S","5",",S","0",",S","","","","","20200417",",1,S","20200425",",,S","","","","","3.0","1,,S,17,","28.7",",S,25,","","","","","9.3","1,,,S","","","15.22",",,,S","",""
"RSM00029562","2020-05","56.1","91.667","332.0","KEMCHUG, RS","","","13","1,S","7","1,S","0","1,S","","","","","","","0","1,S","14","1,S","0","1,S","","","","","20200527",",1,S","20200520",",1,S","","","","","21.6","1,,S,27,","27.0","1,S,20,","","","","","88.6","1,,,S","","","18.89","1,,,S","",""
"RSM00029562","2020-06","56.1","91.667","332.0","KEMCHUG, RS","","","15","2,S","13","2,S","1","2,S","","","","","","","0","1,S","11","1,S","0","1,S","","","","","20200621",",2,S","20200624",",1,S","","","","","38.1","2,,S,21,","29.3","1,S,24,","","","","","144.3","2,,,S","","","19.44","1,,,S","",""
"RSM00029562","2020-07","56.1","91.667","332.0","KEMCHUG, RS","","","12","1,S","9","1,S","2","1,S","","","","","","","0",",S","19",",S","0",",S","","","","","20200709",",1,S","20200702",",,S","","","","","35.3","1,,S,09,","32.1",",S,02,","","","","","120.7","1,,,S","","","22.80",",,,S","",""
"RSM00029562","2020-08","56.1","91.667","332.0","KEMCHUG, RS","","","12","3,S","7","3,S","0","3,S","","","","","","","0","1,S","19","1,S","0","1,S","","","","","20200815",",3,S","20200812",",1,S","","","","","9.4","3,,S,15,","29.4","1,S,12,","","","","","52.2","3,,,S","","","22.58","1,,,S","",""
"RSM00029562","2020-09","56.1","91.667","332.0","KEMCHUG, RS","","","14","1,S","4","1,S","0","1,S","","","","","","","0",",S","6",",S","0",",S","","","","","20200929","+,1,S","20200903",",,S","","","","","5.1","1,,S,29,+","27.2",",S,03,","","","","","31.0","1,,,S","","","15.40",",,,S","",""
"RSM00029562","2020-10","56.1","91.667","332.0","KEMCHUG, RS","","","24","2,S","10","2,S","0","2,S","","","","","","","","","","","","","","","","","20201006",",2,S","","","","","","","8.9","2,,S,06,","","","","","","","63.6","2,,,S","","","","","",""
"RSM00029562","2020-11","56.1","91.667","332.0","KEMCHUG, RS","","","17","2,S","4","2,S","0","2,S","28",",","","","","","","","","","","","","","20201106",",,S","20201105",",2,S","","","","","221",",,S,06,","11.9","2,,S,05,","","","","","","","34.7","2,,,S","","","","","",""
"RSM00029562","2020-12","56.1","91.667","332.0","KEMCHUG, RS","","","23","2,S","5","2,S","0","2,S","31",",","","","","","","","","","","","","","20201231","+,,S","20201225",",2,S","","","","","330",",,S,31,+","5.1","2,,S,25,","","","","","","","39.2","2,,,S","","","","","",""
"RSM00029562","2021-01","56.1","91.667","332.0","KEMCHUG, RS","","","19","2,S","6","2,S","0","2,S","30","1,","","","","","","","","","","","","","20210130",",1,S","20210129",",2,S","","","","","640","1,,S,30,","13.0","2,,S,29,","","","","","","","37.5","2,,,S","","","","","",""
"RSM00029562","2021-03","56.1","91.667","332.0","KEMCHUG, RS","","","15","2,S","1","2,S","0","2,S","31",",","","","","","16","2,S","0","2,S","0","2,S","","","20210307",",,S","20210306",",2,S","20210321",",2,S","","","719",",,S,07,","3.0","2,,S,06,","6.8","2,S,21,","","","","","15.0","2,,,S","","","-1.17","2,,,S","",""
"RSM00029562","2021-04","56.1","91.667","332.0","KEMCHUG, RS","","","13",",S","7",",S","0",",S","24","5,","","","","","3","1,S","0","1,S","0","1,S","","","20210404",",5,S","20210417",",,S","20210416",",1,S","","","551","5,,S,04,","8.1",",,S,17,","14.4","1,S,16,","","","","","43.0",",,,S","","","6.57","1,,,S","",""
"RSM00029562","2021-05","56.1","91.667","332.0","KEMCHUG, RS","","","12","4,S","5","4,S","0","4,S","","","","","","","0","2,S","3","2,S","0","2,S","","","","","20210516",",4,S","20210507",",2,S","","","","","11.9","4,,S,16,","24.4","2,S,07,","","","","","41.7","4,,,S","","","14.59","2,,,S","",""
"RSM00029562","2021-06","56.1","91.667","332.0","KEMCHUG, RS","","","14","4,S","11","4,S","0","4,S","","","","","","","0",",S","12",",S","0",",S","","","","","20210605",",4,S","20210603",",,S","","","","","19.1","4,,S,05,","28.6",",S,03,","","","","","101.2","4,,,S","","","20.47",",,,S","",""
"RSM00029562","2021-07","56.1","91.667","332.0","KEMCHUG, RS","","","9","1,S","6","1,S","0","1,S","","","","","","","0",",S","26",",S","1",",S","","","","","20210726",",1,S","20210706",",,S","","","","","18.0","1,,S,26,","32.3",",S,06,","","","","","66.1","1,,,S","","","24.68",",,,S","",""
"RSM00029562","2021-08","56.1","91.667","332.0","KEMCHUG, RS","","","10",",S","5",",S","0",",S","","","","","","","0",",S","23",",S","0",",S","","","","","20210821",",,S","20210828",",,S","","","","","21.8",",,S,21,","27.3",",S,28,","","","","","77.6",",,,S","","","22.57",",,,S","",""
"RSM00029562","2021-09","56.1","91.667","332.0","KEMCHUG, RS","","","14","2,S","3","2,S","0","2,S","","","","","","","0",",S","1",",S","0",",S","","","","","20210915",",2,S","20210917",",,S","","","","","6.1","2,,S,15,","21.4",",S,17,","","","","","30.0","2,,,S","","","12.95",",,,S","",""
"RSM00029562","2021-10","56.1","91.667","332.0","KEMCHUG, RS","","","13","3,S","5","3,S","0","3,S","","","","","","","","","","","","","","","","","20211008","+,3,S","","","","","","","5.1","3,,S,08,+","","","","","","","28.4","3,,,S","","","","","",""
"RSM00029562","2021-11","56.1","91.667","332.0","KEMCHUG, RS","","","21","2,S","11","2,S","0","2,S","30",",","","","","","","","","","","","","","20211129",",,S","20211128","+,2,S","","","","","300",",,S,29,","6.1","2,,S,28,+","","","","","","","53.0","2,,,S","","","","","",""
"RSM00029562","2021-12","56.1","91.667","332.0","KEMCHUG, RS","","","19","3,S","5","3,S","0","3,S","30","1,","","","","","","","","","","","","","20211223","+,1,S","20211218",",3,S","","","","","450","1,,S,23,+","5.6","3,,S,18,","","","","","","","34.7","3,,,S","","","","","",""
"RSM00029562","2022-01","56.1","91.667","332.0","KEMCHUG, RS","","","12","1,S","2","1,S","0","1,S","31",",","","","","","27","3,S","0","3,S","0","3,S","","","20220131","+,,S","20220110",",1,S","20220117",",3,S","","","450",",,S,31,+","4.1","1,,S,10,","0.9","3,S,17,","","","","","14.9","1,,,S","","","-7.75","3,,,S","",""
"RSM00029562","2022-02","56.1","91.667","332.0","KEMCHUG, RS","","","10","2,S","1","2,S","0","2,S","28",",","","","","","24","1,S","0","1,S","0","1,S","","","20220227","+,,S","20220224",",2,S","20220221",",1,S","","","551",",,S,27,+","3.0","2,,S,24,","1.5","1,S,21,","","","","","12.2","2,,,S","","","-6.37","1,,,S","",""
"RSM00029562","2022-03","56.1","91.667","332.0","KEMCHUG, RS","","","9","1,S","1","1,S","0","1,S","31",",","","","","","20","2,S","0","2,S","0","2,S","","","20220306",",,S","20220306",",1,S","20220329",",2,S","","","559",",,S,06,","2.8","1,,S,06,","8.1","2,S,29,","","","","","9.3","1,,,S","","","-2.38","2,,,S","",""
"RSM00029562","2022-04","56.1","91.667","332.0","KEMCHUG, RS","","","10","1,S","2","1,S","0","1,S","","","","","","","3","1,S","3","1,S","0","1,S","","","","","20220422",",1,S","20220430",",1,S","","","","","10.9","1,,S,22,","24.9","1,S,30,","","","","","23.3","1,,,S","","","9.04","1,,,S","",""
"RSM00029562","2022-05","56.1","91.667","332.0","KEMCHUG, RS","","","7",",S","2",",S","0",",S","","","","","","","0",",S","16",",S","0",",S","","","","","20220530",",,S","20220515",",,S","","","","","15.5",",,S,30,","29.0",",S,15,","","","","","23.6",",,,S","","","19.85",",,,S","",""
"RSM00029562","2022-06","56.1","91.667","332.0","KEMCHUG, RS","","","20",",S","10",",S","0",",S","","","","","","","0",",S","16",",S","0",",S","","","","","20220627",",,S","20220611",",,S","","","","","22.1",",,S,27,","29.7",",S,11,","","","","","122.4",",,,S","","","21.16",",,,S","",""
"RSM00029562","2022-07","56.1","91.667","332.0","KEMCHUG, RS","","","20",",S","10",",S","1",",S","","","","","","","0",",S","18",",S","0",",S","","","","","20220707",",,S","20220731",",,S","","","","","31.0",",,S,07,","26.9",",S,31,","","","","","113.4",",,,S","","","21.72",",,,S","",""
"RSM00029562","2022-08","56.1","91.667","332.0","KEMCHUG, RS","","","17","2,S","12","2,S","0","2,S","","","","","","","0","2,S","11","2,S","0","2,S","","","","","20220826",",2,S","20220811",",2,S","","","","","15.0","2,,S,26,","26.3","2,S,11,","","","","","106.3","2,,,S","","","18.63","2,,,S","",""
"RSM00029562","2022-09","56.1","91.667","332.0","KEMCHUG, RS","","","15",",S","9",",S","0",",S","","","","","","","0",",S","3",",S","0",",S","","","","","20220926",",,S","20220907",",,S","","","","","13.7",",,S,26,","22.4",",S,07,","","","","","74.5",",,,S","","","13.37",",,,S","",""
"RSM00029562","2022-10","56.1","91.667","332.0","KEMCHUG, RS","","","13","5,S","3","5,S","0","5,S","","","","","","","3","1,S","0","1,S","0","1,S","","","","","20221013",",5,S","20221009",",1,S","","","","","7.1","5,,S,13,","17.3","1,S,09,","","","","","29.6","5,,,S","","","5.86","1,,,S","",""
"RSM00029562","2022-11","56.1","91.667","332.0","KEMCHUG, RS","","","19",",S","4",",S","0",",S","19","1,","","","","","","","","","","","","","20221130","+,1,S","20221114",",,S","","","","","89","1,,S,30,+","7.9",",,S,14,","","","","","","","32.5",",,,S","","","","","",""
"RSM00029562","2022-12","56.1","91.667","332.0","KEMCHUG, RS","","","15","3,S","0","3,S","0","3,S","28","2,","","","","","","","","","","","","","20221231","+,2,S","20221201",",3,S","","","","","249","2,,S,31,+","2.0","3,,S,01,","","","","","","","15.4","3,,,S","","","","","",""
"RSM00029562","2023-01","56.1","91.667","332.0","KEMCHUG, RS","","","19","4,S","10","4,S","0","4,S","30","1,","","","","","","","","","","","","","20230131",",1,S","20230117","+,4,S","","","","","470","1,,S,31,","5.1","4,,S,17,+","","","","","","","46.8","4,,,S","","","","","",""
"RSM00029562","2023-02","56.1","91.667","332.0","KEMCHUG, RS","","","9","3,S","2","3,S","0","3,S","26","2,","","","","","20","3,S","0","3,S","0","3,S","","","20230218","+,2,S","20230218","+,3,S","20230224",",3,S","","","500","2,,S,18,+","2.8","3,,S,18,+","6.2","3,S,24,","","","","","10.3","3,,,S","","","-5.04","3,,,S","",""
"RSM00029562","2023-03","56.1","91.667","332.0","KEMCHUG, RS","","","14","1,S","4","1,S","0","1,S","30","1,","","","","","9","4,S","0","4,S","0","4,S","","","20230304",",1,S","20230304",",1,S","20230329",",4,S","","","610","1,,S,04,","13.2","1,,S,04,","14.4","4,S,29,","","","","","43.9","1,,,S","","","1.88","4,,,S","",""
"RSM00029562","2023-04","56.1","91.667","332.0","KEMCHUG, RS","","","12","4,S","3","4,S","0","4,S","27","3,","","","","","8","3,S","0","3,S","0","3,S","","","20230405","+,3,S","20230414",",4,S","20230424",",3,S","","","391","3,,S,05,+","7.9","4,,S,14,","14.2","3,S,24,","","","","","29.8","4,,,S","","","3.75","3,,,S","",""
"RSM00029562","2023-05","56.1","91.667","332.0","KEMCHUG, RS","","","9","1,S","3","1,S","1","1,S","","","","","","","0",",S","5",",S","0",",S","","","","","20230530",",1,S","20230508",",,S","","","","","26.9","1,,S,30,","24.9",",S,08,","","","","","46.5","1,,,S","","","14.49",",,,S","",""
"RSM00029562","2023-06","56.1","91.667","332.0","KEMCHUG, RS","","","12","4,S","4","4,S","0","4,S","","","","","","","0","4,S","18","4,S","2","4,S","","","","","20230625",",4,S","20230607",",4,S","","","","","7.9","4,,S,25,","33.5","4,S,07,","","","","","28.2","4,,,S","","","23.64","4,,,S","",""
"RSM00029562","2023-07","56.1","91.667","332.0","KEMCHUG, RS","","","12","3,S","7","3,S","0","3,S","","","","","","","0","1,S","27","1,S","0","1,S","","","","","20230729",",3,S","20230707",",1,S","","","","","13.0","3,,S,29,","30.7","1,S,07,","","","","","45.9","3,,,S","","","25.42","1,,,S","",""
"RSM00029562","2023-08","56.1","91.667","332.0","KEMCHUG, RS","","","9","2,S","3","2,S","1","2,S","","","","","","","0","2,S","19","2,S","0","2,S","","","","","20230815",",2,S","20230825",",2,S","","","","","34.0","2,,S,15,","30.8","2,S,25,","","","","","67.4","2,,,S","","","23.29","2,,,S","",""
"RSM00029562","2023-09","56.1","91.667","332.0","KEMCHUG, RS","","","12","2,S","6","2,S","0","2,S","","","","","","","0","2,S","3","2,S","0","2,S","","","","","20230920",",2,S","20230904",",2,S","","","","","23.1","2,,S,20,","24.3","2,S,04,","","","","","62.2","2,,,S","","","16.91","2,,,S","",""
"RSM00029562","2023-10","56.1","91.667","332.0","KEMCHUG, RS","","","12",",S","7",",S","0",",S","","","","","","","4","5,S","0","5,S","0","5,S","","","","","20231013",",,S","20231011",",5,S","","","","","15.0",",,S,13,","20.4","5,S,11,","","","","","53.1",",,,S","","","9.52","5,,,S","",""
"RSM00029562","2023-11","56.1","91.667","332.0","KEMCHUG, RS","","","15","3,S","7","3,S","0","3,S","25","2,","","","","","19","5,S","0","5,S","0","5,S","","","20231128",",2,S","20231126",",3,S","20231119",",5,S","","","231","2,,S,28,","7.1","3,,S,26,","10.3","5,S,19,","","","","","37.2","3,,,S","","","-3.52","5,,,S","",""
"RSM00029562","2023-12","56.1","91.667","332.0","KEMCHUG, RS","","","18","5,S","5","5,S","0","5,S","30","1,","","","","","","","","","","","","","20231209","+,1,S","20231207",",5,S","","","","","391","1,,S,09,+","9.9","5,,S,07,","","","","","","","39.7","5,,,S","","","","","",""
"RSM00029562","2024-01","56.1","91.667","332.0","KEMCHUG, RS","","","10","3,S","1","3,S","0","3,S","30","1,","","","","","","","","","","","","","20240106","+,1,S","20240103",",3,S","","","","","450","1,,S,06,+","6.1","3,,S,03,","","","","","","","16.3","3,,,S","","","","","",""
"RSM00029562","2024-02","56.1","91.667","332.0","KEMCHUG, RS","","","8","3,S","1","3,S","0","3,S","28","1,","","","","","21","4,S","0","4,S","0","4,S","","","20240210","+,1,S","20240210",",3,S","20240210",",4,S","","","330","1,,S,10,+","3.0","3,,S,10,","5.8","4,S,10,","","","","","8.7","3,,,S","","","-8.87","4,,,S","",""
"RSM00029562","2024-03","56.1","91.667","332.0","KEMCHUG, RS","","","","","","","","","26","5,","","","","","","","","","","","","","20240324","+,5,S","","","","","","","429","5,,S,24,+","","","","","","","","","","","","","","","",""
"RSM00029562","2024-04","56.1","91.667","332.0","KEMCHUG, RS","","","15","2,S","9","2,S","0","2,S","","","","","","","2","3,S","0","3,S","0","3,S","","","","","20240420",",2,S","20240409",",3,S","","","","","6.1","2,,S,20,","17.3","3,S,09,","","","","","44.0","2,,,S","","","7.63","3,,,S","",""
"RSM00029562","2024-05","56.1","91.667","332.0","KEMCHUG, RS","","","15","1,S","10","1,S","0","1,S","","","","","","","0","1,S","8","1,S","0","1,S","","","","","20240531",",1,S","20240514",",1,S","","","","","11.9","1,,S,31,","26.7","1,S,14,","","","","","68.8","1,,,S","","","16.64","1,,,S","",""
"RSM00029562","2024-06","56.1","91.667","332.0","KEMCHUG, RS","","","12",",S","5",",S","1",",S","","","","","","","0",",S","19",",S","3",",S","","","","","20240617",",,S","20240629",",,S","","","","","25.9",",,S,17,","34.4",",S,29,","","","","","58.7",",,,S","","","23.95",",,,S","",""
