"STATION","DATE","LATITUDE","LONGITUDE","ELEVATION","NAME","CDSD","CDSD_ATTRIBUTES","CLDD","CLDD_ATTRIBUTES","DP01","DP01_ATTRIBUTES","DP10","DP10_ATTRIBUTES","DP1X","DP1X_ATTRIBUTES","DSND","DSND_ATTRIBUTES","DSNW","DSNW_ATTRIBUTES","DT00","DT00_ATTRIBUTES","DT32","DT32_ATTRIBUTES","DX32","DX32_ATTRIBUTES","DX70","DX70_ATTRIBUTES","DX90","DX90_ATTRIBUTES","DYFG","DYFG_ATTRIBUTES","DYNT","DYNT_ATTRIBUTES","DYSD","DYSD_ATTRIBUTES","DYSN","DYSN_ATTRIBUTES","DYTS","DYTS_ATTRIBUTES","DYXP","DYXP_ATTRIBUTES","DYXT","DYXT_ATTRIBUTES","EMNT","EMNT_ATTRIBUTES","EMSD","EMSD_ATTRIBUTES","EMSN","EMSN_ATTRIBUTES","EMXP","EMXP_ATTRIBUTES","EMXT","EMXT_ATTRIBUTES","HDSD","HDSD_ATTRIBUTES","HTDD","HTDD_ATTRIBUTES","PRCP","PRCP_ATTRIBUTES","SNOW","SNOW_ATTRIBUTES","TAVG","TAVG_ATTRIBUTES","TMAX","TMAX_ATTRIBUTES","TMIN","TMIN_ATTRIBUTES"
"USC00132977","1894-03","43.2844","-93.6305","390.1","FOREST CITY 2 NNE, IA US","","","","","","","","","","","","","1",",6","","","","","","","","","","","","","","","","","18940327",",,6","","","","","","","","","","","76",",,6,27,","","","","","","","","","","","76",",,,6","","","","","",""
"USC00132977","1894-04","43.2844","-93.6305","390.1","FOREST CITY 2 NNE, IA US","","","1.4","3,6","8",",6","7",",6","2",",6","","","","","0","3,6","9","3,6","0",",6","9",",6","0",",6","","","18940401",",3,6","","","","","","","18940409",",,6","18940418",",,6","-5.6","3,6,01,","","","","","35.3",",,6,09,","26.7",",6,18,","","","244.7",",6","114.9",",,,6","","","8.98","3,6","14.21",",,,6","3.74","3,,,6"
"USC00132977","1894-05","43.2844","-93.6305","390.1","FOREST CITY 2 NNE, IA US","","","22.0",",6","5",",6","5",",6","1",",6","","","","","0",",6","0",",6","0",",6","18",",6","1",",6","","","18940509",",,6","","","","","","","18940505",",,6","18940515",",,6","0.6",",6,09,","","","","","27.9",",,6,05,","32.8",",6,15,","","","135.9",",6","65.3",",,,6","","","14.66",",6","22.23",",,,6","7.09",",,,6"
"USC00132977","1894-06","43.2844","-93.6305","390.1","FOREST CITY 2 NNE, IA US","","","116.1",",6","8",",6","8",",6","0",",6","","","","","0",",6","0",",6","0",",6","29",",6","9",",6","","","18940606",",,6","","","","","","","18940624",",,6","18940614",",,6","5.0",",6,06,","","","","","18.3",",,6,24,","35.0",",6,14,","","","15.0",",6","67.4",",,,6","","","21.70",",6","29.39",",,,6","14.01",",,,6"
"USC00132977","1894-07","43.2844","-93.6305","390.1","FOREST CITY 2 NNE, IA US","","","161.9",",6","4",",6","2",",6","0",",6","","","","","0",",6","0",",6","0",",6","31",",6","18",",6","","","18940707",",,6","","","","","","","18940705",",,6","18940727",",,6","9.4",",6,07,","","","","","6.6",",,6,05,","40.6",",6,27,","2.2","6","2.2",",6","12.7",",,,6","","","23.49",",6","32.39",",,,6","14.58",",,,6"
"USC00132977","1894-08","43.2844","-93.6305","390.1","FOREST CITY 2 NNE, IA US","","","127.0",",6","3",",6","2",",6","0",",6","","","","","0",",6","0",",6","0",",6","31",",6","11",",6","","","18940804",",,6","","","","","","","18940810",",,6","18940808",",,6","6.7",",6,04,","","","","","14.7",",,6,10,","38.3",",6,08,","6.1","6","3.9",",6","22.0",",,,6","","","22.31",",6","30.46",",,,6","14.15",",,,6"
"USC00132977","1894-09","43.2844","-93.6305","390.1","FOREST CITY 2 NNE, IA US","","","40.1",",6","7",",6","5",",6","0",",6","","","","","0",",6","0",",6","0",",6","24",",6","3",",6","","","18940918",",,6","","","","","","","18940921",",,6","18940902",",,6","0.6",",6,18,","","","","","19.3",",,6,21,","35.0",",6,02,","78.3","6","72.2",",6","74.0",",,,6","","","17.26",",6","25.48",",,,6","9.04",",,,6"
"USC00132977","1894-10","43.2844","-93.6305","390.1","FOREST CITY 2 NNE, IA US","","","1.7",",6","7",",6","5",",6","2",",6","","","","","0",",6","6",",6","0",",6","6",",6","0",",6","","","18941011",",,6","","","","","","","18941020",",,6","18941019",",,6","-3.9",",6,11,","","","","","34.8",",,6,20,","27.2",",6,19,","353.8","6","275.5",",6","91.2",",,,6","","","9.50",",6","16.27",",,,6","2.73",",,,6"
"USC00132977","1894-11","43.2844","-93.6305","390.1","FOREST CITY 2 NNE, IA US","","","","","0",",6","0",",6","0",",6","","","0",",6","","","","","","","","","","","","","","","","","18941109",",,6","","","18941109",",,6","","","","","","","0",",T,6,09,","0.0",",T,6,09,","","","","","","","0.0",",T,,6","0",",T,,6","","","","","",""
"USC00132977","1894-12","43.2844","-93.6305","390.1","FOREST CITY 2 NNE, IA US","","","0.0","3,6","1","1,6","1","1,6","0","1,6","","","0",",6","4","2,6","27","2,6","9","1,6","0","1,6","0","1,6","","","18941228","+,2,6","","","18941226",",,6","","","18941215",",1,6","18941215","+,1,6","-25.0","2,6,28,+","","","13",",,6,26,","18.5","1,,6,15,","11.7","1,6,15,+","","","585.2","1,6","18.5","1,,,6","13",",,,6","-3.04","3,6","2.61","1,,,6","-8.69","2,,,6"
"USC00132977","1895-01","43.2844","-93.6305","390.1","FOREST CITY 2 NNE, IA US","0.0","6","0.0","2,6","2","3,6","1","3,6","0","3,6","","","","","21","1,6","30","1,6","28","1,6","0","1,6","0","1,6","","","18950112",",1,6","","","","","","","18950122",",3,6","18950121",",1,6","-29.4","1,6,12,","","","","","2.5","3,,6,22,","5.0","1,6,21,","","","959.6","1,6","3.8","3,,,6","","","-14.90","2,6","-8.62","1,,,6","-21.19","1,,,6"
"USC00132977","1895-02","43.2844","-93.6305","390.1","FOREST CITY 2 NNE, IA US","0.0","6","0.0",",6","2",",6","1",",6","0",",6","","","2",",6","16",",6","28",",6","19",",6","0",",6","0",",6","","","18950201",",,6","","","18950206",",,6","","","18950206",",,6","18950225",",,6","-32.2",",6,01,","","","102",",,6,06,","6.4",",,6,06,","13.9",",6,25,","","","867.5",",6","7.7",",,,6","153",",,,6","-12.65",",6","-5.50",",,,6","-19.79",",,,6"
"USC00132977","1895-03","43.2844","-93.6305","390.1","FOREST CITY 2 NNE, IA US","0.0","6","0.0",",6","2",",6","2",",6","0",",6","","","1",",6","2",",6","29",",6","10",",6","1",",6","0",",6","","","18950314",",,6","","","18950312",",,6","","","18950331",",,6","18950330",",,6","-20.0",",6,14,","","","51",",,6,12,","24.1",",,6,31,","30.0",",6,30,","","","621.1",",6","26.6",",,,6","51",",,,6","-1.70",",6","5.86",",,,6","-9.26",",,,6"
"USC00132977","1895-04","43.2844","-93.6305","390.1","FOREST CITY 2 NNE, IA US","6.2","6","6.2",",6","4",",6","4",",6","1",",6","","","","","0",",6","6",",6","0",",6","13",",6","0",",6","","","18950402",",,6","","","","","","","18950407",",,6","18950430",",,6","-3.9",",6,02,","","","","","27.9",",,6,07,","30.6",",6,30,","","","212.5",",6","57.8",",,,6","","","11.45",",6","19.22",",,,6","3.68",",,,6"
"USC00132977","1895-07","43.2844","-93.6305","390.1","FOREST CITY 2 NNE, IA US","","","134.7",",6","6",",6","5",",6","1",",6","","","","","0",",6","0",",6","0",",6","30",",6","8",",6","","","18950709",",,6","","","","","","","18950718",",,6","18950702",",,6","3.3",",6,09,","","","","","33.0",",,6,18,","36.7",",6,02,","9.5","6","9.5",",6","66.8",",,,6","","","22.37",",6","30.69",",,,6","14.05",",,,6"
"USC00132977","1895-08","43.2844","-93.6305","390.1","FOREST CITY 2 NNE, IA US","","","111.1",",6","7",",6","7",",6","2",",6","","","","","0",",6","0",",6","0",",6","31",",6","5",",6","","","18950831",",,6","","","","","","","18950810",",,6","18950808",",,6","6.1",",6,31,","","","","","54.9",",,6,10,","34.4",",6,08,","13.9","6","4.4",",6","133.8",",,,6","","","21.77",",6","29.23",",,,6","14.32",",,,6"
"USC00132977","1895-09","43.2844","-93.6305","390.1","FOREST CITY 2 NNE, IA US","","","87.8",",6","6",",6","6",",6","1",",6","","","","","0",",6","2",",6","0",",6","25",",6","6",",6","","","18950930",",,6","","","","","","","18950921",",,6","18950912",",,6","-2.8",",6,30,","","","","","55.9",",,6,21,","34.4",",6,12,","88.4","6","74.5",",6","113.4",",,,6","","","18.78",",6","25.92",",,,6","11.63",",,,6"
"USC00132977","1895-10","43.2844","-93.6305","390.1","FOREST CITY 2 NNE, IA US","","","1.1",",6","1",",6","1",",6","0",",6","","","","","0",",6","23",",6","0",",6","7",",6","0",",6","","","18951029",",,6","","","","","","","18951011",",,6","18951004",",,6","-11.7",",6,29,","","","","","8.1",",,6,11,","30.6",",6,04,","470.5","6","382.1",",6","8.1",",,,6","","","6.04",",6","14.47",",,,6","-2.38",",,,6"
"USC00132977","1895-11","43.2844","-93.6305","390.1","FOREST CITY 2 NNE, IA US","","","0.0",",6","6",",6","4",",6","0",",6","","","4",",6","2",",6","27",",6","10",",6","1",",6","0",",6","","","18951126",",,6","","","18951125",",,6","","","18951113","+,,6","18951105",",,6","-23.3",",6,26,","","","51",",,6,25,","12.7",",,6,13,+","21.7",",6,05,","1078.3","6","607.8",",6","44.6",",,,6","152",",,,6","-1.93",",6","3.81",",,,6","-7.66",",,,6"
"USC00132977","1895-12","43.2844","-93.6305","390.1","FOREST CITY 2 NNE, IA US","","","0.0",",6","","","","","","","","","2",",6","8",",6","31",",6","18",",6","0",",6","0",",6","","","18951206","+,,6","","","18951225",",,6","","","","","18951217",",,6","-22.2",",6,06,+","","","76",",,6,25,","","","6.1",",6,17,","1862.4","6","784.1",",6","","","114",",,,6","-6.96",",6","-2.07",",,,6","-11.85",",,,6"
"USC00132977","1896-01","43.2844","-93.6305","390.1","FOREST CITY 2 NNE, IA US","0.0","6","0.0",",6","","","","","","","","","","","10",",6","29",",6","21",",6","0",",6","0",",6","","","18960103",",,6","","","","","","","","","18960130",",,6","-26.1",",6,03,","","","","","","","9.4",",6,30,","2684.8","6","822.4",",6","","","","","-8.20",",6","-2.70",",,,6","-13.69",",,,6"
"USC00132977","1896-02","43.2844","-93.6305","390.1","FOREST CITY 2 NNE, IA US","0.0","6","0.0",",6","4",",6","2",",6","0",",6","","","0",",6","7",",6","28",",6","13",",6","0",",6","0",",6","","","18960220",",,6","","","18960216","+,,6","","","18960216","+,,6","18960227",",,6","-24.4",",6,20,","","","13",",,6,16,+","2.5",",,6,16,+","19.4",",6,27,","3368.2","6","683.4",",6","7.6",",,,6","34",",,,6","-5.23",",6","0.85",",,,6","-11.32",",,,6"
"USC00132977","1896-03","43.2844","-93.6305","390.1","FOREST CITY 2 NNE, IA US","0.0","6","0.0",",6","5",",6","3",",6","0",",6","","","1",",6","3",",6","29",",6","9",",6","0",",6","0",",6","","","18960313",",,6","","","18960303",",,6","","","18960327",",,6","18960331",",,6","-22.2",",6,13,","","","51",",,6,03,","13.0",",,6,27,","17.2",",6,31,","4031.5","6","663.3",",6","25.5",",,,6","72",",,,6","-3.06",",6","3.72",",,,6","-9.85",",,,6"
"USC00132977","1896-04","43.2844","-93.6305","390.1","FOREST CITY 2 NNE, IA US","5.0","6","5.0",",6","11",",6","10",",6","1",",6","","","2",",6","0",",6","10",",6","2",",6","12",",6","0",",6","","","18960402",",,6","","","18960409","+,,6","","","18960425",",,6","18960416",",,6","-9.4",",6,02,","","","51",",,6,09,+","28.2",",,6,25,","27.8",",6,16,","4284.4","6","252.9",",6","117.6",",,,6","102",",,,6","10.07",",6","16.35",",,,6","3.79",",,,6"
"USC00132977","1896-05","43.2844","-93.6305","390.1","FOREST CITY 2 NNE, IA US","42.2","6","37.2",",6","10",",6","9",",6","2",",6","","","","","0",",6","0",",6","0",",6","21",",6","0",",6","","","18960515",",,6","","","","","","","18960514",",,6","18960512","+,,6","3.9",",6,15,","","","","","54.1",",,6,14,","30.6",",6,12,+","4357.0","6","72.6",",6","168.8",",,,6","","","17.19",",6","23.78",",,,6","10.60",",,,6"
"USC00132977","1896-06","43.2844","-93.6305","390.1","FOREST CITY 2 NNE, IA US","119.2","6","77.0",",6","9",",6","9",",6","3",",6","","","","","0",",6","0",",6","0",",6","28",",6","1",",6","","","18960609",",,6","","","","","","","18960604",",,6","18960625",",,6","7.2",",6,09,","","","","","49.5",",,6,04,","32.2",",6,25,","4381.5","6","24.5",",6","151.5",",,,6","","","20.08",",6","26.72",",,,6","13.44",",,,6"
"USC00132977","1896-07","43.2844","-93.6305","390.1","FOREST CITY 2 NNE, IA US","216.9","6","97.7",",6","6",",6","4",",6","0",",6","","","","","0",",6","0",",6","0",",6","30",",6","6",",6","","","18960717","+,,6","","","","","","","18960723",",,6","18960714",",,6","10.0",",6,17,+","","","","","17.8",",,6,23,","34.4",",6,14,","7.4","6","7.4",",6","50.6",",,,6","","","21.25",",6","28.21",",,,6","14.28",",,,6"
"USC00132977","1896-08","43.2844","-93.6305","390.1","FOREST CITY 2 NNE, IA US","335.4","6","118.5",",6","5",",6","4",",6","0",",6","","","","","0",",6","0",",6","0",",6","31",",6","7",",6","","","18960827",",,6","","","","","","","18960814",",,6","18960808",",,6","3.9",",6,27,","","","","","19.8",",,6,14,","35.6",",6,08,","27.0","6","19.6",",6","51.9",",,,6","","","21.52",",6","28.79",",,,6","14.25",",,,6"
"USC00132977","1896-09","43.2844","-93.6305","390.1","FOREST CITY 2 NNE, IA US","346.9","6","11.5",",6","8",",6","6",",6","1",",6","","","","","0",",6","5",",6","0",",6","13",",6","0",",6","","","18960920",",,6","","","","","","","18960910",",,6","18960908",",,6","-2.2",",6,20,","","","","","30.5",",,6,10,","28.3",",6,08,","183.4","6","156.4",",6","73.2",",,,6","","","13.50",",6","20.13",",,,6","6.88",",,,6"
"USC00132977","1896-10","43.2844","-93.6305","390.1","FOREST CITY 2 NNE, IA US","346.9","6","0.0",",6","5",",6","4",",6","2",",6","","","0",",6","0",",6","13",",6","0",",6","6",",6","0",",6","","","18961020",",,6","","","18961031",",,6","","","18961030",",,6","18961014","+,,6","-7.8",",6,20,","","","3",",,6,31,","47.5",",,6,30,","23.9",",6,14,+","530.3","6","346.9",",6","87.9",",,,6","3",",,,6","7.14",",6","13.89",",,,6","0.40",",,,6"
"USC00132977","1896-11","43.2844","-93.6305","390.1","FOREST CITY 2 NNE, IA US","346.9","6","0.0",",6","3",",6","2",",6","1",",6","","","","","7",",6","28",",6","15",",6","0",",6","0",",6","","","18961129",",,6","","","","","","","18961126",",,6","18961125",",,6","-22.2",",6,29,","","","","","44.5",",,6,26,","14.4",",6,25,","1250.0","6","719.7",",6","65.6",",,,6","","","-5.66",",6","-0.33",",,,6","-10.98",",,,6"
"USC00132977","1896-12","43.2844","-93.6305","390.1","FOREST CITY 2 NNE, IA US","346.9","6","0.0","2,6","7",",6","3",",6","0",",6","","","3",",6","3","1,6","30","1,6","14","1,6","0","1,6","0","1,6","","","18961225",",1,6","","","18961216",",,6","","","18961216",",,6","18961211",",1,6","-21.7","1,6,25,","","","102",",,6,16,","12.7",",,6,16,","10.0","1,6,11,","1910.7","6","660.7","1,6","27.3",",,,6","204",",,,6","-4.17","2,6","0.42","1,,,6","-8.76","1,,,6"
"USC00132977","1897-01","43.2844","-93.6305","390.1","FOREST CITY 2 NNE, IA US","0.0","6","0.0",",6","7",",6","4",",6","0",",6","","","4",",6","17",",6","31",",6","27",",6","0",",6","0",",6","","","18970124",",,6","","","18970123",",,6","","","18970116",",,6","18970101",",,6","-31.7",",6,24,","","","127",",,6,23,","16.5",",,6,16,","12.2",",6,01,","2850.3","6","939.6",",6","40.1",",,,6","280",",,,6","-11.98",",6","-6.90",",,,6","-17.05",",,,6"
"USC00132977","1897-02","43.2844","-93.6305","390.1","FOREST CITY 2 NNE, IA US","0.0","6","0.0",",6","3","1,6","2","1,6","0","1,6","","","1",",6","5",",6","28",",6","15",",6","0",",6","0",",6","","","18970226",",,6","","","18970221",",,6","","","18970221",",1,6","18970213",",,6","-30.0",",6,26,","","","127",",,6,21,","11.4","1,,6,21,","1.7",",6,13,","3553.7","6","703.4",",6","15.2","1,,,6","166",",,,6","-6.79",",6","-2.33",",,,6","-11.24",",,,6"
"USC00132977","1897-03","43.2844","-93.6305","390.1","FOREST CITY 2 NNE, IA US","0.0","6","0.0",",6","6",",6","5",",6","0",",6","","","4",",6","6",",6","27",",6","12",",6","0",",6","0",",6","","","18970314",",,6","","","18970308",",,6","","","18970308",",,6","18970331",",,6","-25.0",",6,14,","","","152",",,6,08,","17.3",",,6,08,","13.3",",6,31,","4250.3","6","696.6",",6","37.5",",,,6","253",",,,6","-4.14",",6","0.74",",,,6","-9.02",",,,6"
"USC00132977","1897-04","43.2844","-93.6305","390.1","FOREST CITY 2 NNE, IA US","0.0","6","0.0",",6","11",",6","11",",6","0",",6","","","","","0",",6","12",",6","0",",6","3",",6","0",",6","","","18970419",",,6","","","","","","","18970401",",,6","18970427",",,6","-5.6",",6,19,","","","","","22.4",",,6,01,","24.4",",6,27,","4588.2","6","337.9",",6","105.7",",,,6","","","7.07",",6","12.19",",,,6","1.94",",,,6"
"USC00132977","1897-05","43.2844","-93.6305","390.1","FOREST CITY 2 NNE, IA US","7.0","6","7.0",",6","6",",6","5",",6","0",",6","","","","","0",",6","2",",6","0",",6","11",",6","0",",6","","","18970531",",,6","","","","","","","18970513",",,6","18970507","+,,6","-0.6",",6,31,","","","","","11.9",",,6,13,","27.8",",6,07,+","4751.1","6","162.9",",6","42.7",",,,6","","","13.30",",6","19.65",",,,6","6.95",",,,6"
"USC00132977","1897-06","43.2844","-93.6305","390.1","FOREST CITY 2 NNE, IA US","80.2","6","73.2",",6","10",",6","10",",6","0",",6","","","","","0",",6","0",",6","0",",6","22",",6","3",",6","","","18970606",",,6","","","","","","","18970615",",,6","18970613",",,6","2.8",",6,06,","","","","","22.9",",,6,15,","34.4",",6,13,","4823.6","6","72.5",",6","97.0",",,,6","","","18.36",",6","24.33",",,,6","12.38",",,,6"
"USC00132977","1897-07","43.2844","-93.6305","390.1","FOREST CITY 2 NNE, IA US","198.0","6","117.8","2,6","10",",6","7",",6","1",",6","","","","","0","1,6","0","1,6","0","1,6","30","1,6","3","1,6","","","18970712",",1,6","","","","","","","18970703",",,6","18970708",",1,6","11.1","1,6,12,","","","","","38.1",",,6,03,","35.0","1,6,08,","2.0","6","2.0","1,6","116.5",",,,6","","","22.33","2,6","28.28","1,,,6","16.39","1,,,6"
"USC00132977","1897-08","43.2844","-93.6305","390.1","FOREST CITY 2 NNE, IA US","240.0","6","42.0",",6","5",",6","4",",6","0",",6","","","","","0",",6","0",",6","0",",6","27",",6","0",",6","","","18970830",",,6","","","","","","","18970807",",,6","18970801",",,6","5.0",",6,30,","","","","","18.8",",,6,07,","30.6",",6,01,","33.5","6","31.5",",6","37.8",",,,6","","","18.67",",6","24.89",",,,6","12.45",",,,6"
"USC00132977","1897-09","43.2844","-93.6305","390.1","FOREST CITY 2 NNE, IA US","351.0","6","111.0",",6","3",",6","3",",6","1",",6","","","","","0",",6","0",",6","0",",6","27",",6","11",",6","","","18970920",",,6","","","","","","","18970901",",,6","18970913",",,6","1.1",",6,20,","","","","","25.4",",,6,01,","35.0",",6,13,","72.4","6","38.9",",6","38.8",",,,6","","","20.74",",6","28.15",",,,6","13.33",",,,6"
"USC00132977","1897-10","43.2844","-93.6305","390.1","FOREST CITY 2 NNE, IA US","377.7","6","26.7",",6","3",",6","3",",6","0",",6","","","","","0",",6","7",",6","0",",6","14",",6","1",",6","","","18971031",",,6","","","","","","","18971018","+,,6","18971001",",,6","-5.0",",6,31,","","","","","11.4",",,6,18,+","32.2",",6,01,","287.0","6","214.6",",6","30.2",",,,6","","","12.27",",6","18.46",",,,6","6.08",",,,6"
"USC00132977","1897-11","43.2844","-93.6305","390.1","FOREST CITY 2 NNE, IA US","377.7","6","0.0",",6","1",",6","1",",6","0",",6","","","1",",6","3",",6","25",",6","7",",6","2",",6","0",",6","","","18971129",",,6","","","18971125",",,6","","","18971125",",,6","18971120",",,6","-23.9",",6,29,","","","51",",,6,25,","5.1",",,6,25,","22.2",",6,20,","841.8","6","554.8",",6","5.1",",,,6","51",",,,6","-0.16",",6","6.26",",,,6","-6.58",",,,6"
"USC00132977","1897-12","43.2844","-93.6305","390.1","FOREST CITY 2 NNE, IA US","377.7","6","0.0",",6","5","1,6","4","1,6","0","1,6","","","5",",6","11",",6","31",",6","25",",6","0",",6","0",",6","","","18971222",",,6","","","18971220",",,6","","","18971220",",1,6","18971208",",,6","-27.2",",6,22,","","","203",",,6,20,","16.5","1,,6,20,","5.0",",6,08,","1727.3","6","885.5",",6","39.7","1,,,6","457",",,,6","-10.23",",6","-5.12",",,,6","-15.34",",,,6"
"USC00132977","1898-01","43.2844","-93.6305","390.1","FOREST CITY 2 NNE, IA US","0.0","6","0.0",",6","2",",6","2",",6","0",",6","","","2",",6","5",",6","31",",6","23",",6","0",",6","0",",6","","","18980102","+,,6","","","18980112",",,6","","","18980112",",,6","18980110","+,,6","-20.0",",6,02,+","","","51",",,6,12,","5.1",",,6,12,","3.9",",6,10,+","2502.5","6","775.2",",6","7.6",",,,6","76",",,,6","-6.67",",6","-1.56",",,,6","-11.79",",,,6"
"USC00132977","1898-02","43.2844","-93.6305","390.1","FOREST CITY 2 NNE, IA US","0.0","6","0.0",",6","6",",6","6",",6","0",",6","","","4",",6","5",",6","28",",6","17",",6","0",",6","0",",6","","","18980202",",,6","","","18980219",",,6","","","18980210",",,6","18980208",",,6","-25.6",",6,02,","","","152",",,6,19,","16.5",",,6,10,","7.2",",6,08,","3212.5","6","710.0",",6","41.7",",,,6","227",",,,6","-7.02",",6","-1.41",",,,6","-12.64",",,,6"
"USC00132977","1898-03","43.2844","-93.6305","390.1","FOREST CITY 2 NNE, IA US","0.0","6","0.0","1,6","4",",6","4",",6","0",",6","","","","","0","1,6","25","1,6","5",",6","0",",6","0",",6","","","18980328","+,1,6","","","","","","","18980327",",,6","18980308",",,6","-13.3","1,6,28,+","","","","","12.7",",,6,27,","18.3",",6,08,","3722.6","6","510.1",",6","33.7",",,,6","","","1.44","1,6","7.24",",,,6","-4.36","1,,,6"
"USC00132977","1898-04","43.2844","-93.6305","390.1","FOREST CITY 2 NNE, IA US","0.0","6","0.0","2,6","9",",6","7",",6","1",",6","","","","","0","1,6","12","1,6","0","1,6","3","1,6","0","1,6","","","18980405",",1,6","","","","","","","18980418",",,6","18980415",",1,6","-6.7","1,6,05,","","","","","26.9",",,6,18,","25.6","1,6,15,","4035.2","6","312.6","1,6","63.5",",,,6","","","7.44","2,6","14.03","1,,,6","0.85","1,,,6"
"USC00132977","1898-05","43.2844","-93.6305","390.1","FOREST CITY 2 NNE, IA US","10.9","6","10.9",",6","11",",6","9",",6","1",",6","","","","","0",",6","0",",6","0",",6","14",",6","0",",6","","","18980506",",,6","","","","","","","18980521",",,6","18980526",",,6","1.1",",6,06,","","","","","49.5",",,6,21,","28.3",",6,26,","4170.1","6","134.9",",6","103.1",",,,6","","","14.33",",6","20.19",",,,6","8.48",",,,6"
"USC00132977","1898-06","43.2844","-93.6305","390.1","FOREST CITY 2 NNE, IA US","76.6","6","65.7",",6","11",",6","9",",6","2",",6","","","","","0",",6","0",",6","0",",6","29",",6","1",",6","","","18980627",",,6","","","","","","","18980618",",,6","18980623",",,6","5.6",",6,27,","","","","","50.8",",,6,18,","32.2",",6,23,","4179.3","6","9.2",",6","182.9",",,,6","","","20.22",",6","25.67",",,,6","14.76",",,,6"
"USC00132977","1898-07","43.2844","-93.6305","390.1","FOREST CITY 2 NNE, IA US","183.2","6","106.6",",6","6",",6","6",",6","0",",6","","","","","0",",6","0",",6","0",",6","30",",6","2",",6","","","18980711",",,6","","","","","","","18980706",",,6","18980724","+,,6","10.6",",6,11,","","","","","17.8",",,6,06,","32.2",",6,24,+","4.6","6","4.6",",6","54.4",",,,6","","","21.62",",6","28.19",",,,6","15.05",",,,6"
"USC00132977","1898-08","43.2844","-93.6305","390.1","FOREST CITY 2 NNE, IA US","266.4","6","83.2",",6","7",",6","6",",6","2",",6","","","","","0",",6","0",",6","0",",6","30",",6","3",",6","","","18980801",",,6","","","","","","","18980820",",,6","18980830",",,6","6.7",",6,01,","","","","","51.3",",,6,20,","35.0",",6,30,","15.2","6","10.6",",6","139.7",",,,6","","","20.67",",6","26.82",",,,6","14.53",",,,6"
"USC00132977","1898-09","43.2844","-93.6305","390.1","FOREST CITY 2 NNE, IA US","311.3","6","44.9",",6","4",",6","2",",6","0",",6","","","","","0",",6","0",",6","0",",6","24",",6","4",",6","","","18980930",",,6","","","","","","","18980913",",,6","18980904",",,6","1.1",",6,30,","","","","","13.2",",,6,13,","33.3",",6,04,","78.7","6","63.5",",6","17.3",",,,6","","","17.72",",6","25.08",",,,6","10.35",",,,6"
"USC00132977","1898-10","43.2844","-93.6305","390.1","FOREST CITY 2 NNE, IA US","313.5","6","2.2","1,6","9","1,6","7","1,6","1","1,6","","","0",",6","0",",6","13",",6","0","1,6","5","1,6","0","1,6","","","18981031",",,6","","","18981030","+,,6","","","18981016",",1,6","18981002",",1,6","-6.1",",6,31,","","","0",",T,6,30,+","29.0","1,,6,16,","28.3","1,6,02,","400.7","6","322.0","1,6","115.3","1,,,6","0",",T,,6","7.91","1,6","12.98","1,,,6","2.83",",,,6"
"USC00132977","1898-11","43.2844","-93.6305","390.1","FOREST CITY 2 NNE, IA US","313.5","6","0.0","2,6","4",",6","4",",6","0",",6","","","4",",6","6","1,6","24","1,6","10","1,6","0","1,6","0","1,6","","","18981126",",1,6","","","18981125","+,,6","","","18981122",",,6","18981104",",1,6","-23.3","1,6,26,","","","102",",,6,25,+","12.7",",,6,22,","19.4","1,6,04,","944.9","6","544.2","1,6","32.6",",,,6","356",",,,6","-1.30","2,6","3.97","1,,,6","-6.58","1,,,6"
"USC00132977","1898-12","43.2844","-93.6305","390.1","FOREST CITY 2 NNE, IA US","313.5","6","0.0","5,6","2",",6","2",",6","0",",6","","","2",",6","11","3,6","28","3,6","20","3,6","0","3,6","0","3,6","","","18981231",",3,6","","","18981225","+,,6","","","18981225","+,,6","18981218",",3,6","-28.9","3,6,31,","","","25",",,6,25,+","2.5",",,6,25,+","3.9","3,6,18,","1672.5","6","727.6","3,6","5.0",",,,6","50",",,,6","-10.18","5,6","-4.99","3,,,6","-15.38","3,,,6"
"USC00132977","1899-01","43.2844","-93.6305","390.1","FOREST CITY 2 NNE, IA US","0.0","6","0.0",",6","3",",6","2",",6","0",",6","","","2",",6","13",",6","31",",6","18",",6","0",",6","0",",6","","","18990130",",,6","","","18990125","+,,6","","","18990125","+,,6","18990120",",,6","-30.6",",6,30,","","","25",",,6,25,+","2.5",",,6,25,+","4.4",",6,20,","2528.2","6","855.7",",6","5.5",",,,6","50",",,,6","-9.27",",6","-3.35",",,,6","-15.19",",,,6"
"USC00132977","1899-02","43.2844","-93.6305","390.1","FOREST CITY 2 NNE, IA US","0.0","6","0.0",",6","7",",6","5",",6","0",",6","","","5",",6","16",",6","27",",6","19",",6","0",",6","0",",6","","","18990209",",,6","","","18990222",",,6","","","18990222",",,6","18990219",",,6","-36.1",",6,09,","","","127",",,6,22,","15.2",",,6,22,","10.0",",6,19,","3411.6","6","883.4",",6","38.9",",,,6","356",",,,6","-13.22",",6","-7.70",",,,6","-18.74",",,,6"
"USC00132977","1899-03","43.2844","-93.6305","390.1","FOREST CITY 2 NNE, IA US","0.0","6","0.0","2,6","12",",6","9",",6","0",",6","","","5",",6","4","1,6","30","1,6","22","1,6","0","1,6","0","1,6","","","18990306",",1,6","","","18990317",",,6","","","18990317",",,6","18990311",",1,6","-23.9","1,6,06,","","","140",",,6,17,","19.8",",,6,17,","8.3","1,6,11,","4157.1","6","745.5","1,6","85.8",",,,6","356",",,,6","-7.43","2,6","-2.34","1,,,6","-12.53","1,,,6"
"USC00132977","1899-04","43.2844","-93.6305","390.1","FOREST CITY 2 NNE, IA US","0.0","6","0.0",",6","6",",6","3",",6","0",",6","","","","","0",",6","12",",6","2",",6","9",",6","0",",6","","","18990402",",,6","","","","","","","18990427",",,6","18990428","+,,6","-12.2",",6,02,","","","","","11.7",",,6,27,","26.7",",6,28,+","4467.8","6","310.7",",6","30.0",",,,6","","","7.98",",6","14.85",",,,6","1.11",",,,6"
"USC00132977","1899-05","43.2844","-93.6305","390.1","FOREST CITY 2 NNE, IA US","8.6","6","8.6",",6","13",",6","10",",6","0",",6","","","0",",6","0",",6","1",",6","0",",6","15",",6","0",",6","","","18990513",",,6","","","18990531","+,,6","","","18990527",",,6","18990527","+,,6","-0.6",",6,13,","","","0",",,6,31,+","20.8",",,6,27,","27.2",",6,27,+","4599.3","6","131.5",",6","96.3",",,,6","0",",,,6","14.37",",6","20.47",",,,6","8.27",",,,6"
"USC00132977","1899-06","43.2844","-93.6305","390.1","FOREST CITY 2 NNE, IA US","74.5","6","65.9",",6","13",",6","9",",6","2",",6","","","","","0",",6","0",",6","0",",6","28",",6","0",",6","","","18990616","+,,6","","","","","","","18990613",",,6","18990619","+,,6","10.6",",6,16,+","","","","","66.0",",,6,13,","31.1",",6,19,+","4609.3","6","10.0",",6","181.5",",,,6","","","20.20",",6","25.23",",,,6","15.16",",,,6"
"USC00132977","1899-07","43.2844","-93.6305","390.1","FOREST CITY 2 NNE, IA US","187.5","6","113.0",",6","7",",6","6",",6","0",",6","","","","","0",",6","0",",6","0",",6","30",",6","4",",6","","","18990730",",,6","","","","","","","18990712",",,6","18990723",",,6","8.3",",6,30,","","","","","16.5",",,6,12,","32.8",",6,23,","4.1","6","4.1",",6","55.8",",,,6","","","21.85",",6","27.90",",,,6","15.79",",,,6"
"USC00132977","1899-08","43.2844","-93.6305","390.1","FOREST CITY 2 NNE, IA US","332.9","6","145.4",",6","10",",6","4",",6","0",",6","","","","","0",",6","0",",6","0",",6","31",",6","11",",6","","","18990815",",,6","","","","","","","18990820",",,6","18990810",",,6","11.1",",6,15,","","","","","15.2",",,6,20,","35.6",",6,10,","4.7","6","0.6",",6","38.7",",,,6","","","23.00",",6","29.63",",,,6","16.38",",,,6"
"USC00132977","1899-09","43.2844","-93.6305","390.1","FOREST CITY 2 NNE, IA US","379.6","6","46.7",",6","8",",6","3",",6","0",",6","","","","","0",",6","2",",6","0",",6","19",",6","3",",6","","","18990929",",,6","","","","","","","18990915",",,6","18990906",",,6","-5.6",",6,29,","","","","","17.0",",,6,15,","36.1",",6,06,","111.9","6","107.2",",6","42.3",",,,6","","","16.32",",6","23.61",",,,6","9.02",",,,6"
"USC00132977","1899-10","43.2844","-93.6305","390.1","FOREST CITY 2 NNE, IA US","394.3","6","14.7",",6","6",",6","5",",6","0",",6","","","","","0",",6","5",",6","0",",6","15",",6","0",",6","","","18991029",",,6","","","","","","","18991016",",,6","18991022","+,,6","-5.6",",6,29,","","","","","13.2",",,6,16,","29.4",",6,22,+","291.6","6","179.7",",6","40.9",",,,6","","","13.01",",6","20.16",",,,6","5.86",",,,6"
"USC00132977","1899-11","43.2844","-93.6305","390.1","FOREST CITY 2 NNE, IA US","394.3","6","0.0",",6","5",",6","3",",6","1",",6","","","1",",6","0",",6","17",",6","0",",6","0",",6","0",",6","","","18991102",",,6","","","18991130",",,6","","","18991130",",,6","18991108","+,,6","-7.8",",6,02,","","","51",",,6,30,","25.4",",,6,30,","19.4",",6,08,+","652.4","6","360.8",",6","39.7",",,,6","51",",,,6","6.31",",6","12.33",",,,6","0.28",",,,6"
"USC00132977","1899-12","43.2844","-93.6305","390.1","FOREST CITY 2 NNE, IA US","394.3","6","0.0","3,6","3",",6","2",",6","0",",6","","","1",",6","10","1,6","28","1,6","17","2,6","0","2,6","0","2,6","","","18991231",",1,6","","","18991211",",,6","","","18991209",",,6","18991208",",2,6","-22.8","1,6,31,","","","25",",,6,11,","13.2",",,6,09,","10.6","2,6,08,","1365.9","6","713.5","2,6","18.3",",,,6","38",",,,6","-7.10","3,6","-1.80","2,,,6","-12.41","1,,,6"
"USC00132977","1900-01","43.2844","-93.6305","390.1","FOREST CITY 2 NNE, IA US","0.0","6","0.0","2,6","3",",6","3",",6","0",",6","","","2",",6","9","1,6","30","1,6","13","1,6","0","1,6","0","1,6","","","19000131",",1,6","","","19000115","+,,6","","","19000109",",,6","19000122",",1,6","-27.2","1,6,31,","","","51",",,6,15,+","7.6",",,6,09,","10.0","1,6,22,","2064.6","6","698.7","1,6","16.5",",,,6","102",",,,6","-5.82","2,6","0.33","1,,,6","-11.97","1,,,6"
"USC00132977","1900-02","43.2844","-93.6305","390.1","FOREST CITY 2 NNE, IA US","0.0","6","0.0",",6","4",",6","3",",6","0",",6","","","3",",6","14",",6","28",",6","24",",6","0",",6","0",",6","","","19000209",",,6","","","19000205",",,6","","","19000205",",,6","19000222","+,,6","-31.1",",6,09,","","","89",",,6,05,","8.9",",,6,05,","2.2",",6,22,+","2904.3","6","839.7",",6","16.5",",,,6","165",",,,6","-11.66",",6","-5.68",",,,6","-17.64",",,,6"
"USC00132977","1900-03","43.2844","-93.6305","390.1","FOREST CITY 2 NNE, IA US","0.0","6","0.0",",6","7",",6","5",",6","0",",6","","","5",",6","3",",6","31",",6","9",",6","0",",6","0",",6","","","19000316",",,6","","","19000329","+,,6","","","19000329","+,,6","19000322",",,6","-23.3",",6,16,","","","76",",,6,29,+","8.9",",,6,29,+","14.4",",6,22,","3562.3","6","658.0",",6","36.4",",,,6","318",",,,6","-2.89",",6","2.45",",,,6","-8.24",",,,6"
"USC00132977","1900-04","43.2844","-93.6305","390.1","FOREST CITY 2 NNE, IA US","0.9","6","0.9",",6","7",",6","6",",6","0",",6","","","0",",6","0",",6","9",",6","0",",6","12",",6","0",",6","","","19000412","+,,6","","","19000411",",,6","","","19000416",",,6","19000427",",,6","-3.3",",6,12,+","","","13",",,6,11,","13.2",",,6,16,","27.8",",6,27,","3800.1","6","237.8",",6","39.4",",,,6","13",",,,6","10.44",",6","17.11",",,,6","3.77",",,,6"
"USC00132977","1900-05","43.2844","-93.6305","390.1","FOREST CITY 2 NNE, IA US","32.3","6","31.4","2,6","5",",6","3",",6","2",",6","","","","","0","1,6","1","1,6","0","1,6","21","1,6","0","1,6","","","19000503",",1,6","","","","","","","19000515","+,,6","19000527",",1,6","-3.3","1,6,03,","","","","","27.2",",,6,15,+","31.7","1,6,27,","3881.1","6","81.0","1,6","62.8",",,,6","","","16.73","2,6","24.24","1,,,6","9.22","1,,,6"
"USC00132977","1900-06","43.2844","-93.6305","390.1","FOREST CITY 2 NNE, IA US","89.5","6","57.2",",6","7",",6","6",",6","2",",6","","","","","0",",6","0",",6","0",",6","29",",6","2",",6","","","19000608",",,6","","","","","","","19000610",",,6","19000626",",,6","7.2",",6,08,","","","","","48.3",",,6,10,","34.4",",6,26,","3900.1","6","19.0",",6","111.5",",,,6","","","19.61",",6","26.41",",,,6","12.80",",,,6"
"USC00132977","1900-07","43.2844","-93.6305","390.1","FOREST CITY 2 NNE, IA US","187.1","6","97.6","1,6","15",",6","11",",6","2",",6","","","","","0","1,6","0","1,6","0",",6","30",",6","4",",6","","","19000712",",1,6","","","","","","","19000716",",,6","19000704","+,,6","9.4","1,6,12,","","","","","44.2",",,6,16,","32.8",",6,04,+","1.9","6","1.9",",6","159.3",",,,6","","","21.50","1,6","27.70",",,,6","15.30","1,,,6"
"USC00132977","1900-08","43.2844","-93.6305","390.1","FOREST CITY 2 NNE, IA US","364.2","6","177.1",",6","11",",6","7",",6","1",",6","","","","","0",",6","0",",6","0",",6","31",",6","12",",6","","","19000826","+,,6","","","","","","","19000811",",,6","19000802",",,6","12.2",",6,26,+","","","","","42.9",",,6,11,","33.3",",6,02,","1.9","6","0.0",",6","113.2",",,,6","","","24.05",",6","30.39",",,,6","17.70",",,,6"
"USC00132977","1900-09","43.2844","-93.6305","390.1","FOREST CITY 2 NNE, IA US","406.7","6","42.5",",6","11",",6","8",",6","2",",6","","","","","0",",6","0",",6","0",",6","21",",6","1",",6","","","19000927",",,6","","","","","","","19000911",",,6","19000905",",,6","0.6",",6,27,","","","","","59.2",",,6,11,","32.8",",6,05,","100.8","6","98.9",",6","172.6",",,,6","","","16.46",",6","22.43",",,,6","10.48",",,,6"
"USC00132977","1900-10","43.2844","-93.6305","390.1","FOREST CITY 2 NNE, IA US","421.8","6","15.1",",6","6",",6","4",",6","2",",6","","","","","0",",6","2",",6","0",",6","18",",6","0",",6","","","19001008",",,6","","","","","","","19001031",",,6","19001005","+,,6","-1.1",",6,08,","","","","","42.4",",,6,31,","30.0",",6,05,+","224.2","6","123.4",",6","104.4",",,,6","","","14.84",",6","21.60",",,,6","8.07",",,,6"
"USC00132977","1900-11","43.2844","-93.6305","390.1","FOREST CITY 2 NNE, IA US","421.8","6","0.0",",6","5",",6","1",",6","0",",6","","","0",",6","1",",6","27",",6","10",",6","0",",6","0",",6","","","19001115",",,6","","","19001121","+,,6","","","19001118",",,6","19001102",",,6","-18.3",",6,15,","","","13",",,6,21,+","3.8",",,6,18,","18.3",",6,02,","811.4","6","587.2",",6","9.7",",,,6","39",",,,6","-1.24",",6","3.24",",,,6","-5.72",",,,6"
"USC00132977","1900-12","43.2844","-93.6305","390.1","FOREST CITY 2 NNE, IA US","421.8","6","0.0",",6","1",",6","1",",6","0",",6","","","0",",6","2",",6","31",",6","16",",6","0",",6","0",",6","","","19001231",",,6","","","19001230","+,,6","","","19001223",",,6","19001221",",,6","-22.2",",6,31,","","","0",",T,6,30,+","3.6",",,6,23,","8.3",",6,21,","1533.6","6","722.2",",6","3.6",",,,6","0",",T,,6","-4.96",",6","-0.69",",,,6","-9.24",",,,6"
"USC00132977","1901-01","43.2844","-93.6305","390.1","FOREST CITY 2 NNE, IA US","0.0","6","0.0","2,6","4",",6","4",",6","0",",6","","","4",",6","4","1,6","30","1,6","20","1,6","0","1,6","0","1,6","","","19010102",",1,6","","","19010125",",,6","","","19010125",",,6","19010120",",1,6","-22.2","1,6,02,","","","102",",,6,25,","10.2",",,6,25,","7.2","1,6,20,","2273.1","6","739.5","1,6","22.9",",,,6","229",",,,6","-7.14","2,6","-1.52","1,,,6","-12.76","1,,,6"
"USC00132977","1901-02","43.2844","-93.6305","390.1","FOREST CITY 2 NNE, IA US","0.0","6","0.0","1,6","3",",6","3",",6","0",",6","","","3",",6","10",",6","28",",6","22","1,6","0","1,6","0","1,6","","","19010210",",,6","","","19010208",",,6","","","19010208",",,6","19010213",",1,6","-22.2",",6,10,","","","102",",,6,08,","10.2",",,6,08,","4.4","1,6,13,","3033.2","6","760.1","1,6","17.8",",,,6","152",",,,6","-9.83","1,6","-4.10","1,,,6","-15.56",",,,6"
"USC00132977","1901-03","43.2844","-93.6305","390.1","FOREST CITY 2 NNE, IA US","0.0","6","0.0",",6","6",",6","6",",6","0",",6","","","5",",6","1",",6","27",",6","4",",6","0",",6","0",",6","","","19010305",",,6","","","19010313",",,6","","","19010313",",,6","19010323",",,6","-21.1",",6,05,","","","102",",,6,13,","12.7",",,6,13,","19.4",",6,23,","3628.6","6","595.4",",6","49.6",",,,6","356",",,,6","-0.87",",6","4.29",",,,6","-6.03",",,,6"
"USC00132977","1901-04","43.2844","-93.6305","390.1","FOREST CITY 2 NNE, IA US","8.3","6","8.3",",6","5",",6","5",",6","0",",6","","","0",",6","0",",6","14",",6","0",",6","7",",6","0",",6","","","19010418",",,6","","","19010402",",,6","","","19010416",",,6","19010429",",,6","-5.6",",6,18,","","","0",",T,6,02,","17.8",",,6,16,","29.4",",6,29,","3912.9","6","284.3",",6","42.4",",,,6","0",",T,,6","9.13",",6","15.65",",,,6","2.62",",,,6"
"USC00132977","1901-05","43.2844","-93.6305","390.1","FOREST CITY 2 NNE, IA US","24.0","6","15.7","1,6","7",",6","7",",6","0",",6","","","","","0",",6","1",",6","0","1,6","20","1,6","0","1,6","","","19010512",",,6","","","","","","","19010523",",,6","19010502",",1,6","-1.1",",6,12,","","","","","11.7",",,6,23,","30.6","1,6,02,","4015.3","6","102.4","1,6","52.9",",,,6","","","15.49","1,6","21.99","1,,,6","9.00",",,,6"
"USC00132977","1901-06","43.2844","-93.6305","390.1","FOREST CITY 2 NNE, IA US","121.3","6","97.3","2,6","9",",6","8",",6","1",",6","","","","","0","1,6","0","1,6","0","1,6","25","1,6","7","1,6","","","19010607",",1,6","","","","","","","19010616",",,6","19010630","+,1,6","1.1","1,6,07,","","","","","47.5",",,6,16,","33.9","1,6,30,+","4038.1","6","22.8","1,6","87.1",",,,6","","","20.82","2,6","27.41","1,,,6","14.23","1,,,6"
"USC00132977","1901-07","43.2844","-93.6305","390.1","FOREST CITY 2 NNE, IA US","379.8","6","258.5",",6","7",",6","4",",6","1",",6","","","","","0",",6","0",",6","0",",6","31",",6","21",",6","","","19010707",",,6","","","","","","","19010728",",,6","19010721",",,6","9.4",",6,07,","","","","","82.6",",,6,28,","41.1",",6,21,","0.8","6","0.8",",6","101.8",",,,6","","","26.65",",6","34.06",",,,6","19.23",",,,6"
"USC00132977","1901-08","43.2844","-93.6305","390.1","FOREST CITY 2 NNE, IA US","491.3","6","111.5","1,6","5",",6","3",",6","0",",6","","","","","0","1,6","0","1,6","0",",6","31",",6","5",",6","","","19010810",",1,6","","","","","","","19010809",",,6","19010820","+,,6","4.4","1,6,10,","","","","","24.1",",,6,09,","33.9",",6,20,+","6.4","6","5.6",",6","54.7",",,,6","","","21.84","1,6","29.61",",,,6","14.07","1,,,6"
"USC00132977","1901-09","43.2844","-93.6305","390.1","FOREST CITY 2 NNE, IA US","526.0","6","34.7","2,6","9",",6","9",",6","3",",6","","","","","0",",6","2",",6","0","2,6","18","2,6","1","2,6","","","19010920",",,6","","","","","","","19010928",",,6","19010905",",2,6","-1.7",",6,20,","","","","","75.2",",,6,28,","32.2","2,6,05,","97.4","6","91.0","2,6","240.8",",,,6","","","16.26","2,6","22.39","2,,,6","10.13",",,,6"
"USC00132977","1901-10","43.2844","-93.6305","390.1","FOREST CITY 2 NNE, IA US","526.6","6","0.6","2,6","5",",6","4",",6","0",",6","","","0",",6","0",",6","4",",6","0","2,6","10","2,6","0","2,6","","","19011017",",,6","","","19011016",",,6","","","19011010",",,6","19011021",",2,6","-2.2",",6,17,","","","0",",T,6,16,","14.2",",,6,10,","27.2","2,6,21,","297.0","6","199.6","2,6","30.7",",,,6","0",",T,,6","11.46","2,6","17.65","2,,,6","5.27",",,,6"
"USC00132977","1901-11","43.2844","-93.6305","390.1","FOREST CITY 2 NNE, IA US","526.6","6","0.0",",6","1",",6","1",",6","0",",6","","","0",",6","0",",6","29",",6","2",",6","0",",6","0",",6","","","19011105",",,6","","","19011103",",,6","","","19011103",",,6","19011101",",,6","-15.0",",6,05,","","","13",",,6,03,","14.5",",,6,03,","18.9",",6,01,","823.6","6","526.6",",6","14.5",",,,6","13",",,,6","0.78",",6","6.91",",,,6","-5.35",",,,6"
"USC00132977","1901-12","43.2844","-93.6305","390.1","FOREST CITY 2 NNE, IA US","526.6","6","0.0","2,6","4","2,6","4","2,6","0","2,6","","","4",",6","8","1,6","30","1,6","17","1,6","0","1,6","0","1,6","","","19011214",",1,6","","","19011212",",,6","","","19011212",",2,6","19011230",",1,6","-33.3","1,6,14,","","","76",",,6,12,","7.6","2,,6,12,","7.8","1,6,30,","1583.4","6","759.8","1,6","15.1","2,,,6","151",",,,6","-7.96","2,6","-2.39","1,,,6","-13.52","1,,,6"
"USC00132977","1902-01","43.2844","-93.6305","390.1","FOREST CITY 2 NNE, IA US","0.0","6","0.0","1,6","4",",6","4",",6","0",",6","","","4",",6","5","1,6","30","1,6","13",",6","0",",6","0",",6","","","19020127",",1,6","","","19020125",",,6","","","19020125",",,6","19020108",",,6","-28.9","1,6,27,","","","76",",,6,25,","7.6",",,6,25,","9.4",",6,08,","2327.5","6","744.1",",6","18.2",",,,6","177",",,,6","-6.60","1,6","-1.00",",,,6","-12.21","1,,,6"
"USC00132977","1902-02","43.2844","-93.6305","390.1","FOREST CITY 2 NNE, IA US","0.0","6","0.0","1,6","4",",6","2",",6","0",",6","","","1",",6","10","1,6","25","1,6","20",",6","0",",6","0",",6","","","19020202",",1,6","","","19020203",",,6","","","19020227",",,6","19020226",",,6","-27.2","1,6,02,","","","25",",,6,03,","5.1",",,6,27,","10.6",",6,26,","3063.1","6","735.6",",6","10.2",",,,6","38",",,,6","-8.83","1,6","-4.33",",,,6","-13.34","1,,,6"
"USC00132977","1902-03","43.2844","-93.6305","390.1","FOREST CITY 2 NNE, IA US","0.0","6","0.0",",6","2","1,6","2","1,6","0","1,6","","","","","1",",6","20",",6","5",",6","0",",6","0",",6","","","19020317",",,6","","","","","","","19020326","+,1,6","19020326",",,6","-22.2",",6,17,","","","","","2.5","1,,6,26,+","18.3",",6,26,","3571.5","6","508.4",",6","5.0","1,,,6","","","1.93",",6","7.32",",,,6","-3.46",",,,6"
"USC00132977","1902-04","43.2844","-93.6305","390.1","FOREST CITY 2 NNE, IA US","2.2","6","2.2",",6","3",",6","3",",6","0",",6","","","","","0",",6","20",",6","0",",6","3",",6","0",",6","","","19020407",",,6","","","","","","","19020425",",,6","19020421",",,6","-8.9",",6,07,","","","","","9.9",",,6,25,","31.1",",6,21,","3904.4","6","332.9",",6","23.4",",,,6","","","7.31",",6","14.89",",,,6","-0.27",",,,6"
"USC00132977","1902-05","43.2844","-93.6305","390.1","FOREST CITY 2 NNE, IA US","28.3","6","26.1",",6","10",",6","8",",6","1",",6","","","","","0",",6","0",",6","0",",6","21",",6","0",",6","","","19020510",",,6","","","","","","","19020503",",,6","19020520",",,6","2.2",",6,10,","","","","","87.9",",,6,03,","30.0",",6,20,","3993.3","6","88.9",",6","180.3",",,,6","","","16.31",",6","22.43",",,,6","10.19",",,,6"
"USC00132977","1902-06","43.2844","-93.6305","390.1","FOREST CITY 2 NNE, IA US","61.4","6","33.1",",6","12",",6","8",",6","2",",6","","","","","0",",6","0",",6","0",",6","21",",6","0",",6","","","19020622","+,,6","","","","","","","19020625",",,6","19020614",",,6","4.4",",6,22,+","","","","","39.1",",,6,25,","29.4",",6,14,","4052.9","6","59.6",",6","148.5",",,,6","","","17.45",",6","22.87",",,,6","12.03",",,,6"
"USC00132977","1902-07","43.2844","-93.6305","390.1","FOREST CITY 2 NNE, IA US","177.8","6","116.4",",6","14",",6","11",",6","2",",6","","","","","0",",6","0",",6","0",",6","31",",6","3",",6","","","19020710",",,6","","","","","","","19020702",",,6","19020730","+,,6","11.1",",6,10,","","","","","38.1",",,6,02,","33.3",",6,30,+","1.7","6","1.7",",6","167.2",",,,6","","","22.03",",6","28.23",",,,6","15.84",",,,6"
"USC00132977","1902-08","43.2844","-93.6305","390.1","FOREST CITY 2 NNE, IA US","233.6","6","55.8","1,6","","","","","","","","","","","0","1,6","0","1,6","0",",6","30",",6","0",",6","","","19020811",",1,6","","","","","","","","","19020803","+,,6","5.6","1,6,11,","","","","","","","30.6",",6,03,+","15.3","6","13.6",",6","","","","","19.71","1,6","25.74",",,,6","13.68","1,,,6"
"USC00132977","1902-09","43.2844","-93.6305","390.1","FOREST CITY 2 NNE, IA US","237.7","6","4.1",",6","9",",6","6",",6","1",",6","","","","","0",",6","2",",6","0",",6","14",",6","0",",6","","","19020913",",,6","","","","","","","19020927",",,6","19020907",",,6","-1.1",",6,13,","","","","","50.8",",,6,27,","27.8",",6,07,","133.6","6","118.3",",6","100.3",",,,6","","","14.53",",6","20.61",",,,6","8.44",",,,6"
"USC00132977","1902-10","43.2844","-93.6305","390.1","FOREST CITY 2 NNE, IA US","237.7","6","0.0","1,6","5",",6","3",",6","0",",6","","","","","0","1,6","5","1,6","0",",6","7",",6","0",",6","","","19021014",",1,6","","","","","","","19021012",",,6","19021025","+,,6","-3.3","1,6,14,","","","","","22.9",",,6,12,","24.4",",6,25,+","374.4","6","240.8",",6","33.6",",,,6","","","10.38","1,6","16.86",",,,6","3.90","1,,,6"
"USC00132977","1902-11","43.2844","-93.6305","390.1","FOREST CITY 2 NNE, IA US","237.7","6","0.0",",6","7",",6","5",",6","1",",6","","","1",",6","0",",6","22",",6","0",",6","0",",6","0",",6","","","19021130",",,6","","","19021129",",,6","","","19021114",",,6","19021101",",,6","-11.1",",6,30,","","","51",",,6,29,","29.2",",,6,14,","17.2",",6,01,","842.4","6","468.0",",6","59.4",",,,6","51",",,,6","2.73",",6","7.32",",,,6","-1.86",",,,6"
"USC00132977","1902-12","43.2844","-93.6305","390.1","FOREST CITY 2 NNE, IA US","237.7","6","0.0","2,6","4",",6","4",",6","1",",6","","","3",",6","8","2,6","28","2,6","21","1,6","0","1,6","0","1,6","","","19021226",",2,6","","","19021215",",,6","","","19021220",",,6","19021201",",1,6","-26.7","2,6,26,","","","203",",,6,15,","35.6",",,6,20,","6.1","1,6,01,","1615.5","6","773.1","1,6","71.1",",,,6","355",",,,6","-8.20","2,6","-3.63","1,,,6","-12.78","2,,,6"
"USC00132977","1903-01","43.2844","-93.6305","390.1","FOREST CITY 2 NNE, IA US","0.0","6","0.0","2,6","2",",6","0",",6","0",",6","","","0",",6","7","1,6","30","1,6","21","1,6","0","1,6","0","1,6","","","19030111",",1,6","","","19030129","+,,6","","","19030129","+,,6","19030107","+,1,6","-23.3","1,6,11,","","","13",",,6,29,+","1.3",",,6,29,+","4.4","1,6,07,+","2378.9","6","763.4","1,6","2.6",",,,6","26",",,,6","-7.85","2,6","-2.79","1,,,6","-12.91","1,,,6"
"USC00132977","1903-02","43.2844","-93.6305","390.1","FOREST CITY 2 NNE, IA US","0.0","6","0.0","2,6","2",",6","2",",6","0",",6","","","1",",6","8","1,6","27","1,6","18","1,6","0","1,6","0","1,6","","","19030216",",1,6","","","19030204",",,6","","","19030227","+,,6","19030226",",1,6","-28.9","1,6,16,","","","102",",,6,04,","10.2",",,6,27,+","4.4","1,6,26,","3092.2","6","713.3","1,6","20.4",",,,6","102",",,,6","-9.03","2,6","-4.55","1,,,6","-13.51","1,,,6"
"USC00132977","1903-03","43.2844","-93.6305","390.1","FOREST CITY 2 NNE, IA US","0.0","6","0.0",",6","4",",6","3",",6","0",",6","","","0",",6","0",",6","26",",6","8",",6","0",",6","0",",6","","","19030301",",,6","","","19030320",",,6","","","19030316",",,6","19030318",",,6","-13.9",",6,01,","","","0",",T,6,20,","9.1",",,6,16,","20.6",",6,18,","3636.8","6","544.6",",6","18.5",",,,6","0",",T,,6","0.77",",6","4.51",",,,6","-2.98",",,,6"
"USC00132977","1903-04","43.2844","-93.6305","390.1","FOREST CITY 2 NNE, IA US","0.0","6","0.0","4,6","10",",6","7",",6","1",",6","","","0",",6","0","2,6","11","2,6","0","2,6","1","2,6","0","2,6","","","19030404",",2,6","","","19030430",",,6","","","19030429",",,6","19030411",",2,6","-5.0","2,6,04,","","","0",",T,6,30,","38.6",",,6,29,","22.8","2,6,11,","3913.1","6","276.3","2,6","84.5",",,,6","0",",T,,6","7.44","4,6","12.92","2,,,6","1.97","2,,,6"
"USC00132977","1903-05","43.2844","-93.6305","390.1","FOREST CITY 2 NNE, IA US","18.6","6","18.6","2,6","15",",6","11",",6","3",",6","","","","","0","1,6","2","1,6","0","1,6","20","1,6","0","1,6","","","19030501",",1,6","","","","","","","19030525",",,6","19030523","+,1,6","-1.1","1,6,01,","","","","","92.7",",,6,25,","27.8","1,6,23,+","3997.5","6","84.4","1,6","258.4",",,,6","","","15.68","2,6","20.91","1,,,6","10.44","1,,,6"
"USC00132977","1903-06","43.2844","-93.6305","390.1","FOREST CITY 2 NNE, IA US","55.3","6","36.7",",6","7",",6","7",",6","0",",6","","","","","0",",6","0",",6","0",",6","21",",6","0",",6","","","19030612",",,6","","","","","","","19030630",",,6","19030630","+,,6","3.3",",6,12,","","","","","17.3",",,6,30,","29.4",",6,30,+","4056.9","6","59.4",",6","43.0",",,,6","","","17.58",",6","23.59",",,,6","11.56",",,,6"
"USC00132977","1903-07","43.2844","-93.6305","390.1","FOREST CITY 2 NNE, IA US","167.5","6","112.2",",6","9",",6","8",",6","1",",6","","","","","0",",6","0",",6","0",",6","30",",6","2",",6","","","19030731",",,6","","","","","","","19030717",",,6","19030728","+,,6","7.2",",6,31,","","","","","25.4",",,6,17,","32.8",",6,28,+","4.7","6","4.7",",6","96.2",",,,6","","","21.80",",6","28.11",",,,6","15.50",",,,6"
"USC00132977","1903-08","43.2844","-93.6305","390.1","FOREST CITY 2 NNE, IA US","223.2","6","55.7",",6","8",",6","8",",6","1",",6","","","","","0",",6","0",",6","0",",6","27",",6","1",",6","","","19030807",",,6","","","","","","","19030827",",,6","19030804",",,6","8.3",",6,07,","","","","","30.5",",,6,27,","32.2",",6,04,","29.8","6","25.1",",6","111.2",",,,6","","","19.32",",6","25.45",",,,6","13.19",",,,6"
"USC00132977","1903-09","43.2844","-93.6305","390.1","FOREST CITY 2 NNE, IA US","237.2","6","14.0",",6","8",",6","7",",6","1",",6","","","","","0",",6","2",",6","0",",6","15",",6","0",",6","","","19030928",",,6","","","","","","","19030914",",,6","19030925",",,6","-0.6",",6,28,","","","","","50.8",",,6,14,","28.9",",6,25,","178.6","6","148.8",",6","93.1",",,,6","","","13.84",",6","20.44",",,,6","7.23",",,,6"
"USC00132977","1903-10","43.2844","-93.6305","390.1","FOREST CITY 2 NNE, IA US","237.2","6","0.0","2,6","6",",6","5",",6","0",",6","","","","","0","1,6","9","1,6","0","1,6","4","1,6","0","1,6","","","19031027","+,1,6","","","","","","","19031007",",,6","19031019","+,1,6","-2.8","1,6,27,+","","","","","19.8",",,6,07,","26.7","1,6,19,+","426.3","6","247.7","1,6","44.7",",,,6","","","9.97","2,6","17.49","1,,,6","2.44","1,,,6"
"USC00132977","1903-11","43.2844","-93.6305","390.1","FOREST CITY 2 NNE, IA US","237.2","6","0.0",",6","0",",6","0",",6","0",",6","","","0",",6","1",",6","24",",6","8",",6","2",",6","0",",6","","","19031125",",,6","","","19031116","+,,6","","","19031116","+,,6","19031102",",,6","-17.8",",6,25,","","","0",",T,6,16,+","0.0",",T,6,16,+","22.8",",6,02,","995.9","6","569.6",",6","0.0",",T,,6","0",",T,,6","-0.66",",6","4.69",",,,6","-6.00",",,,6"
"USC00132977","1903-12","43.2844","-93.6305","390.1","FOREST CITY 2 NNE, IA US","237.2","6","0.0","3,6","5",",6","4",",6","0",",6","","","4",",6","8","1,6","30","1,6","22","2,6","0","2,6","0","2,6","","","19031213",",1,6","","","19031229",",,6","","","19031229",",,6","19031206",",2,6","-32.2","1,6,13,","","","76",",,6,29,","7.6",",,6,29,","9.4","2,6,06,","1785.6","6","789.7","2,6","16.4",",,,6","164",",,,6","-9.83","3,6","-3.63","2,,,6","-16.03","1,,,6"
"USC00132977","1904-01","43.2844","-93.6305","390.1","FOREST CITY 2 NNE, IA US","0.0","6","0.0","5,6","3",",6","3",",6","0",",6","","","3",",6","10","3,6","28","3,6","25","3,6","0","3,6","0","3,6","","","19040124",",3,6","","","19040121",",,6","","","19040121",",,6","19040107",",3,6","-33.9","3,6,24,","","","51",",,6,21,","5.1",",,6,21,","4.4","3,6,07,","2581.6","6","796.0","3,6","10.1",",,,6","101",",,,6","-12.47","5,6","-6.81","3,,,6","-18.13","3,,,6"
"USC00132977","1904-02","43.2844","-93.6305","390.1","FOREST CITY 2 NNE, IA US","0.0","6","0.0","3,6","2",",6","2",",6","0",",6","","","2",",6","19","1,6","28","1,6","22","2,6","0","2,6","0","2,6","","","19040201",",1,6","","","19040217",",,6","","","19040217",",,6","19040228","+,2,6","-28.3","1,6,01,","","","127",",,6,17,","12.7",",,6,17,","4.4","2,6,28,+","3425.7","6","844.1","2,6","17.8",",,,6","178",",,,6","-13.67","3,6","-7.63","2,,,6","-19.71","1,,,6"
"USC00132977","1904-03","43.2844","-93.6305","390.1","FOREST CITY 2 NNE, IA US","0.0","6","0.0","4,6","6",",6","6",",6","0",",6","","","1",",6","1","2,6","27","2,6","4","2,6","0","2,6","0","2,6","","","19040303",",2,6","","","19040314",",,6","","","19040331",",,6","19040323",",2,6","-18.3","2,6,03,","","","25",",,6,14,","12.2",",,6,31,","15.0","2,6,23,","3931.0","6","505.3","2,6","33.7",",,,6","25",",,,6","-0.36","4,6","4.54","2,,,6","-5.25","2,,,6"
"USC00132977","1904-04","43.2844","-93.6305","390.1","FOREST CITY 2 NNE, IA US","0.0","6","0.0","1,6","4",",6","4",",6","0",",6","","","1",",6","0",",6","21",",6","0","1,6","3","1,6","0","1,6","","","19040416","+,,6","","","19040409",",,6","","","19040409",",,6","19040430",",1,6","-6.1",",6,16,+","","","25",",,6,09,","17.3",",,6,09,","25.6","1,6,30,","4307.0","6","376.0","1,6","59.7",",,,6","25",",,,6","5.43","1,6","11.44","1,,,6","-0.57",",,,6"
"USC00132977","1904-05","43.2844","-93.6305","390.1","FOREST CITY 2 NNE, IA US","11.2","6","11.2",",6","5",",6","3",",6","2",",6","","","","","0",",6","1",",6","0",",6","18",",6","0",",6","","","19040510",",,6","","","","","","","19040525",",,6","19040522",",,6","0.0",",6,10,","","","","","30.7",",,6,25,","31.7",",6,22,","4436.2","6","129.2",",6","61.9",",,,6","","","14.53",",6","21.54",",,,6","7.51",",,,6"
"USC00132977","1904-06","43.2844","-93.6305","390.1","FOREST CITY 2 NNE, IA US","43.3","6","32.1",",6","10",",6","8",",6","1",",6","","","","","0",",6","0",",6","0",",6","27",",6","0",",6","","","19040607",",,6","","","","","","","19040602",",,6","19040623",",,6","6.1",",6,07,","","","","","35.6",",,6,02,","29.4",",6,23,","4461.2","6","25.0",",6","103.9",",,,6","","","18.57",",6","25.02",",,,6","12.12",",,,6"
"USC00132977","1904-07","43.2844","-93.6305","390.1","FOREST CITY 2 NNE, IA US","118.4","6","75.1",",6","11",",6","10",",6","2",",6","","","","","0",",6","0",",6","0",",6","31",",6","2",",6","","","19040702","+,,6","","","","","","","19040714",",,6","19040716",",,6","8.9",",6,02,+","","","","","33.8",",,6,14,","32.8",",6,16,","3.1","6","3.1",",6","120.9",",,,6","","","20.66",",6","27.12",",,,6","14.19",",,,6"
"USC00132977","1904-08","43.2844","-93.6305","390.1","FOREST CITY 2 NNE, IA US","159.0","6","40.6",",6","8",",6","6",",6","0",",6","","","","","0",",6","0",",6","0",",6","30",",6","0",",6","","","19040808",",,6","","","","","","","19040803",",,6","19040812",",,6","6.1",",6,08,","","","","","21.8",",,6,03,","31.7",",6,12,","25.6","6","22.5",",6","75.5",",,,6","","","18.92",",6","25.85",",,,6","11.99",",,,6"
"USC00132977","1904-09","43.2844","-93.6305","390.1","FOREST CITY 2 NNE, IA US","174.6","6","15.6","2,6","7",",6","6",",6","0",",6","","","","","0","1,6","0","1,6","0","1,6","19","1,6","1","1,6","","","19040915",",1,6","","","","","","","19040929",",,6","19040928",",1,6","1.1","1,6,15,","","","","","11.2",",,6,29,","32.2","1,6,28,","103.1","6","77.5","1,6","45.0",",,,6","","","16.08","2,6","23.02","1,,,6","9.14","1,,,6"
"USC00132977","1904-10","43.2844","-93.6305","390.1","FOREST CITY 2 NNE, IA US","175.7","6","1.1","2,6","6",",6","6",",6","0",",6","","","","","0","1,6","7","1,6","0","1,6","8","1,6","0","1,6","","","19041027","+,1,6","","","","","","","19041019",",,6","19041003",",1,6","-4.4","1,6,27,+","","","","","12.2",",,6,19,","31.1","1,6,03,","335.9","6","232.8","1,6","48.0",",,,6","","","10.49","2,6","16.81","1,,,6","4.17","1,,,6"
"USC00132977","1904-11","43.2844","-93.6305","390.1","FOREST CITY 2 NNE, IA US","175.7","6","0.0",",6","1",",6","1",",6","0",",6","","","0",",6","0",",6","23",",6","3",",6","4",",6","0",",6","","","19041130",",,6","","","19041110",",,6","","","19041110",",,6","19041103",",,6","-13.3",",6,30,","","","0",",T,6,10,","5.6",",,6,10,","21.7",",6,03,","778.7","6","442.8",",6","5.6",",,,6","0",",T,,6","3.57",",6","10.24",",,,6","-3.09",",,,6"
"USC00132977","1904-12","43.2844","-93.6305","390.1","FOREST CITY 2 NNE, IA US","175.7","6","0.0","2,6","3",",6","3",",6","0",",6","","","3",",6","8","1,6","30","1,6","21","1,6","0","1,6","0","1,6","","","19041228",",1,6","","","19041217",",,6","","","19041217",",,6","19041208",",1,6","-23.3","1,6,28,","","","102",",,6,17,","10.2",",,6,17,","8.3","1,6,08,","1528.9","6","750.2","1,6","17.8",",,,6","178",",,,6","-7.61","2,6","-1.46","1,,,6","-13.76","1,,,6"
"USC00132977","1905-01","43.2844","-93.6305","390.1","FOREST CITY 2 NNE, IA US","0.0","6","0.0","2,6","4",",6","4",",6","0",",6","","","4",",6","19","1,6","30","1,6","27","1,6","0","1,6","0","1,6","","","19050125",",1,6","","","19050111",",,6","","","19050111",",,6","19050101",",1,6","-28.3","1,6,25,","","","102",",,6,11,","10.2",",,6,11,","4.4","1,6,01,","2467.0","6","938.1","1,6","20.3",",,,6","203",",,,6","-14.10","2,6","-8.73","1,,,6","-19.46","1,,,6"
"USC00132977","1905-02","43.2844","-93.6305","390.1","FOREST CITY 2 NNE, IA US","0.0","6","0.0","2,6","5",",6","5",",6","0",",6","","","4",",6","16","1,6","27","1,6","20","1,6","0","1,6","0","1,6","","","19050213",",1,6","","","19050227","+,,6","","","19050227","+,,6","19050225","+,1,6","-35.0","1,6,13,","","","152",",,6,27,+","15.2",",,6,27,+","7.8","1,6,25,+","3281.0","6","814.0","1,6","49.4",",,,6","469",",,,6","-13.16","2,6","-6.47","1,,,6","-19.86","1,,,6"
"USC00132977","1905-03","43.2844","-93.6305","390.1","FOREST CITY 2 NNE, IA US","0.0","6","0.0","2,6","6",",6","6",",6","0",",6","","","2",",6","0","1,6","20","1,6","7","1,6","1","1,6","0","1,6","","","19050311",",1,6","","","19050314",",,6","","","19050314",",,6","19050331",",1,6","-16.1","1,6,11,","","","152",",,6,14,","15.2",",,6,14,","23.3","1,6,31,","3738.7","6","457.7","1,6","49.9",",,,6","177",",,,6","2.53","2,6","7.57","1,,,6","-2.51","1,,,6"
"USC00132977","1905-04","43.2844","-93.6305","390.1","FOREST CITY 2 NNE, IA US","0.0","6","0.0",",6","6",",6","5",",6","0",",6","","","0",",6","0",",6","16",",6","0",",6","3",",6","0",",6","","","19050414",",,6","","","19050430","+,,6","","","19050403",",,6","19050408",",,6","-9.4",",6,14,","","","0",",,6,30,+","15.2",",,6,03,","25.6",",6,08,","4081.1","6","342.4",",6","43.6",",,,6","0",",,,6","6.92",",6","13.21",",,,6","0.63",",,,6"
"USC00132977","1905-05","43.2844","-93.6305","390.1","FOREST CITY 2 NNE, IA US","0.0","6","0.0",",6","14",",6","12",",6","3",",6","","","0",",6","0",",6","0",",6","0",",6","15",",6","0",",6","","","19050526","+,,6","","","19050531","+,,6","","","19050514",",,6","19050503",",,6","1.1",",6,26,+","","","0",",,6,31,+","56.1",",,6,14,","26.7",",6,03,","4239.4","6","158.3",",6","200.5",",,,6","0",",,,6","13.23",",6","19.54",",,,6","6.91",",,,6"
"USC00132977","1905-06","43.2844","-93.6305","390.1","FOREST CITY 2 NNE, IA US","60.6","6","60.6",",6","9",",6","6",",6","0",",6","","","","","0",",6","0",",6","0",",6","26",",6","1",",6","","","19050622",",,6","","","","","","","19050610",",,6","19050604",",,6","6.1",",6,22,","","","","","14.7",",,6,10,","32.8",",6,04,","4262.2","6","22.8",",6","45.6",",,,6","","","19.59",",6","25.89",",,,6","13.29",",,,6"
"USC00132977","1905-07","43.2844","-93.6305","390.1","FOREST CITY 2 NNE, IA US","150.1","6","89.5",",6","7",",6","4",",6","2",",6","","","","","0",",6","0",",6","0",",6","30",",6","6",",6","","","19050724",",,6","","","","","","","19050703",",,6","19050716",",,6","9.4",",6,24,","","","","","33.0",",,6,03,","35.6",",6,16,","2.8","6","2.8",",6","83.7",",,,6","","","21.13",",6","27.36",",,,6","14.89",",,,6"
"USC00132977","1905-08","43.2844","-93.6305","390.1","FOREST CITY 2 NNE, IA US","294.5","6","144.4",",6","8",",6","6",",6","0",",6","","","0",",6","0",",6","0",",6","0",",6","31",",6","10",",6","","","19050826",",,6","","","19050831","+,,6","","","19050814",",,6","19050811",",,6","11.1",",6,26,","","","0",",,6,31,+","22.1",",,6,14,","36.1",",6,11,","2.8","6","0.0",",6","61.5",",,,6","0",",,,6","22.99",",6","29.82",",,,6","16.16",",,,6"
"USC00132977","1905-09","43.2844","-93.6305","390.1","FOREST CITY 2 NNE, IA US","318.1","6","23.6","1,6","7",",6","7",",6","0",",6","","","","","0",",6","0",",6","0","1,6","24","1,6","0","1,6","","","19050923",",,6","","","","","","","19050919","+,,6","19050928","+,1,6","5.6",",6,23,","","","","","11.4",",,6,19,+","31.1","1,6,28,+","51.5","6","48.7","1,6","50.2",",,,6","","","17.54","1,6","24.46","1,,,6","10.63",",,,6"
"USC00132977","1905-10","43.2844","-93.6305","390.1","FOREST CITY 2 NNE, IA US","325.6","6","7.5",",6","7",",6","7",",6","2",",6","","","0",",6","0",",6","16",",6","0",",6","9",",6","1",",6","","","19051028",",,6","","","19051029","+,,6","","","19051009",",,6","19051004",",,6","-6.7",",6,28,","","","0",",T,6,29,+","29.2",",,6,09,","33.3",",6,04,","379.1","6","327.6",",6","97.5",",,,6","0",",T,,6","8.01",",6","13.97",",,,6","2.05",",,,6"
"USC00132977","1905-11","43.2844","-93.6305","390.1","FOREST CITY 2 NNE, IA US","325.6","6","0.0","2,6","4",",6","4",",6","1",",6","","","0",",6","1","1,6","26","1,6","1","1,6","0","1,6","0","1,6","","","19051130",",1,6","","","19051130",",,6","","","19051106",",,6","19051111",",1,6","-20.0","1,6,30,","","","0",",T,6,30,","25.4",",,6,06,","17.8","1,6,11,","818.5","6","439.4","1,6","74.4",",,,6","0",",T,,6","2.31","2,6","8.43","1,,,6","-3.81","1,,,6"
"USC00132977","1905-12","43.2844","-93.6305","390.1","FOREST CITY 2 NNE, IA US","325.6","6","0.0","4,6","3",",6","3",",6","0",",6","","","3",",6","2","2,6","29","2,6","12","2,6","0","2,6","0","2,6","","","19051204",",2,6","","","19051222","+,,6","","","19051222","+,,6","19051206",",2,6","-21.7","2,6,04,","","","25",",,6,22,+","2.5",",,6,22,+","8.9","2,6,06,","1416.7","6","598.2","2,6","7.5",",,,6","75",",,,6","-3.89","4,6","1.56","2,,,6","-9.34","2,,,6"
"USC00132977","1906-01","43.2844","-93.6305","390.1","FOREST CITY 2 NNE, IA US","","","","","2",",6","2",",6","0",",6","","","2",",6","4","4,6","27","4,6","14","4,6","0","4,6","0","4,6","","","19060108",",4,6","","","19060103",",,6","","","19060103",",,6","19060129",",4,6","-25.6","4,6,08,","","","152",",,6,03,","15.2",",,6,03,","8.9","4,6,29,","","","","","22.8",",,,6","228",",,,6","-6.11","8,6","-0.35","4,,,6","-11.87","4,,,6"
"USC00132977","1906-02","43.2844","-93.6305","390.1","FOREST CITY 2 NNE, IA US","","","0.0","3,6","4",",6","3",",6","0",",6","","","2",",6","11","2,6","25","2,6","13","2,6","0","2,6","0","2,6","","","19060210",",2,6","","","19060214",",,6","","","19060213",",,6","19060222",",2,6","-26.1","2,6,10,","","","76",",,6,14,","22.9",",,6,13,","11.7","2,6,22,","","","636.1","2,6","29.2",",,,6","114",",,,6","-7.08","3,6","-0.77","2,,,6","-13.40","2,,,6"
"USC00132977","1906-03","43.2844","-93.6305","390.1","FOREST CITY 2 NNE, IA US","","","0.0","3,6","7",",6","6",",6","1",",6","","","1",",6","3","2,6","29","2,6","12","2,6","0","2,6","0","2,6","","","19060316",",2,6","","","19060304",",,6","","","19060326",",,6","19060330",",2,6","-18.3","2,6,16,","","","51",",,6,04,","48.3",",,6,26,","11.1","2,6,30,","","","634.3","2,6","77.8",",,,6","64",",,,6","-4.47","3,6","0.39","2,,,6","-9.32","2,,,6"
"USC00132977","1906-04","43.2844","-93.6305","390.1","FOREST CITY 2 NNE, IA US","","","0.0","2,6","7",",6","4",",6","0",",6","","","1",",6","0","1,6","7","1,6","0","1,6","7","1,6","0","1,6","","","19060401",",1,6","","","19060405",",,6","","","19060413",",,6","19060424",",1,6","-2.2","1,6,01,","","","25",",,6,05,","21.6",",,6,13,","28.9","1,6,24,","","","236.5","1,6","40.3",",,,6","25",",,,6","9.91","2,6","17.08","1,,,6","2.74","1,,,6"
"USC00132977","1906-05","43.2844","-93.6305","390.1","FOREST CITY 2 NNE, IA US","","","20.4","2,6","13",",6","12",",6","1",",6","","","","","0","1,6","3","1,6","0","1,6","17","1,6","0","1,6","","","19060507",",1,6","","","","","","","19060501",",,6","19060511",",1,6","-2.8","1,6,07,","","","","","28.4",",,6,01,","31.1","1,6,11,","","","123.8","1,6","131.2",",,,6","","","14.60","2,6","21.24","1,,,6","7.95","1,,,6"
"USC00132977","1906-06","43.2844","-93.6305","390.1","FOREST CITY 2 NNE, IA US","","","55.3",",6","8",",6","6",",6","1",",6","","","0",",6","0",",6","0",",6","0",",6","26",",6","2",",6","","","19060612",",,6","","","19060630","+,,6","","","19060619",",,6","19060616",",,6","5.0",",6,12,","","","0",",,6,30,+","67.3",",,6,19,","32.8",",6,16,","","","31.4",",6","91.9",",,,6","0",",,,6","19.13",",6","25.42",",,,6","12.84",",,,6"
"USC00132977","1906-07","43.2844","-93.6305","390.1","FOREST CITY 2 NNE, IA US","","","90.2",",6","5",",6","5",",6","1",",6","","","","","0",",6","0",",6","0",",6","31",",6","3",",6","","","19060716",",,6","","","","","","","19060719",",,6","19060711",",,6","8.3",",6,16,","","","","","28.2",",,6,19,","34.4",",6,11,","3.9","6","3.9",",6","55.7",",,,6","","","21.12",",6","27.88",",,,6","14.35",",,,6"
"USC00132977","1906-08","43.2844","-93.6305","390.1","FOREST CITY 2 NNE, IA US","","","138.9",",6","8",",6","8",",6","2",",6","","","0",",6","0",",6","0",",6","0",",6","31",",6","4",",6","1","","19060830",",,6","","","19060831","+,,6","","","19060804",",,6","19060816",",,6","4.4",",6,30,","","","0",",,6,31,+","91.4",",,6,04,","36.7",",6,16,","11.4","6","7.5",",6","161.5",",,,6","0",",,,6","22.57",",6","28.78",",,,6","16.36",",,,6"
"USC00132977","1906-09","43.2844","-93.6305","390.1","FOREST CITY 2 NNE, IA US","","","60.4",",6","10",",6","8",",6","2",",6","","","","","0",",6","0",",6","0",",6","26",",6","3",",6","","","19060930",",,6","","","","","","","19060916",",,6","19060908",",,6","3.3",",6,30,","","","","","67.8",",,6,16,","33.9",",6,08,","42.6","6","31.2",",6","180.7",",,,6","","","19.31",",6","25.90",",,,6","12.71",",,,6"
"USC00132977","1906-10","43.2844","-93.6305","390.1","FOREST CITY 2 NNE, IA US","","","0.0","2,6","5",",6","4",",6","1",",6","","","","","0","1,6","11","1,6","0","1,6","8","1,6","0","1,6","","","19061031","+,1,6","","","","","","","19061024",",,6","19061014","+,1,6","-5.6","1,6,31,+","","","","","25.4",",,6,24,","25.6","1,6,14,+","306.4","6","263.8","1,6","61.2",",,,6","","","9.19","2,6","15.46","1,,,6","2.92","1,,,6"
"USC00132977","1906-11","43.2844","-93.6305","390.1","FOREST CITY 2 NNE, IA US","","","0.0","2,6","9",",6","5",",6","0",",6","","","0",",6","0","1,6","24","1,6","8","1,6","0","1,6","0","1,6","","","19061122",",1,6","","","19061114",",,6","","","19061126",",,6","19061106",",1,6","-12.2","1,6,22,","","","13",",,6,14,","7.6",",,6,26,","20.6","1,6,06,","805.6","6","499.2","1,6","28.1",",,,6","13",",,,6","0.49","2,6","4.54","1,,,6","-3.57","1,,,6"
"USC00132977","1906-12","43.2844","-93.6305","390.1","FOREST CITY 2 NNE, IA US","","","","","6",",6","2",",6","0",",6","","","0",",6","4","3,6","28","3,6","15","3,6","0","3,6","0","3,6","","","19061218",",3,6","","","19061231","+,,6","","","19061230",",,6","19061202",",3,6","-20.6","3,6,18,","","","13",",,6,31,+","5.1",",,6,30,","7.8","3,6,02,","","","","","12.8",",,,6","26",",,,6","-6.38","6,6","-0.90","3,,,6","-11.86","3,,,6"
"USC00132977","1907-01","43.2844","-93.6305","390.1","FOREST CITY 2 NNE, IA US","","","","","5",",6","4",",6","0",",6","","","3",",6","15","3,6","28","3,6","23","4,6","0","4,6","0","4,6","","","19070130",",3,6","","","19070129",",,6","","","19070129",",,6","19070104",",4,6","-30.0","3,6,30,","","","127",",,6,29,","12.7",",,6,29,","4.4","4,6,04,","","","","","24.1",",,,6","190",",,,6","-10.93","7,6","-5.08","4,,,6","-16.79","3,,,6"
"USC00132977","1907-02","43.2844","-93.6305","390.1","FOREST CITY 2 NNE, IA US","","","0.0","4,6","2",",6","2",",6","1",",6","","","1",",6","9","2,6","25","2,6","11","2,6","0","2,6","0","2,6","","","19070205",",2,6","","","19070207",",,6","","","19070228",",,6","19070217",",2,6","-29.4","2,6,05,","","","76",",,6,07,","25.4",",,6,28,","11.7","2,6,17,","","","578.3","2,6","33.0",",,,6","76",",,,6","-6.27","4,6","-0.43","2,,,6","-12.11","2,,,6"
"USC00132977","1907-03","43.2844","-93.6305","390.1","FOREST CITY 2 NNE, IA US","","","0.0","4,6","4",",6","3",",6","0",",6","","","","","0","2,6","22","2,6","7","2,6","3","2,6","0","2,6","","","19070302",",2,6","","","","","","","19070329",",,6","19070326",",2,6","-16.1","2,6,02,","","","","","23.9",",,6,29,","28.9","2,6,26,","","","446.9","2,6","35.4",",,,6","","","1.72","4,6","7.67","2,,,6","-4.23","2,,,6"
"USC00132977","1907-04","43.2844","-93.6305","390.1","FOREST CITY 2 NNE, IA US","","","0.0",",6","5","1,6","3","1,6","0","1,6","","","0",",6","0",",6","26",",6","0",",6","0",",6","0",",6","","","19070417","+,,6","","","19070415","+,,6","","","19070424",",1,6","19070422",",,6","-8.3",",6,17,+","","","0",",T,6,15,+","6.6","1,,6,24,","20.6",",6,22,","","","450.4",",6","18.4","1,,,6","0",",T,,6","3.32",",6","9.29",",,,6","-2.65",",,,6"
"USC00132977","1907-05","43.2844","-93.6305","390.1","FOREST CITY 2 NNE, IA US","","","0.0","4,6","6",",6","4",",6","0",",6","","","1",",6","0","2,6","13","2,6","0","2,6","8","2,6","0","2,6","","","19070504",",2,6","","","19070515",",,6","","","19070525",",,6","19070512",",2,6","-5.6","2,6,04,","","","25",",,6,15,","8.4",",,6,25,","31.1","2,6,12,","","","244.9","2,6","26.4",",,,6","45",",,,6","9.67","4,6","16.96","2,,,6","2.38","2,,,6"
"USC00132977","1907-06","43.2844","-93.6305","390.1","FOREST CITY 2 NNE, IA US","","","47.2",",6","15",",6","12",",6","3",",6","","","","","0",",6","0",",6","0",",6","23",",6","2",",6","","","19070605",",,6","","","","","","","19070610",",,6","19070624","+,,6","6.1",",6,05,","","","","","76.2",",,6,10,","32.2",",6,24,+","","","45.8",",6","216.6",",,,6","","","18.38",",6","24.23",",,,6","12.53",",,,6"
"USC00132977","1907-07","43.2844","-93.6305","390.1","FOREST CITY 2 NNE, IA US","","","114.8",",6","16",",6","12",",6","4",",6","","","","","0",",6","0",",6","0",",6","31",",6","3",",6","","","19070702",",,6","","","","","","","19070714",",,6","19070705","+,,6","12.2",",6,02,","","","","","38.1",",,6,14,","32.2",",6,05,+","0.3","6","0.3",",6","168.7",",,,6","","","22.03",",6","28.00",",,,6","16.05",",,,6"
"USC00132977","1907-09","43.2844","-93.6305","390.1","FOREST CITY 2 NNE, IA US","","","29.5",",6","5",",6","3",",6","1",",6","","","0",",6","0",",6","1",",6","0",",6","19",",6","0",",6","","","19070925",",,6","","","19070930","+,,6","","","19070917",",,6","19070918",",,6","-0.6",",6,25,","","","0",",,6,30,+","34.3",",,6,17,","31.1",",6,18,","","","113.7",",6","44.0",",,,6","0",",,,6","15.53",",6","22.16",",,,6","8.89",",,,6"
"USC00132977","1907-10","43.2844","-93.6305","390.1","FOREST CITY 2 NNE, IA US","","","0.6",",6","3",",6","3",",6","0",",6","","","","","0",",6","12",",6","0",",6","7",",6","0",",6","","","19071028",",,6","","","","","","","19071002",",,6","19071002",",,6","-5.6",",6,28,","","","","","10.2",",,6,02,","27.8",",6,02,","","","298.4",",6","25.5",",,,6","","","8.73",",6","15.82",",,,6","1.63",",,,6"
"USC00132977","1907-11","43.2844","-93.6305","390.1","FOREST CITY 2 NNE, IA US","","","0.0","4,6","4","2,6","3","2,6","0","2,6","","","0",",6","0","2,6","24","2,6","4","2,6","0","2,6","0","2,6","","","19071114",",2,6","","","19071130",",,6","","","19071101",",2,6","19071106",",2,6","-13.9","2,6,14,","","","13",",,6,30,","15.2","2,,6,01,","15.0","2,6,06,","","","446.4","2,6","26.6","2,,,6","13",",,,6","1.32","4,6","6.94","2,,,6","-4.30","2,,,6"
"USC00132977","1907-12","43.2844","-93.6305","390.1","FOREST CITY 2 NNE, IA US","","","","","3",",6","3",",6","0",",6","","","2",",6","0","4,6","26","4,6","13","2,6","0","2,6","0","2,6","","","19071230","+,4,6","","","19071229",",,6","","","19071229",",,6","19071205",",2,6","-16.7","4,6,30,+","","","203",",,6,29,","20.3",",,6,29,","11.7","2,6,05,","","","","","38.5",",,,6","228",",,,6","-3.99","6,6","1.17","2,,,6","-9.14","4,,,6"
"USC00132977","1908-01","43.2844","-93.6305","390.1","FOREST CITY 2 NNE, IA US","0.0","6","0.0","4,6","1",",6","1",",6","0",",6","","","1",",6","8","3,6","28","3,6","16","2,6","0","2,6","0","2,6","","","19080129",",3,6","","","19080131",",,6","","","19080131",",,6","19080120",",2,6","-27.8","3,6,29,","","","51",",,6,31,","5.1",",,6,31,","9.4","2,6,20,","","","682.5","2,6","5.1",",,,6","51",",,,6","-7.04","4,6","-0.73","2,,,6","-13.35","3,,,6"
"USC00132977","1908-02","43.2844","-93.6305","390.1","FOREST CITY 2 NNE, IA US","","","","","3",",6","3",",6","0",",6","","","","","5","3,6","25","3,6","14","4,6","0","4,6","0","4,6","","","19080202",",3,6","","","","","","","19080205",",,6","19080224",",4,6","-25.6","3,6,02,","","","","","7.6",",,6,05,","8.9","4,6,24,","","","","","19.1",",,,6","","","-6.11","7,6","-0.37","4,,,6","-11.85","3,,,6"
"USC00132977","1908-03","43.2844","-93.6305","390.1","FOREST CITY 2 NNE, IA US","","","0.0",",6","6",",6","4",",6","1",",6","","","1",",6","0",",6","31",",6","6",",6","1",",6","0",",6","","","19080308",",,6","","","19080307",",,6","","","19080306",",,6","19080325",",,6","-17.2",",6,08,","","","25",",,6,07,","27.9",",,6,06,","22.2",",6,25,","","","560.0",",6","41.3",",,,6","25",",,,6","0.27",",6","5.66",",,,6","-5.13",",,,6"
"USC00132977","1908-04","43.2844","-93.6305","390.1","FOREST CITY 2 NNE, IA US","","","0.0","3,6","6",",6","5",",6","0",",6","","","","","0","2,6","14","2,6","1","2,6","9","2,6","0","2,6","","","19080402",",2,6","","","","","","","19080418",",,6","19080419",",2,6","-9.4","2,6,02,","","","","","22.9",",,6,18,","27.8","2,6,19,","","","275.0","2,6","61.5",",,,6","","","8.23","3,6","15.09","2,,,6","1.36","2,,,6"
"USC00132977","1908-05","43.2844","-93.6305","390.1","FOREST CITY 2 NNE, IA US","","","11.1",",6","16",",6","14",",6","1",",6","","","","","0",",6","3",",6","0",",6","15",",6","0",",6","","","19080502",",,6","","","","","","","19080513",",,6","19080519","+,,6","-3.9",",6,02,","","","","","25.4",",,6,13,","29.4",",6,19,+","","","148.2",",6","206.0",",,,6","","","13.91",",6","19.78",",,,6","8.04",",,,6"
"USC00132977","1908-06","43.2844","-93.6305","390.1","FOREST CITY 2 NNE, IA US","","","44.2","2,6","12",",6","10",",6","1",",6","","","","","0","1,6","0","1,6","0","1,6","23","1,6","0","1,6","","","19080611",",1,6","","","","","","","19080619",",,6","19080622",",1,6","5.6","1,6,11,","","","","","33.0",",,6,19,","30.6","1,6,22,","","","36.4","1,6","152.9",",,,6","","","18.43","2,6","24.21","1,,,6","12.65","1,,,6"
"USC00132977","1908-07","43.2844","-93.6305","390.1","FOREST CITY 2 NNE, IA US","","","127.0",",6","7",",6","7",",6","3",",6","","","","","0",",6","0",",6","0",",6","30",",6","4",",6","","","19080707",",,6","","","","","","","19080706",",,6","19080711",",,6","8.9",",6,07,","","","","","43.2",",,6,06,","35.0",",6,11,","7.2","6","7.2",",6","129.1",",,,6","","","22.20",",6","28.21",",,,6","16.18",",,,6"
"USC00132977","1908-08","43.2844","-93.6305","390.1","FOREST CITY 2 NNE, IA US","","","72.8",",6","6",",6","6",",6","3",",6","","","","","0",",6","0",",6","0",",6","29",",6","1",",6","","","19080824",",,6","","","","","","","19080815",",,6","19080802",",,6","6.7",",6,24,","","","","","35.6",",,6,15,","32.2",",6,02,","24.1","6","16.9",",6","108.8",",,,6","","","20.13",",6","26.45",",,,6","13.82",",,,6"
"USC00132977","1908-09","43.2844","-93.6305","390.1","FOREST CITY 2 NNE, IA US","","","85.4","2,6","1",",6","1",",6","1",",6","","","0",",6","0","1,6","3","1,6","0","1,6","26","1,6","4","1,6","","","19080929",",1,6","","","19080929",",,6","","","19080927",",,6","19080912","+,1,6","-5.0","1,6,29,","","","0",",T,6,29,","25.4",",,6,27,","32.8","1,6,12,+","74.4","6","50.3","1,6","25.4",",,,6","0",",T,,6","19.36","2,6","27.29","1,,,6","11.43","1,,,6"
"USC00132977","1908-10","43.2844","-93.6305","390.1","FOREST CITY 2 NNE, IA US","","","0.6","2,6","9",",6","7",",6","1",",6","","","0",",6","0","1,6","10","1,6","0","1,6","9","1,6","0","1,6","","","19081031",",1,6","","","19081028",",,6","","","19081022",",,6","19081014",",1,6","-3.9","1,6,31,","","","0",",T,6,28,","57.2",",,6,22,","28.9","1,6,14,","329.2","6","254.8","1,6","127.1",",,,6","0",",T,,6","9.58","2,6","16.30","1,,,6","2.86","1,,,6"
"USC00132977","1908-11","43.2844","-93.6305","390.1","FOREST CITY 2 NNE, IA US","","","0.0","3,6","5",",6","4",",6","1",",6","","","1",",6","0","2,6","23","2,6","5","2,6","0","2,6","0","2,6","","","19081116",",2,6","","","19081114",",,6","","","19081124",",,6","19081120","+,2,6","-13.3","2,6,16,","","","51",",,6,14,","27.9",",,6,24,","16.7","2,6,20,+","763.5","6","434.3","2,6","46.4",",,,6","51",",,,6","2.31","3,6","8.42","2,,,6","-3.81","2,,,6"
"USC00132977","1908-12","43.2844","-93.6305","390.1","FOREST CITY 2 NNE, IA US","","","0.0","2,6","2",",6","2",",6","0",",6","","","1",",6","3","1,6","30","1,6","16","1,6","0","1,6","0","1,6","","","19081207",",1,6","","","19081206",",,6","","","19081217",",,6","19081214",",1,6","-24.4","1,6,07,","","","51",",,6,06,","12.7",",,6,17,","12.2","1,6,14,","1438.9","6","675.4","1,6","17.8",",,,6","51",",,,6","-4.92","2,6","1.01","1,,,6","-10.85","1,,,6"
"USC00132977","1909-01","43.2844","-93.6305","390.1","FOREST CITY 2 NNE, IA US","","","","","8",",6","6",",6","1",",6","","","4",",6","10","5,6","22","5,6","14","5,6","0","5,6","0","5,6","","","19090106",",5,6","","","19090129",",,6","","","19090129",",,6","19090123",",5,6","-31.1","5,6,06,","","","152",",,6,29,","25.4",",,6,29,","10.6","5,6,23,","","","","","57.2",",,,6","279",",,,6","-7.11","8,6","-1.08","5,,,6","-13.15","5,,,6"
"USC00132977","1909-02","43.2844","-93.6305","390.1","FOREST CITY 2 NNE, IA US","","","0.0","4,6","5",",6","4",",6","0",",6","","","4",",6","10","2,6","26","2,6","14","2,6","0","2,6","0","2,6","","","19090201",",2,6","","","19090223",",,6","","","19090223",",,6","19090203",",2,6","-24.4","2,6,01,","","","102",",,6,23,","10.2",",,6,23,","14.4","2,6,03,","","","607.3","2,6","26.7",",,,6","267",",,,6","-7.21","4,6","-0.78","2,,,6","-13.63","2,,,6"
"USC00132977","1909-03","43.2844","-93.6305","390.1","FOREST CITY 2 NNE, IA US","","","0.0",",6","5",",6","4",",6","0",",6","","","4",",6","1",",6","31",",6","10",",6","0",",6","0",",6","","","19090317",",,6","","","19090308",",,6","","","19090308",",,6","19090323",",,6","-21.7",",6,17,","","","152",",,6,08,","15.2",",,6,08,","9.4",",6,23,","","","625.9",",6","39.4",",,,6","394",",,,6","-1.86",",6","2.36",",,,6","-6.08",",,,6"
"USC00132977","1909-04","43.2844","-93.6305","390.1","FOREST CITY 2 NNE, IA US","","","0.0",",6","13",",6","12",",6","0",",6","","","5",",6","0",",6","23",",6","0",",6","1",",6","0",",6","","","19090409",",,6","","","19090428","+,,6","","","19090429",",,6","19090426",",,6","-8.3",",6,09,","","","51",",,6,28,+","21.6",",,6,29,","22.2",",6,26,","","","433.6",",6","90.7",",,,6","190",",,,6","3.88",",6","9.46",",,,6","-1.70",",,,6"
"USC00132977","1909-05","43.2844","-93.6305","390.1","FOREST CITY 2 NNE, IA US","","","3.3",",6","11",",6","11",",6","1",",6","","","1",",6","0",",6","5",",6","0",",6","15",",6","1",",6","","","19090501",",,6","","","19090501",",,6","","","19090515",",,6","19090505",",,6","-4.4",",6,01,","","","25",",,6,01,","27.2",",,6,15,","33.9",",6,05,","","","164.9",",6","119.3",",,,6","25",",,,6","13.12",",6","19.55",",,,6","6.70",",,,6"
"USC00132977","1909-06","43.2844","-93.6305","390.1","FOREST CITY 2 NNE, IA US","","","60.2","2,6","12",",6","11",",6","1",",6","","","0",",6","0","1,6","0","1,6","0","1,6","24","1,6","1","1,6","","","19090614",",1,6","","","19090630","+,,6","","","19090604",",,6","19090630",",1,6","7.2","1,6,14,","","","0",",,6,30,+","45.7",",,6,04,","32.2","1,6,30,","","","24.2","1,6","146.9",",,,6","0",",,,6","19.65","2,6","25.86","1,,,6","13.44","1,,,6"
"USC00132977","1909-07","43.2844","-93.6305","390.1","FOREST CITY 2 NNE, IA US","","","105.7",",6","5",",6","4",",6","1",",6","","","0",",6","0",",6","0",",6","0",",6","28",",6","3",",6","","","19090705",",,6","","","19090731","+,,6","","","19090710",",,6","19090702",",,6","11.1",",6,05,","","","0",",,6,31,+","35.6",",,6,10,","34.4",",6,02,","11.9","6","11.9",",6","79.6",",,,6","0",",,,6","21.36",",6","27.05",",,,6","15.66",",,,6"
"USC00132977","1909-08","43.2844","-93.6305","390.1","FOREST CITY 2 NNE, IA US","","","173.8",",6","6",",6","6",",6","1",",6","","","0",",6","0",",6","0",",6","0",",6","31",",6","12",",6","","","19090829",",,6","","","19090831","+,,6","","","19090814",",,6","19090826","+,,6","6.1",",6,29,","","","0",",,6,31,+","32.5",",,6,14,","34.4",",6,26,+","15.8","6","3.9",",6","71.5",",,,6","0",",,,6","23.81",",6","30.55",",,,6","17.08",",,,6"
"USC00132977","1909-09","43.2844","-93.6305","390.1","FOREST CITY 2 NNE, IA US","","","21.7",",6","5",",6","3",",6","1",",6","","","0",",6","0",",6","0",",6","0",",6","18",",6","0",",6","","","19090924",",,6","","","19090930","+,,6","","","19090912",",,6","19090910",",,6","3.3",",6,24,","","","0",",,6,30,+","52.6",",,6,12,","31.1",",6,10,","107.0","6","91.2",",6","91.5",",,,6","0",",,,6","16.01",",6","22.43",",,,6","9.59",",,,6"
"USC00132977","1909-10","43.2844","-93.6305","390.1","FOREST CITY 2 NNE, IA US","","","0.8","3,6","2",",6","2",",6","0",",6","","","0",",6","0","2,6","14","2,6","0","2,6","9","2,6","0","2,6","","","19091028",",2,6","","","19091012",",,6","","","19091010",",,6","19091004",",2,6","-7.8","2,6,28,","","","0",",T,6,12,","10.2",",,6,10,","29.4","2,6,04,","389.3","6","282.3","2,6","19.1",",,,6","0",",T,,6","8.34","3,6","15.09","2,,,6","1.59","2,,,6"
"USC00132977","1909-11","43.2844","-93.6305","390.1","FOREST CITY 2 NNE, IA US","","","0.0","4,6","9",",6","8",",6","4",",6","","","3",",6","0","2,6","20","2,6","6","2,6","2","2,6","0","2,6","","","19091118",",2,6","","","19091122",",,6","","","19091114",",,6","19091104",",2,6","-16.1","2,6,18,","","","165",",,6,22,","48.3",",,6,14,","22.8","2,6,04,","790.4","6","401.1","2,6","183.1",",,,6","393",",,,6","3.02","4,6","8.94","2,,,6","-2.90","2,,,6"
"USC00132977","1909-12","43.2844","-93.6305","390.1","FOREST CITY 2 NNE, IA US","","","","","6",",6","5",",6","0",",6","","","4",",6","15","5,6","25","5,6","23","5,6","0","5,6","0","5,6","","","19091230","+,5,6","","","19091224",",,6","","","19091224",",,6","19091202","+,5,6","-26.1","5,6,30,+","","","127",",,6,24,","12.7",",,6,24,","7.2","5,6,02,+","","","","","35.6",",,,6","305",",,,6","-11.69","8,6","-6.77","5,,,6","-16.62","5,,,6"
"USC00132977","1910-01","43.2844","-93.6305","390.1","FOREST CITY 2 NNE, IA US","","","","","4",",6","4",",6","0",",6","","","4",",6","12","3,6","28","3,6","24","3,6","0","3,6","0","3,6","","","19100109",",3,6","","","19100113",",,6","","","19100113",",,6","19100119",",3,6","-30.6","3,6,09,","","","203",",,6,13,","20.3",",,6,13,","3.9","3,6,19,","","","","","60.9",",,,6","609",",,,6","-11.38","6,6","-5.25","3,,,6","-17.50","3,,,6"
"USC00132977","1910-02","43.2844","-93.6305","390.1","FOREST CITY 2 NNE, IA US","","","0.0","2,6","2",",6","2",",6","0",",6","","","2",",6","15","1,6","27","1,6","21","1,6","0","1,6","0","1,6","","","19100210",",1,6","","","19100220",",,6","","","19100220",",,6","19100201",",1,6","-27.2","1,6,10,","","","51",",,6,20,","5.1",",,6,20,","4.4","1,6,01,","","","779.2","1,6","7.6",",,,6","76",",,,6","-11.64","2,6","-4.89","1,,,6","-18.39","1,,,6"
"USC00132977","1910-03","43.2844","-93.6305","390.1","FOREST CITY 2 NNE, IA US","","","0.0",",6","3",",6","1",",6","0",",6","","","0",",6","0",",6","16",",6","0",",6","11",",6","0",",6","","","19100301",",,6","","","19100331","+,,6","","","19100330",",,6","19100323",",,6","-6.7",",6,01,","","","0",",,6,31,+","3.0",",,6,30,","28.9",",6,23,","","","330.2",",6","6.1",",,,6","0",",,,6","7.68",",6","14.85",",,,6","0.51",",,,6"
"USC00132977","1910-04","43.2844","-93.6305","390.1","FOREST CITY 2 NNE, IA US","","","8.6","2,6","1",",6","1",",6","0",",6","","","1",",6","0","1,6","10","1,6","1","1,6","17","1,6","2","1,6","","","19100417",",1,6","","","19100417",",,6","","","19100417",",,6","19100428",",1,6","-7.2","1,6,17,","","","25",",,6,17,","3.8",",,6,17,","34.4","1,6,28,","","","210.7","1,6","3.8",",,,6","25",",,,6","10.91","2,6","19.29","1,,,6","2.53","1,,,6"
"USC00132977","1910-05","43.2844","-93.6305","390.1","FOREST CITY 2 NNE, IA US","","","0.0","2,6","6",",6","4",",6","0",",6","","","","","0","1,6","2","1,6","0","1,6","10","1,6","0","1,6","","","19100503",",1,6","","","","","","","19100517",",,6","19100518",",1,6","-3.3","1,6,03,","","","","","19.3",",,6,17,","26.7","1,6,18,","","","187.8","1,6","54.4",",,,6","","","11.91","2,6","18.60","1,,,6","5.21","1,,,6"
"USC00132977","1910-06","43.2844","-93.6305","390.1","FOREST CITY 2 NNE, IA US","","","112.2",",6","7",",6","6",",6","1",",6","","","0",",6","0",",6","0",",6","0",",6","23",",6","11",",6","","","19100602",",,6","","","19100630","+,,6","","","19100610",",,6","19100620","+,,6","5.0",",6,02,","","","0",",,6,30,+","25.4",",,6,10,","35.0",",6,20,+","","","49.6",",6","62.9",",,,6","0",",,,6","20.42",",6","27.61",",,,6","13.23",",,,6"
"USC00132977","1910-07","43.2844","-93.6305","390.1","FOREST CITY 2 NNE, IA US","","","127.7",",6","6",",6","5",",6","0",",6","","","0",",6","0",",6","0",",6","0",",6","31",",6","5",",6","","","19100718","+,,6","","","19100731","+,,6","","","19100726",",,6","19100716",",,6","10.6",",6,18,+","","","0",",,6,31,+","21.6",",,6,26,","35.6",",6,16,","0.0","6","0.0",",6","45.8",",,,6","0",",,,6","22.45",",6","29.77",",,,6","15.14",",,,6"
"USC00132977","1910-08","43.2844","-93.6305","390.1","FOREST CITY 2 NNE, IA US","","","90.0",",6","9",",6","8",",6","0",",6","","","0",",6","0",",6","0",",6","0",",6","30",",6","5",",6","","","19100826",",,6","","","19100831","+,,6","","","19100803",",,6","19100801",",,6","5.0",",6,26,","","","0",",,6,31,+","20.3",",,6,03,","34.4",",6,01,","15.3","6","15.3",",6","69.8",",,,6","0",",,,6","20.74",",6","27.44",",,,6","14.05",",,,6"
"USC00132977","1910-09","43.2844","-93.6305","390.1","FOREST CITY 2 NNE, IA US","","","17.6",",6","5",",6","4",",6","1",",6","","","0",",6","0",",6","0",",6","0",",6","18",",6","0",",6","","","19100927","+,,6","","","19100930","+,,6","","","19100926",",,6","19100917",",,6","2.2",",6,27,+","","","0",",,6,30,+","26.2",",,6,26,","31.7",",6,17,","101.0","6","85.7",",6","57.8",",,,6","0",",,,6","16.06",",6","22.57",",,,6","9.55",",,,6"
"USC00132977","1910-10","43.2844","-93.6305","390.1","FOREST CITY 2 NNE, IA US","","","5.9","3,6","3",",6","3",",6","0",",6","","","0",",6","0","2,6","8","2,6","0","2,6","16","2,6","0","2,6","","","19101029",",2,6","","","19101027","+,,6","","","19101019",",,6","19101011",",2,6","-8.9","2,6,29,","","","0",",T,6,27,+","23.6",",,6,19,","31.7","2,6,11,","302.7","6","201.7","2,6","32.5",",,,6","0",",T,,6","11.44","3,6","19.50","2,,,6","3.38","2,,,6"
"USC00132977","1910-11","43.2844","-93.6305","390.1","FOREST CITY 2 NNE, IA US","","","0.0","4,6","0",",6","0",",6","0",",6","","","0",",6","0","2,6","28","2,6","9","3,6","0","3,6","0","3,6","","","19101129","+,2,6","","","19101120","+,,6","","","19101120","+,,6","19101124","+,3,6","-11.1","2,6,29,+","","","0",",T,6,20,+","0.0",",T,6,20,+","10.0","3,6,24,+","831.2","6","528.5","3,6","0.0",",T,,6","0",",T,,6","-1.97","4,6","2.99","3,,,6","-6.93","2,,,6"
"USC00132977","1910-12","43.2844","-93.6305","390.1","FOREST CITY 2 NNE, IA US","","","0.0","4,6","2",",6","1",",6","0",",6","","","2",",6","4","2,6","29","2,6","22","2,6","0","2,6","0","2,6","","","19101224",",2,6","","","19101222",",,6","","","19101222",",,6","19101214",",2,6","-23.9","2,6,24,","","","102",",,6,22,","10.2",",,6,22,","9.4","2,6,14,","1534.0","6","702.8","2,6","11.5",",,,6","127",",,,6","-7.61","4,6","-1.86","2,,,6","-13.36","2,,,6"
"USC00132977","1911-01","43.2844","-93.6305","390.1","FOREST CITY 2 NNE, IA US","","","","","3",",6","3",",6","0",",6","","","3",",6","","","","","15","4,6","0","4,6","0","4,6","","","","","","","19110116",",,6","","","19110102",",,6","19110131","+,4,6","","","","","127",",,6,16,","10.2",",,6,02,","5.6","4,6,31,+","","","","","23.0",",,,6","305",",,,6","","","-3.37","4,,,6","",""
"USC00132977","1911-02","43.2844","-93.6305","390.1","FOREST CITY 2 NNE, IA US","","","0.0","3,6","3",",6","3",",6","0",",6","","","1",",6","5","1,6","26","1,6","12","2,6","0","2,6","0","2,6","","","19110210",",1,6","","","19110205",",,6","","","19110205",",,6","19110224",",2,6","-20.6","1,6,10,","","","102",",,6,05,","10.2",",,6,05,","10.0","2,6,24,","","","592.5","2,6","22.4",",,,6","102",",,,6","-5.41","3,6","-0.12","2,,,6","-10.71","1,,,6"
"USC00132977","1911-03","43.2844","-93.6305","390.1","FOREST CITY 2 NNE, IA US","","","0.0","4,6","2",",6","1",",6","0",",6","","","","","0","2,6","25","2,6","1","2,6","1","2,6","0","2,6","","","19110316",",2,6","","","","","","","19110326",",,6","19110321",",2,6","-16.7","2,6,16,","","","","","4.1",",,6,26,","25.0","2,6,21,","","","432.1","2,6","6.4",",,,6","","","2.15","4,6","10.12","2,,,6","-5.82","2,,,6"
"USC00132977","1911-04","43.2844","-93.6305","390.1","FOREST CITY 2 NNE, IA US","","","0.0",",6","","","","","","","","","","","0",",6","14",",6","3",",6","3",",6","0",",6","","","19110401",",,6","","","","","","","","","19110417",",,6","-11.7",",6,01,","","","","","","","27.8",",6,17,","","","368.6",",6","","","","","6.05",",6","12.22",",,,6","-0.13",",,,6"
"USC00132977","1911-05","43.2844","-93.6305","390.1","FOREST CITY 2 NNE, IA US","","","63.1",",6","8",",6","8",",6","2",",6","","","1",",6","0",",6","3",",6","0",",6","24",",6","6",",6","","","19110503","+,,6","","","19110501",",,6","","","19110501",",,6","19110525",",,6","-1.7",",6,03,+","","","25",",,6,01,","27.9",",,6,01,","33.9",",6,25,","","","92.2",",6","117.3",",,,6","25",",,,6","17.40",",6","24.63",",,,6","10.16",",,,6"
"USC00132977","1911-06","43.2844","-93.6305","390.1","FOREST CITY 2 NNE, IA US","","","144.0",",6","6",",6","3",",6","0",",6","","","0",",6","0",",6","0",",6","0",",6","29",",6","13",",6","","","19110628",",,6","","","19110630","+,,6","","","19110626",",,6","19110630",",,6","7.2",",6,28,","","","0",",,6,30,+","17.0",",,6,26,","37.2",",6,30,","","","5.0",",6","27.6",",,,6","0",",,,6","22.97",",6","30.40",",,,6","15.54",",,,6"
"USC00132977","1911-07","43.2844","-93.6305","390.1","FOREST CITY 2 NNE, IA US","","","157.9",",6","7",",6","5",",6","0",",6","","","","","0",",6","0",",6","0",",6","30",",6","14",",6","","","19110717",",,6","","","","","","","19110723",",,6","19110704",",,6","7.8",",6,17,","","","","","21.3",",,6,23,","40.6",",6,04,","10.8","6","10.8",",6","47.2",",,,6","","","23.08",",6","31.02",",,,6","15.13",",,,6"
"USC00132977","1911-08","43.2844","-93.6305","390.1","FOREST CITY 2 NNE, IA US","","","71.0","2,6","13",",6","8",",6","0",",6","","","","","0",",6","0",",6","0","2,6","26","2,6","3","2,6","","","19110829","+,,6","","","","","","","19110807",",,6","19110816",",2,6","5.0",",6,29,+","","","","","16.8",",,6,07,","34.4","2,6,16,","34.5","6","23.7","2,6","61.1",",,,6","","","20.00","2,6","26.58","2,,,6","13.42",",,,6"
"USC00132977","1911-09","43.2844","-93.6305","390.1","FOREST CITY 2 NNE, IA US","","","29.0","2,6","8",",6","8",",6","1",",6","","","","","0","1,6","0","1,6","0","1,6","18","1,6","1","1,6","","","19110926",",1,6","","","","","","","19110918",",,6","19110901",",1,6","3.9","1,6,26,","","","","","34.8",",,6,18,","35.6","1,6,01,","111.7","6","77.2","1,6","122.7",",,,6","","","16.50","2,6","22.73","1,,,6","10.27","1,,,6"
"USC00132977","1911-10","43.2844","-93.6305","390.1","FOREST CITY 2 NNE, IA US","","","0.0",",6","9","1,6","6","1,6","1","1,6","","","1",",6","0",",6","11",",6","0",",6","1",",6","0",",6","","","19111031","+,,6","","","19111027",",,6","","","19111006",",1,6","19111003",",,6","-6.7",",6,31,+","","","51",",,6,27,","28.7","1,,6,06,","23.3",",6,03,","455.3","6","343.6",",6","88.3","1,,,6","51",",,,6","7.25",",6","11.86",",,,6","2.64",",,,6"
"USC00132977","1911-11","43.2844","-93.6305","390.1","FOREST CITY 2 NNE, IA US","","","","","5",",6","2",",6","0",",6","","","0",",6","2","3,6","25","3,6","11","3,6","0","3,6","0","3,6","","","19111113","+,3,6","","","19111128","+,,6","","","19111117",",,6","19111130",",3,6","-17.8","3,6,13,+","","","0",",T,6,28,+","6.4",",,6,17,","8.9","3,6,30,","","","","","12.3",",,,6","0",",T,,6","-4.59","6,6","0.87","3,,,6","-10.04","3,,,6"
"USC00132977","1911-12","43.2844","-93.6305","390.1","FOREST CITY 2 NNE, IA US","","","0.0","4,6","6",",6","4",",6","2",",6","","","3",",6","3","3,6","28","3,6","16","2,6","0","2,6","0","2,6","","","19111228",",3,6","","","19111226",",,6","","","19111210",",,6","19111205",",2,6","-27.2","3,6,28,","","","254",",,6,26,","50.8",",,6,10,","8.9","2,6,05,","","","593.2","2,6","97.9",",,,6","432",",,,6","-4.07","4,6","0.17","2,,,6","-8.31","3,,,6"
"USC00132977","1912-01","43.2844","-93.6305","390.1","FOREST CITY 2 NNE, IA US","0.0","6","0.0","4,6","6",",6","5",",6","0",",6","","","6",",6","25","2,6","29","2,6","28","2,6","0","2,6","0","2,6","","","19120112",",2,6","","","19120131","+,,6","","","19120131","+,,6","19120122",",2,6","-37.8","2,6,12,","","","51",",,6,31,+","5.1",",,6,31,+","0.6","2,6,22,","","","1017.3","2,6","19.0",",,,6","202",",,,6","-19.37","4,6","-13.93","2,,,6","-24.81","2,,,6"
"USC00132977","1912-02","43.2844","-93.6305","390.1","FOREST CITY 2 NNE, IA US","0.0","6","0.0","5,6","3",",6","2",",6","0",",6","","","2",",6","10","3,6","26","3,6","19","2,6","0","2,6","0","2,6","","","19120203",",3,6","","","19120213",",,6","","","19120213",",,6","19120223",",2,6","-29.4","3,6,03,","","","102",",,6,13,","8.9",",,6,13,","3.9","2,6,23,","","","682.9","2,6","16.6",",,,6","140",",,,6","-10.32","5,6","-4.71","2,,,6","-15.93","3,,,6"
"USC00132977","1912-03","43.2844","-93.6305","390.1","FOREST CITY 2 NNE, IA US","0.0","6","0.0","2,6","","","","","","","","","5",",6","3","1,6","30","1,6","16","1,6","0","1,6","0","1,6","","","19120322","+,1,6","","","19120320",",,6","","","","","19120328",",1,6","-20.0","1,6,22,+","","","127",",,6,20,","","","12.2","1,6,28,","","","681.3","1,6","","","266",",,,6","-5.09","2,6","-0.14","1,,,6","-10.04","1,,,6"
"USC00132977","1912-04","43.2844","-93.6305","390.1","FOREST CITY 2 NNE, IA US","0.0","6","0.0","2,6","9",",6","7",",6","0",",6","","","0",",6","0","1,6","10","1,6","0","1,6","6","1,6","0","1,6","","","19120407",",1,6","","","19120430","+,,6","","","19120421",",,6","19120411",",1,6","-3.3","1,6,07,","","","0",",,6,30,+","22.9",",,6,21,","25.6","1,6,11,","","","260.3","1,6","54.0",",,,6","0",",,,6","8.82","2,6","15.67","1,,,6","1.97","1,,,6"
"USC00132977","1912-05","43.2844","-93.6305","390.1","FOREST CITY 2 NNE, IA US","21.9","6","21.9",",6","8",",6","7",",6","1",",6","","","","","0",",6","0",",6","0",",6","18",",6","2",",6","","","19120514",",,6","","","","","","","19120502",",,6","19120522","+,,6","0.6",",6,14,","","","","","31.8",",,6,02,","32.2",",6,22,+","","","114.2",",6","84.4",",,,6","","","15.35",",6","22.61",",,,6","8.10",",,,6"
"USC00132977","1912-06","43.2844","-93.6305","390.1","FOREST CITY 2 NNE, IA US","76.4","6","54.5",",6","8",",6","5",",6","0",",6","","","","","0",",6","0",",6","0",",6","24",",6","5",",6","","","19120607",",,6","","","","","","","19120601",",,6","19120629",",,6","4.4",",6,07,","","","","","11.9",",,6,01,","38.3",",6,29,","","","51.6",",6","40.7",",,,6","","","18.43",",6","26.05",",,,6","10.80",",,,6"
"USC00132977","1912-07","43.2844","-93.6305","390.1","FOREST CITY 2 NNE, IA US","213.3","6","136.9",",6","11",",6","10",",6","2",",6","","","","","0",",6","0",",6","0",",6","28",",6","9",",6","","","19120716",",,6","","","","","","","19120720",",,6","19120707","+,,6","8.9",",6,16,","","","","","53.3",",,6,20,","35.6",",6,07,+","10.8","6","10.8",",6","146.1",",,,6","","","22.40",",6","28.85",",,,6","15.95",",,,6"
"USC00132977","1912-08","43.2844","-93.6305","390.1","FOREST CITY 2 NNE, IA US","283.5","6","70.2",",6","11",",6","9",",6","1",",6","","","","","0",",6","0",",6","0",",6","30",",6","1",",6","","","19120803",",,6","","","","","","","19120817",",,6","19120825",",,6","7.2",",6,03,","","","","","32.5",",,6,17,","32.8",",6,25,","22.2","6","11.4",",6","123.0",",,,6","","","20.23",",6","26.31",",,,6","14.15",",,,6"
"USC00132977","1912-09","43.2844","-93.6305","390.1","FOREST CITY 2 NNE, IA US","333.8","6","50.3",",6","5",",6","5",",6","1",",6","","","","","0",",6","3",",6","0",",6","17",",6","3",",6","","","19120930","+,,6","","","","","","","19120909",",,6","19120907",",,6","-1.1",",6,30,+","","","","","25.4",",,6,09,","33.9",",6,07,","160.0","6","137.8",",6","53.5",",,,6","","","15.42",",6","21.56",",,,6","9.28",",,,6"
"USC00132977","1912-10","43.2844","-93.6305","390.1","FOREST CITY 2 NNE, IA US","334.6","6","0.8","1,6","","","","","","","","","2",",6","0","1,6","11","1,6","0",",6","7",",6","0",",6","","","19121031",",1,6","","","19121011",",,6","","","","","19121005",",,6","-6.1","1,6,31,","","","495",",,6,11,","","","30.0",",6,05,","414.4","6","254.4",",6","","","678",",,,6","9.84","1,6","17.13",",,,6","2.56","1,,,6"
"USC00132977","1912-11","43.2844","-93.6305","390.1","FOREST CITY 2 NNE, IA US","334.6","6","0.0",",6","1",",6","1",",6","1",",6","","","0",",6","0",",6","26",",6","3",",6","0",",6","0",",6","","","19121128",",,6","","","19121127",",,6","","","19121112",",,6","19121110",",,6","-11.1",",6,28,","","","0",",T,6,27,","43.2",",,6,12,","18.3",",6,10,","880.8","6","466.4",",6","43.2",",,,6","0",",T,,6","2.79",",6","9.27",",,,6","-3.70",",,,6"
"USC00132977","1912-12","43.2844","-93.6305","390.1","FOREST CITY 2 NNE, IA US","","","","","4",",6","4",",6","0",",6","","","2",",6","2","3,6","28","3,6","11","3,6","0","3,6","0","3,6","","","19121222",",3,6","","","19121219",",,6","","","19121201",",,6","19121201",",3,6","-22.8","3,6,22,","","","51",",,6,19,","14.7",",,6,01,","10.0","3,6,01,","","","","","27.2",",,,6","76",",,,6","-4.83","6,6","1.34","3,,,6","-11.00","3,,,6"
"USC00132977","1913-01","43.2844","-93.6305","390.1","FOREST CITY 2 NNE, IA US","","","","","3",",6","2",",6","0",",6","","","","","15","5,6","26","5,6","19","4,6","0","4,6","0","4,6","","","19130112",",5,6","","","","","","","19130107",",,6","19130125",",4,6","-26.1","5,6,12,","","","","","5.1",",,6,07,","8.3","4,6,25,","","","","","8.9",",,,6","","","-10.23","9,6","-3.41","4,,,6","-17.05","5,,,6"
"USC00132977","1913-02","43.2844","-93.6305","390.1","FOREST CITY 2 NNE, IA US","","","0.0","2,6","1",",6","1",",6","0",",6","","","1",",6","13","1,6","27","1,6","19","1,6","0","1,6","0","1,6","","","19130224","+,1,6","","","19130221",",,6","","","19130221",",,6","19130218",",1,6","-26.1","1,6,24,+","","","203",",,6,21,","20.3",",,6,21,","13.9","1,6,18,","","","724.9","1,6","20.3",",,,6","203",",,,6","-9.26","2,6","-2.16","1,,,6","-16.35","1,,,6"
"USC00132977","1913-03","43.2844","-93.6305","390.1","FOREST CITY 2 NNE, IA US","","","0.0","5,6","7",",6","5",",6","0",",6","","","3",",6","5","3,6","27","3,6","10","3,6","0","3,6","0","3,6","","","19130302",",3,6","","","19130315","+,,6","","","19130314",",,6","19130312",",3,6","-28.3","3,6,02,","","","51",",,6,15,+","22.9",",,6,14,","14.4","3,6,12,","","","572.8","3,6","52.9",",,,6","140",",,,6","-3.47","5,6","3.99","3,,,6","-10.93","3,,,6"
"USC00132977","1913-04","43.2844","-93.6305","390.1","FOREST CITY 2 NNE, IA US","","","1.4",",6","10",",6","8",",6","1",",6","","","2",",6","0",",6","14",",6","0",",6","8",",6","0",",6","","","19130405",",,6","","","19130411","+,,6","","","19130402",",,6","19130430",",,6","-3.3",",6,05,","","","25",",,6,11,+","25.4",",,6,02,","29.4",",6,30,","","","292.1",",6","87.4",",,,6","50",",,,6","8.64",",6","14.87",",,,6","2.41",",,,6"
"USC00132977","1913-05","43.2844","-93.6305","390.1","FOREST CITY 2 NNE, IA US","","","22.8",",6","11",",6","10",",6","3",",6","","","0",",6","0",",6","0",",6","0",",6","9",",6","0",",6","","","19130511","+,,6","","","19130531","+,,6","","","19130520",",,6","19130531","+,,6","2.8",",6,11,+","","","0",",,6,31,+","41.9",",,6,20,","31.1",",6,31,+","","","168.3",",6","187.1",",,,6","0",",,,6","13.64",",6","18.96",",,,6","8.31",",,,6"
"USC00132977","1913-06","43.2844","-93.6305","390.1","FOREST CITY 2 NNE, IA US","","","133.2",",6","6",",6","5",",6","1",",6","","","0",",6","0",",6","0",",6","0",",6","27",",6","9",",6","","","19130609","+,,6","","","19130630","+,,6","","","19130625",",,6","19130628",",,6","4.4",",6,09,+","","","0",",,6,30,+","36.6",",,6,25,","37.8",",6,28,","","","24.6",",6","69.4",",,,6","0",",,,6","21.95",",6","28.85",",,,6","15.05",",,,6"
"USC00132977","1913-07","43.2844","-93.6305","390.1","FOREST CITY 2 NNE, IA US","","","146.0",",6","8",",6","7",",6","2",",6","","","0",",6","0",",6","0",",6","0",",6","31",",6","11",",6","","","19130724",",,6","","","19130731","+,,6","","","19130712",",,6","19130730","+,,6","11.7",",6,24,","","","0",",,6,31,+","26.9",",,6,12,","36.7",",6,30,+","0.0","6","0.0",",6","90.0",",,,6","0",",,,6","23.04",",6","30.18",",,,6","15.90",",,,6"
"USC00132977","1913-08","43.2844","-93.6305","390.1","FOREST CITY 2 NNE, IA US","","","143.6",",6","8",",6","7",",6","1",",6","","","0",",6","0",",6","0",",6","0",",6","31",",6","6",",6","","","19130829",",,6","","","19130831","+,,6","","","19130817",",,6","19130817",",,6","10.0",",6,29,","","","0",",,6,31,+","27.4",",,6,17,","36.7",",6,17,","0.6","6","0.6",",6","71.1",",,,6","0",",,,6","22.95",",6","29.56",",,,6","16.33",",,,6"
"USC00132977","1913-09","43.2844","-93.6305","390.1","FOREST CITY 2 NNE, IA US","","","69.7",",6","7",",6","7",",6","1",",6","","","0",",6","0",",6","4",",6","0",",6","16",",6","6",",6","","","19130922",",,6","","","19130930","+,,6","","","19130911",",,6","19130905",",,6","-2.2",",6,22,","","","0",",,6,30,+","45.7",",,6,11,","37.2",",6,05,","121.7","6","121.1",",6","114.8",",,,6","0",",,,6","16.62",",6","22.80",",,,6","10.44",",,,6"
"USC00132977","1913-10","43.2844","-93.6305","390.1","FOREST CITY 2 NNE, IA US","","","1.4",",6","6",",6","5",",6","1",",6","","","1",",6","0",",6","15",",6","1",",6","8",",6","0",",6","","","19131021",",,6","","","19131028",",,6","","","19131004",",,6","19131006","+,,6","-10.6",",6,21,","","","102",",,6,28,","27.9",",,6,04,","27.2",",6,06,+","450.6","6","328.9",",6","69.8",",,,6","102",",,,6","7.77",",6","14.46",",,,6","1.07",",,,6"
"USC00132977","1913-11","43.2844","-93.6305","390.1","FOREST CITY 2 NNE, IA US","","","0.0","2,6","5",",6","3",",6","0",",6","","","0",",6","0","1,6","17","1,6","2","1,6","0","1,6","0","1,6","","","19131111","+,1,6","","","19131130","+,,6","","","19131118",",,6","19131121","+,1,6","-10.0","1,6,11,+","","","0",",,6,30,+","5.6",",,6,18,","20.6","1,6,21,+","823.3","6","372.7","1,6","17.1",",,,6","0",",,,6","4.94","2,6","10.64","1,,,6","-0.75","1,,,6"
"USC00132977","1913-12","43.2844","-93.6305","390.1","FOREST CITY 2 NNE, IA US","","","0.0","2,6","0",",6","0",",6","0",",6","","","0",",6","0","1,6","25","1,6","10","1,6","0","1,6","0","1,6","","","19131221",",1,6","","","19131227","+,,6","","","19131227","+,,6","19131211",",1,6","-15.6","1,6,21,","","","0",",T,6,27,+","0.0",",T,6,27,+","11.7","1,6,11,","1390.8","6","567.5","1,6","0.0",",T,,6","0",",T,,6","-1.29","2,6","3.89","1,,,6","-6.46","1,,,6"
"USC00132977","1914-01","43.2844","-93.6305","390.1","FOREST CITY 2 NNE, IA US","","","","","5",",6","3",",6","0",",6","","","3",",6","4","1,6","30","1,6","","","","","","","","","19140113","+,1,6","","","19140125","+,,6","","","19140128",",,6","","","-22.8","1,6,13,+","","","76",",,6,25,+","11.4",",,6,28,","","","","","","","31.7",",,,6","190",",,,6","","","","","-10.47","1,,,6"
"USC00132977","1914-02","43.2844","-93.6305","390.1","FOREST CITY 2 NNE, IA US","","","0.0","4,6","3",",6","3",",6","0",",6","","","","","16","1,6","27","1,6","18","3,6","0","3,6","0","3,6","","","19140208","+,1,6","","","","","","","19140206",",,6","19140202",",3,6","-27.8","1,6,08,+","","","","","10.2",",,6,06,","7.2","3,6,02,","","","700.3","3,6","16.5",",,,6","","","-10.92","4,6","-4.32","3,,,6","-17.52","1,,,6"
"USC00132977","1914-03","43.2844","-93.6305","390.1","FOREST CITY 2 NNE, IA US","","","0.0","3,6","8",",6","7",",6","0",",6","","","3",",6","1",",6","27",",6","3","3,6","0","3,6","0","3,6","","","19140301",",,6","","","19140310",",,6","","","19140310",",,6","19140315",",3,6","-20.0",",6,01,","","","38",",,6,10,","5.1",",,6,10,","16.7","3,6,15,","","","519.8","3,6","27.4",",,,6","88",",,,6","-0.48","3,6","5.20","3,,,6","-6.16",",,,6"
"USC00132977","1914-04","43.2844","-93.6305","390.1","FOREST CITY 2 NNE, IA US","","","0.0","3,6","5",",6","5",",6","0",",6","","","0",",6","0",",6","16",",6","1","3,6","8","3,6","0","3,6","","","19140409",",,6","","","19140430","+,,6","","","19140427",",,6","19140417",",3,6","-7.8",",6,09,","","","0",",,6,30,+","25.1",",,6,27,","27.8","3,6,17,","","","281.3","3,6","60.1",",,,6","0",",,,6","7.87","3,6","15.01","3,,,6","0.73",",,,6"
"USC00132977","1914-05","43.2844","-93.6305","390.1","FOREST CITY 2 NNE, IA US","","","37.1","2,6","11",",6","8",",6","1",",6","","","","","0",",6","0",",6","0","2,6","20","2,6","1","2,6","","","19140502",",,6","","","","","","","19140524",",,6","19140526",",2,6","0.6",",6,02,","","","","","87.6",",,6,24,","32.2","2,6,26,","","","81.7","2,6","143.7",",,,6","","","16.58","2,6","22.97","2,,,6","10.19",",,,6"
"USC00132977","1914-06","43.2844","-93.6305","390.1","FOREST CITY 2 NNE, IA US","","","79.0","2,6","13",",6","10",",6","4",",6","","","","","0","1,6","0","1,6","0","1,6","27","1,6","2","1,6","","","19140620",",1,6","","","","","","","19140614",",,6","19140604",",1,6","9.4","1,6,20,","","","","","50.8",",,6,14,","33.9","1,6,04,","","","10.5","1,6","221.6",",,,6","","","20.85","2,6","26.88","1,,,6","14.82","1,,,6"
"USC00132977","1914-07","43.2844","-93.6305","390.1","FOREST CITY 2 NNE, IA US","","","165.4",",6","5",",6","3",",6","0",",6","","","","","0",",6","0",",6","0",",6","30",",6","13",",6","","","19140718",",,6","","","","","","","19140731",",,6","19140727","+,,6","8.3",",6,18,","","","","","18.0",",,6,31,","35.6",",6,27,+","1.7","6","1.7",",6","37.6",",,,6","","","23.61",",6","30.24",",,,6","16.98",",,,6"
"USC00132977","1914-08","43.2844","-93.6305","390.1","FOREST CITY 2 NNE, IA US","","","111.1",",6","5",",6","4",",6","1",",6","","","","","0",",6","0",",6","0",",6","28",",6","5",",6","","","19140826",",,6","","","","","","","19140823",",,6","19140808",",,6","7.2",",6,26,","","","","","26.4",",,6,23,","35.0",",6,08,","23.1","6","21.4",",6","64.5",",,,6","","","21.23",",6","27.92",",,,6","14.54",",,,6"
"USC00132977","1914-09","43.2844","-93.6305","390.1","FOREST CITY 2 NNE, IA US","","","20.9","2,6","8",",6","8",",6","0",",6","","","0",",6","0",",6","0",",6","0","2,6","21","2,6","0","2,6","","","19140925",",,6","","","19140930","+,,6","","","19140905",",,6","19140905",",2,6","2.8",",6,25,","","","0",",,6,30,+","22.9",",,6,05,","30.6","2,6,05,","86.4","6","63.3","2,6","110.6",",,,6","0",",,,6","16.80","2,6","23.56","2,,,6","10.04",",,,6"
"USC00132977","1914-10","43.2844","-93.6305","390.1","FOREST CITY 2 NNE, IA US","","","0.9","1,6","8",",6","6",",6","1",",6","","","0",",6","0",",6","7",",6","0","1,6","15","1,6","0","1,6","","","19141027",",,6","","","19141031","+,,6","","","19141013",",,6","19141001",",1,6","-7.2",",6,27,","","","0",",,6,31,+","34.3",",,6,13,","26.1","1,6,01,","258.7","6","172.3","1,6","103.0",",,,6","0",",,,6","12.59","1,6","18.90","1,,,6","6.27",",,,6"
"USC00132977","1914-11","43.2844","-93.6305","390.1","FOREST CITY 2 NNE, IA US","","","0.0","1,6","1",",6","1",",6","0",",6","","","0",",6","1",",6","23",",6","4","1,6","2","1,6","0","1,6","","","19141119",",,6","","","19141130","+,,6","","","19141130",",,6","19141102",",1,6","-18.9",",6,19,","","","0",",,6,30,+","6.6",",,6,30,","22.8","1,6,02,","709.9","6","451.2","1,6","6.6",",,,6","0",",,,6","2.74","1,6","9.42","1,,,6","-3.95",",,,6"
"USC00132977","1914-12","43.2844","-93.6305","390.1","FOREST CITY 2 NNE, IA US","","","0.0","5,6","5",",6","4",",6","0",",6","","","4",",6","17","1,6","30","1,6","23","4,6","0","4,6","0","4,6","","","19141226",",1,6","","","19141221","+,,6","","","19141208",",,6","19141201",",4,6","-31.1","1,6,26,","","","102",",,6,21,+","10.2",",,6,08,","5.0","4,6,01,","1478.2","6","768.3","4,6","28.0",",,,6","293",",,,6","-11.63","5,6","-6.20","4,,,6","-17.06","1,,,6"
"USC00132977","1915-01","43.2844","-93.6305","390.1","FOREST CITY 2 NNE, IA US","","","","","7",",6","4",",6","0",",6","","","2",",6","12",",6","31",",6","","","","","","","","","19150128",",,6","","","19150117",",,6","","","19150106",",,6","","","-32.8",",6,28,","","","51",",,6,17,","16.5",",,6,06,","","","","","","","30.5",",,,6","115",",,,6","","","","","-16.11",",,,6"
"USC00132977","1915-02","43.2844","-93.6305","390.1","FOREST CITY 2 NNE, IA US","","","0.0","4,6","10",",6","9",",6","1",",6","","","4",",6","0",",6","27",",6","10","4,6","0","4,6","0","4,6","","","19150206",",,6","","","19150201",",,6","","","19150201",",,6","19150219","+,4,6","-17.2",",6,06,","","","203",",,6,01,","26.7",",,6,01,","3.9","4,6,19,+","","","529.8","4,6","84.0",",,,6","343",",,,6","-3.84","4,6","0.30","4,,,6","-7.98",",,,6"
"USC00132977","1915-03","43.2844","-93.6305","390.1","FOREST CITY 2 NNE, IA US","","","0.0","1,6","4",",6","3",",6","0",",6","","","2",",6","0",",6","31",",6","14","1,6","0","1,6","0","1,6","","","19150309",",,6","","","19150305",",,6","","","19150305",",,6","19150324",",1,6","-14.4",",6,09,","","","76",",,6,05,","7.6",",,6,05,","10.0","1,6,24,","","","649.8","1,6","13.9",",,,6","101",",,,6","-3.28","1,6","1.03","1,,,6","-7.59",",,,6"
"USC00132977","1915-04","43.2844","-93.6305","390.1","FOREST CITY 2 NNE, IA US","","","4.8",",6","8",",6","5",",6","0",",6","","","0",",6","0",",6","8",",6","0",",6","15",",6","0",",6","","","19150402","+,,6","","","19150430","+,,6","","","19150409",",,6","19150419",",,6","-3.3",",6,02,+","","","0",",,6,30,+","24.9",",,6,09,","27.8",",6,19,","","","176.4",",6","56.1",",,,6","0",",,,6","12.62",",6","19.61",",,,6","5.62",",,,6"
"USC00132977","1915-05","43.2844","-93.6305","390.1","FOREST CITY 2 NNE, IA US","","","6.1","5,6","15",",6","11",",6","2",",6","","","0",",6","0","1,6","2","1,6","0","4,6","8","4,6","0","4,6","","","19150509",",1,6","","","19150518",",,6","","","19150521",",,6","19150511",",4,6","-1.7","1,6,09,","","","0",",T,6,18,","45.7",",,6,21,","29.4","4,6,11,","","","170.3","4,6","200.9",",,,6","0",",T,,6","12.19","5,6","17.78","4,,,6","6.59","1,,,6"
"USC00132977","1915-06","43.2844","-93.6305","390.1","FOREST CITY 2 NNE, IA US","","","22.3","1,6","9",",6","9",",6","2",",6","","","0",",6","0",",6","0",",6","0","1,6","19","1,6","0","1,6","","","19150609",",,6","","","19150630","+,,6","","","19150624",",,6","19150628","+,1,6","1.1",",6,09,","","","0",",,6,30,+","35.6",",,6,24,","28.9","1,6,28,+","","","63.0","1,6","101.7",",,,6","0",",,,6","16.98","1,6","23.11","1,,,6","10.85",",,,6"
"USC00132977","1915-07","43.2844","-93.6305","390.1","FOREST CITY 2 NNE, IA US","","","68.9",",6","13",",6","9",",6","1",",6","","","","","0",",6","0",",6","0",",6","29",",6","0",",6","","","19150705","+,,6","","","","","","","19150718",",,6","19150715",",,6","7.2",",6,05,+","","","","","29.2",",,6,18,","31.7",",6,15,","16.4","6","16.4",",6","118.1",",,,6","","","20.03",",6","25.98",",,,6","14.08",",,,6"
"USC00132977","1915-08","43.2844","-93.6305","390.1","FOREST CITY 2 NNE, IA US","","","54.9","4,6","6",",6","4",",6","1",",6","","","0",",6","0",",6","0",",6","0","4,6","21","4,6","0","4,6","","","19150830",",,6","","","19150831","+,,6","","","19150801",",,6","19150816","+,4,6","1.7",",6,30,","","","0",",,6,31,+","38.1",",,6,01,","31.1","4,6,16,+","56.4","6","40.0","4,6","59.2",",,,6","0",",,,6","19.01","4,6","26.04","4,,,6","11.98",",,,6"
"USC00132977","1915-09","43.2844","-93.6305","390.1","FOREST CITY 2 NNE, IA US","","","17.8","2,6","10",",6","9",",6","0",",6","","","0",",6","0",",6","0",",6","0","2,6","19","2,6","0","2,6","","","19150921",",,6","","","19150930","+,,6","","","19150926",",,6","19150906",",2,6","1.1",",6,21,","","","0",",,6,30,+","15.2",",,6,26,","30.0","2,6,06,","126.3","6","69.9","2,6","73.1",",,,6","0",",,,6","16.43","2,6","22.85","2,,,6","10.01",",,,6"
"USC00132977","1915-10","43.2844","-93.6305","390.1","FOREST CITY 2 NNE, IA US","","","0.0","2,6","5",",6","5",",6","0",",6","","","0",",6","0",",6","8",",6","0","2,6","11","2,6","0","2,6","","","19151009",",,6","","","19151031","+,,6","","","19151004",",,6","19151024",",2,6","-3.9",",6,09,","","","0",",,6,31,+","24.6",",,6,04,","24.4","2,6,24,","344.9","6","218.6","2,6","66.6",",,,6","0",",,,6","10.91","2,6","17.97","2,,,6","3.85",",,,6"
"USC00132977","1915-11","43.2844","-93.6305","390.1","FOREST CITY 2 NNE, IA US","","","0.0","4,6","7",",6","5",",6","1",",6","","","2",",6","0",",6","22",",6","3","4,6","1","4,6","0","4,6","","","19151115",",,6","","","19151122","+,,6","","","19151111",",,6","19151107",",4,6","-12.2",",6,15,","","","25",",,6,22,+","35.6",",,6,11,","23.3","4,6,07,","761.2","6","416.3","4,6","61.0",",,,6","50",",,,6","2.29","4,6","7.55","4,,,6","-2.96",",,,6"
"USC00132977","1915-12","43.2844","-93.6305","390.1","FOREST CITY 2 NNE, IA US","","","0.0","4,6","3",",6","3",",6","0",",6","","","3",",6","8",",6","31",",6","19","4,6","0","4,6","0","4,6","","","19151219",",,6","","","19151211",",,6","","","19151211",",,6","19151207",",4,6","-20.6",",6,19,","","","76",",,6,11,","7.6",",,6,11,","9.4","4,6,07,","1422.0","6","660.8","4,6","17.8",",,,6","178",",,,6","-6.27","4,6","-1.30","4,,,6","-11.24",",,,6"
"USC00132977","1916-01","43.2844","-93.6305","390.1","FOREST CITY 2 NNE, IA US","","","","","10",",6","8",",6","0",",6","31",",6","4",",6","15","1,6","30","1,6","","","","","","","","","19160113",",1,6","19160131","+,,6","19160128",",,6","","","19160127","+,,6","","","-33.3","1,6,13,","102",",,6,31,+","51",",,6,28,","6.4",",,6,27,+","","","","","","","35.6",",,,6","152",",,,6","","","","","-16.26","1,,,6"
"USC00132977","1916-02","43.2844","-93.6305","390.1","FOREST CITY 2 NNE, IA US","","","0.0","2,6","3",",6","2",",6","0",",6","29",",6","3",",6","13",",6","29",",6","17","2,6","0","2,6","0","2,6","","","19160208","+,,6","19160214","+,,6","19160204",",,6","","","19160204",",,6","19160219","+,2,6","-28.9",",6,08,+","203",",,6,14,+","152",",,6,04,","12.7",",,6,04,","5.0","2,6,19,+","","","793.0","2,6","16.5",",,,6","202",",,,6","-10.95","2,6","-5.27","2,,,6","-16.62",",,,6"
"USC00132977","1916-03","43.2844","-93.6305","390.1","FOREST CITY 2 NNE, IA US","","","0.0","5,6","5",",6","5",",6","0",",6","","","3",",6","4",",6","27",",6","5","5,6","0","5,6","0","5,6","","","19160302",",,6","","","19160322",",,6","","","19160322",",,6","19160324",",5,6","-23.3",",6,02,","","","203",",,6,22,","15.2",",,6,22,","17.2","5,6,24,","","","505.8","5,6","38.0",",,,6","253",",,,6","-1.44","5,6","4.96","5,,,6","-7.85",",,,6"
"USC00132977","1916-04","43.2844","-93.6305","390.1","FOREST CITY 2 NNE, IA US","","","0.0","2,6","9",",6","7",",6","0",",6","","","1",",6","0","1,6","13","1,6","1","1,6","2","1,6","0","1,6","","","19160406",",1,6","","","19160408",",,6","","","19160415",",,6","19160412",",1,6","-10.6","1,6,06,","","","25",",,6,08,","23.4",",,6,15,","26.7","1,6,12,","","","338.4","1,6","90.6",",,,6","25",",,,6","6.33","2,6","11.93","1,,,6","0.73","1,,,6"
"USC00132977","1916-05","43.2844","-93.6305","390.1","FOREST CITY 2 NNE, IA US","","","12.8","1,6","11",",6","6",",6","1",",6","","","0",",6","0",",6","1",",6","0","1,6","15","1,6","0","1,6","","","19160502",",,6","","","19160531","+,,6","","","19160514",",,6","19160507","+,1,6","-0.6",",6,02,","","","0",",,6,31,+","62.2",",,6,14,","29.4","1,6,07,+","","","137.7","1,6","124.2",",,,6","0",",,,6","14.11","1,6","20.58","1,,,6","7.65",",,,6"
"USC00132977","1916-06","43.2844","-93.6305","390.1","FOREST CITY 2 NNE, IA US","","","23.3",",6","12",",6","7",",6","2",",6","","","0",",6","0",",6","0",",6","0",",6","23",",6","1",",6","","","19160603",",,6","","","19160630","+,,6","","","19160623",",,6","19160630",",,6","5.6",",6,03,","","","0",",,6,30,+","25.9",",,6,23,","32.8",",6,30,","","","65.4",",6","108.0",",,,6","0",",,,6","16.93",",6","23.46",",,,6","10.41",",,,6"
"USC00132977","1916-07","43.2844","-93.6305","390.1","FOREST CITY 2 NNE, IA US","","","227.3",",6","6",",6","3",",6","1",",6","","","0",",6","0",",6","0",",6","0",",6","31",",6","17",",6","","","19160720",",,6","","","19160731","+,,6","","","19160704",",,6","19160730","+,,6","13.3",",6,20,","","","0",",,6,31,+","33.5",",,6,04,","36.7",",6,30,+","0.0","6","0.0",",6","59.7",",,,6","0",",,,6","25.67",",6","32.39",",,,6","18.95",",,,6"
"USC00132977","1916-08","43.2844","-93.6305","390.1","FOREST CITY 2 NNE, IA US","","","135.8",",6","9",",6","4",",6","0",",6","","","0",",6","0",",6","0",",6","0",",6","31",",6","9",",6","","","19160827",",,6","","","19160831","+,,6","","","19160831",",,6","19160819","+,,6","5.6",",6,27,","","","0",",,6,31,+","8.1",",,6,31,","36.1",",6,19,+","10.2","6","10.2",",6","35.7",",,,6","0",",,,6","22.38",",6","30.01",",,,6","14.76",",,,6"
"USC00132977","1916-09","43.2844","-93.6305","390.1","FOREST CITY 2 NNE, IA US","","","33.1","3,6","9",",6","7",",6","0",",6","","","0",",6","0","1,6","4","1,6","0","2,6","19","2,6","3","2,6","","","19160929",",1,6","","","19160930","+,,6","","","19160911",",,6","19160906","+,2,6","-3.3","1,6,29,","","","0",",,6,30,+","18.3",",,6,11,","32.8","2,6,06,+","104.8","6","94.6","2,6","70.0",",,,6","0",",,,6","15.81","3,6","23.46","2,,,6","8.17","1,,,6"
"USC00132977","1916-10","43.2844","-93.6305","390.1","FOREST CITY 2 NNE, IA US","","","1.9","2,6","8",",6","4",",6","0",",6","","","0",",6","0","1,6","14","1,6","0","2,6","8","2,6","0","2,6","","","19161022","+,1,6","","","19161019",",,6","","","19161024",",,6","19161007",",2,6","-10.0","1,6,22,+","","","13",",,6,19,","21.1",",,6,24,","30.6","2,6,07,","392.6","6","287.8","2,6","37.9",",,,6","13",",,,6","8.47","2,6","15.92","2,,,6","1.02","1,,,6"
"USC00132977","1916-11","43.2844","-93.6305","390.1","FOREST CITY 2 NNE, IA US","","","","","3",",6","3",",6","1",",6","","","2",",6","2",",6","23",",6","","","","","","","","","19161114",",,6","","","19161111",",,6","","","19161108",",,6","","","-21.1",",6,14,","","","76",",,6,11,","41.9",",,6,08,","","","","","","","50.0",",,,6","101",",,,6","","","","","-4.76",",,,6"
"USC00132977","1916-12","43.2844","-93.6305","390.1","FOREST CITY 2 NNE, IA US","","","0.0","5,6","2",",6","2",",6","0",",6","","","1",",6","17","1,6","30","1,6","18","4,6","0","4,6","0","4,6","","","19161221",",1,6","","","19161224",",,6","","","19161224",",,6","19161204",",4,6","-30.6","1,6,21,","","","152",",,6,24,","11.4",",,6,24,","12.8","4,6,04,","","","755.0","4,6","13.9",",,,6","152",",,,6","-10.49","5,6","-3.85","4,,,6","-17.13","1,,,6"
"USC00132977","1917-01","43.2844","-93.6305","390.1","FOREST CITY 2 NNE, IA US","","","","","6",",Z","4",",Z","0",",Z","31",",Z","","","14","2,6","29","2,6","","","","","","","","","19170116","+,2,6","19170128","+,,6","","","","","19170121",",,Z","","","-28.3","2,6,16,+","381",",,6,28,+","","","15.2",",,Z,21,","","","","","","","41.5",",,,Z","","","","","","","-18.96","2,,,6"
"USC00132977","1917-02","43.2844","-93.6305","390.1","FOREST CITY 2 NNE, IA US","","","0.0","4,6","2",",6","2",",6","0",",6","28",",6","2",",6","21","1,6","27","1,6","20","4,6","0","4,6","0","4,6","","","19170203","+,1,6","19170207","+,,6","19170219",",,6","","","19170219",",,6","19170216",",4,6","-33.9","1,6,03,+","356",",,6,07,+","152",",,6,19,","15.2",",,6,19,","5.0","4,6,16,","","","775.3","4,6","17.7",",,,6","177",",,,6","-13.83","4,6","-6.60","4,,,6","-21.07","1,,,6"
"USC00132977","1917-03","43.2844","-93.6305","390.1","FOREST CITY 2 NNE, IA US","","","0.0","2,6","6",",6","5",",6","0",",6","24","5,6","4",",6","4",",6","28",",6","11","2,6","1","2,6","0","2,6","","","19170304",",,6","19170318","+,5,6","19170316","+,,6","","","19170323",",,6","19170330",",2,6","-24.4",",6,04,","305","5,,6,18,+","76",",,6,16,+","11.7",",,6,23,","21.1","2,6,30,","","","592.0","2,6","38.4",",,,6","267",",,,6","-1.79","2,6","3.60","2,,,6","-7.18",",,,6"
"USC00132977","1917-04","43.2844","-93.6305","390.1","FOREST CITY 2 NNE, IA US","","","0.0","1,6","10",",6","5",",6","0",",6","","","1",",6","0",",6","19",",6","0","1,6","2","1,6","0","1,6","","","19170414","+,,6","","","19170429",",,6","","","19170429",",,6","19170418",",1,6","-4.4",",6,14,+","","","25",",,6,29,","21.8",",,6,29,","27.2","1,6,18,","","","375.4","1,6","63.5",",,,6","25",",,,6","5.51","1,6","10.62","1,,,6","0.39",",,,6"
"USC00132977","1917-05","43.2844","-93.6305","390.1","FOREST CITY 2 NNE, IA US","","","7.0","1,6","12",",6","9",",6","0",",6","","","0",",6","0",",6","4",",6","0","1,6","9","1,6","0","1,6","","","19170502",",,6","","","19170531","+,,6","","","19170519",",,6","19170517",",1,6","-1.1",",6,02,","","","0",",,6,31,+","23.9",",,6,19,","31.7","1,6,17,","","","195.7","1,6","105.0",",,,6","0",",,,6","12.06","1,6","19.00","1,,,6","5.12",",,,6"
"USC00132977","1917-06","43.2844","-93.6305","390.1","FOREST CITY 2 NNE, IA US","","","26.8","1,6","10",",6","10",",6","1",",6","","","0",",6","0","1,6","0","1,6","0",",6","23",",6","0",",6","","","19170615",",1,6","","","19170630","+,,6","","","19170606",",,6","19170630",",,6","2.2","1,6,15,","","","0",",,6,30,+","39.4",",,6,06,","31.7",",6,30,","","","60.4",",6","113.4",",,,6","0",",,,6","17.21","1,6","23.45",",,,6","10.97","1,,,6"
"USC00132977","1917-07","43.2844","-93.6305","390.1","FOREST CITY 2 NNE, IA US","","","131.5",",6","10",",6","7",",6","2",",6","","","0",",6","0",",6","0",",6","0",",6","29",",6","7",",6","","","19170703",",,6","","","19170731","+,,6","","","19170705",",,6","19170730","+,,6","6.1",",6,03,","","","0",",,6,31,+","28.7",",,6,05,","36.1",",6,30,+","11.9","6","11.9",",6","103.9",",,,6","0",",,,6","22.19",",6","28.62",",,,6","15.76",",,,6"
"USC00132977","1917-08","43.2844","-93.6305","390.1","FOREST CITY 2 NNE, IA US","","","49.0","1,6","7",",6","6",",6","0",",6","","","","","0","1,6","0","1,6","0",",6","30",",6","3",",6","","","19170828",",1,6","","","","","","","19170811",",,6","19170804",",,6","5.6","1,6,28,","","","","","15.2",",,6,11,","33.9",",6,04,","27.4","6","15.5",",6","52.8",",,,6","","","19.38","1,6","26.85",",,,6","11.91","1,,,6"
"USC00132977","1917-09","43.2844","-93.6305","390.1","FOREST CITY 2 NNE, IA US","","","6.6","1,6","9",",6","8",",6","1",",6","","","0",",6","0",",6","1",",6","0","1,6","16","1,6","0","1,6","","","19170927",",,6","","","19170930","+,,6","","","19170907",",,6","19170916",",1,6","-1.1",",6,27,","","","0",",,6,30,+","40.1",",,6,07,","28.9","1,6,16,","136.1","6","108.7","1,6","104.1",",,,6","0",",,,6","14.84","1,6","21.50","1,,,6","8.19",",,,6"
"USC00132977","1917-10","43.2844","-93.6305","390.1","FOREST CITY 2 NNE, IA US","","","0.0","3,6","5",",6","4",",6","0",",6","","","1",",6","0",",6","23",",6","3","3,6","2","3,6","0","3,6","","","19171031",",,6","","","19171028",",,6","","","19171026",",,6","19171002",",3,6","-11.7",",6,31,","","","76",",,6,28,","13.2",",,6,26,","23.3","3,6,02,","541.3","6","405.2","3,6","26.8",",,,6","76",",,,6","3.91","3,6","10.36","3,,,6","-2.54",",,,6"
"USC00132977","1917-11","43.2844","-93.6305","390.1","FOREST CITY 2 NNE, IA US","","","0.0","4,6","3",",6","0",",6","0",",6","3","3,6","0",",6","0","1,6","16","1,6","3","3,6","0","3,6","0","3,6","","","19171124","+,1,6","19171127","+,3,6","19171126","+,,6","","","19171126","+,,6","19171106",",3,6","-11.1","1,6,24,+","25","3,,6,27,+","13",",,6,26,+","1.3",",,6,26,+","19.4","3,6,06,","934.1","6","392.8","3,6","3.4",",,,6","26",",,,6","3.43","4,6","8.94","3,,,6","-2.08","1,,,6"
"USC00132977","1917-12","43.2844","-93.6305","390.1","FOREST CITY 2 NNE, IA US","","","","","5",",6","0",",6","0",",6","18","4,6","1",",6","15","3,6","28","3,6","18","4,6","0","4,6","0","4,6","1","","19171229","+,3,6","19171219","+,4,6","19171204",",,6","","","19171213","+,,6","19171220","+,4,6","-30.6","3,6,29,+","51","4,,6,19,+","25",",,6,04,","1.3",",,6,13,+","5.6","4,6,20,+","","","","","5.4",",,,6","69",",,,6","-11.83","7,6","-6.11","4,,,6","-17.56","3,,,6"
"USC00132977","1918-01","43.2844","-93.6305","390.1","FOREST CITY 2 NNE, IA US","","","","","4",",6","3",",6","0",",6","27",",6","","","23",",6","31",",6","","","","","","","","","19180131","+,,6","19180131","+,,6","","","","","19180128","+,,6","","","-30.0",",6,31,+","305",",,6,31,+","","","10.2",",,6,28,+","","","","","","","24.2",",,,6","","","","","","","-20.70",",,,6"
"USC00132977","1918-02","43.2844","-93.6305","390.1","FOREST CITY 2 NNE, IA US","","","0.0","5,6","4",",6","3",",6","0",",6","23",",6","3",",6","8","1,6","25","1,6","8","5,6","0","5,6","0","5,6","","","19180201",",1,6","19180206","+,,6","19180219","+,,6","","","19180219","+,,6","19180224",",5,6","-33.9","1,6,01,","305",",,6,06,+","25",",,6,19,+","2.5",",,6,19,+","11.1","5,6,24,","","","548.4","5,6","8.5",",,,6","88",",,,6","-6.06","5,6","1.20","5,,,6","-13.33","1,,,6"
"USC00132977","1918-03","43.2844","-93.6305","390.1","FOREST CITY 2 NNE, IA US","","","0.0","2,6","3",",6","2",",6","0",",6","5",",6","1",",6","0","1,6","24","1,6","1","1,6","4","1,6","0","1,6","","","19180310",",1,6","19180314",",,6","19180314",",,6","","","19180314",",,6","19180318",",1,6","-16.7","1,6,10,","102",",,6,14,","102",",,6,14,","21.6",",,6,14,","23.3","1,6,18,","","","403.2","1,6","26.5",",,,6","115",",,,6","4.15","2,6","11.45","1,,,6","-3.14","1,,,6"
"USC00132977","1918-04","43.2844","-93.6305","390.1","FOREST CITY 2 NNE, IA US","","","0.0","3,6","5",",6","5",",6","0",",6","","","0",",6","0","1,6","19","1,6","0","2,6","2","2,6","0","2,6","","","19180409","+,1,6","","","19180430","+,,6","","","19180428","+,,6","19180414","+,2,6","-6.7","1,6,09,+","","","0",",,6,30,+","10.2",",,6,28,+","21.1","2,6,14,+","","","329.3","2,6","39.8",",,,6","0",",,,6","6.17","3,6","13.70","2,,,6","-1.36","1,,,6"
"USC00132977","1918-05","43.2844","-93.6305","390.1","FOREST CITY 2 NNE, IA US","","","25.5","2,6","12",",6","10",",6","4",",6","","","0",",6","0","1,6","2","1,6","0","1,6","22","1,6","3","1,6","","","19180513","+,1,6","","","19180531","+,,6","","","19180509",",,6","19180503",",1,6","-2.2","1,6,13,+","","","0",",,6,31,+","45.7",",,6,09,","35.0","1,6,03,","","","83.0","1,6","189.5",",,,6","0",",,,6","16.35","2,6","24.37","1,,,6","8.33","1,,,6"
"USC00132977","1918-06","43.2844","-93.6305","390.1","FOREST CITY 2 NNE, IA US","","","63.3",",6","10",",6","8",",6","0",",6","","","0",",6","0",",6","0",",6","0",",6","27",",6","4",",6","","","19180607",",,6","","","19180630","+,,6","","","19180601",",,6","19180616","+,,6","6.1",",6,07,","","","0",",,6,30,+","22.9",",,6,01,","34.4",",6,16,+","","","23.0",",6","92.2",",,,6","0",",,,6","19.68",",6","26.13",",,,6","13.22",",,,6"
"USC00132977","1918-07","43.2844","-93.6305","390.1","FOREST CITY 2 NNE, IA US","","","79.3","4,6","6","1,6","6","1,6","1","1,6","","","0",",6","0","3,6","0","3,6","0","1,6","30","1,6","6","1,6","","","19180701",",3,6","","","19180731","+,,6","","","19180726",",1,6","19180720","+,1,6","7.2","3,6,01,","","","0",",,6,31,+","31.2","1,,6,26,","34.4","1,6,20,+","4.7","6","4.7","1,6","82.5","1,,,6","0",",,,6","21.12","4,6","27.96","1,,,6","14.27","3,,,6"
"USC00132977","1918-08","43.2844","-93.6305","390.1","FOREST CITY 2 NNE, IA US","","","96.1",",6","11",",6","6",",6","2",",6","","","0",",6","0",",6","0",",6","0",",6","29",",6","5",",6","","","19180829",",,6","","","19180831","+,,6","","","19180816",",,6","19180812",",,6","6.7",",6,29,","","","0",",,6,31,+","93.2",",,6,16,","37.8",",6,12,","14.7","6","10.0",",6","198.8",",,,6","0",",,,6","21.11",",6","27.72",",,,6","14.50",",,,6"
"USC00132977","1918-09","43.2844","-93.6305","390.1","FOREST CITY 2 NNE, IA US","","","2.2","1,6","3",",6","3",",6","0",",6","","","0",",6","0","1,6","2","1,6","0",",6","10",",6","0",",6","","","19180921","+,1,6","","","19180930","+,,6","","","19180911",",,6","19180901",",,6","-1.1","1,6,21,+","","","0",",,6,30,+","20.3",",,6,11,","29.4",",6,01,","177.6","6","162.9",",6","34.0",",,,6","0",",,,6","12.96","1,6","19.62",",,,6","6.30","1,,,6"
"USC00132977","1918-10","43.2844","-93.6305","390.1","FOREST CITY 2 NNE, IA US","","","1.7",",6","5",",6","4",",6","1",",6","","","0",",6","0",",6","4",",6","0",",6","12",",6","0",",6","","","19181031",",,6","","","19181031","+,,6","","","19181027",",,6","19181012",",,6","-2.2",",6,31,","","","0",",,6,31,+","51.1",",,6,27,","29.4",",6,12,","394.1","6","216.5",",6","84.1",",,,6","0",",,,6","11.40",",6","17.49",",,,6","5.31",",,,6"
"USC00132977","1918-11","43.2844","-93.6305","390.1","FOREST CITY 2 NNE, IA US","","","0.0",",6","6",",6","5",",6","0",",6","3",",6","1",",6","0",",6","20",",6","5",",6","0",",6","0",",6","","","19181130","+,,6","19181129","+,,6","19181128",",,6","","","19181116",",,6","19181114",",,6","-12.2",",6,30,+","127",",,6,29,+","127",",,6,28,","17.3",",,6,16,","18.9",",6,14,","840.0","6","445.9",",6","60.8",",,,6","127",",,,6","3.47",",6","8.54",",,,6","-1.60",",,,6"
"USC00132977","1918-12","43.2844","-93.6305","390.1","FOREST CITY 2 NNE, IA US","","","0.0",",6","6",",6","4",",6","0",",6","12","1,6","1",",6","0",",6","25",",6","10",",6","0",",6","0",",6","","","19181225",",,6","19181203","+,1,6","19181226",",,6","","","19181209",",,6","19181208",",,6","-15.6",",6,25,","102","1,,6,03,+","51",",,6,26,","15.7",",,6,09,","11.1",",6,08,","1444.1","6","604.1",",6","31.5",",,,6","51",",,,6","-1.15",",6","3.05",",,,6","-5.36",",,,6"
"USC00132977","1919-01","43.2844","-93.6305","390.1","FOREST CITY 2 NNE, IA US","0.0","6","0.0","1,6","2",",6","1",",6","0",",6","16",",6","1",",6","7",",6","30",",6","6","1,6","0","1,6","0","1,6","","","19190103",",,6","19190107","+,,6","19190101",",,6","","","19190101",",,6","19190129",",1,6","-31.1",",6,03,","203",",,6,07,+","127",",,6,01,","12.7",",,6,01,","12.8","1,6,29,","2094.7","6","650.6","1,6","14.0",",,,6","140",",,,6","-3.64","1,6","2.48","1,,,6","-9.75",",,,6"
"USC00132977","1919-02","43.2844","-93.6305","390.1","FOREST CITY 2 NNE, IA US","0.0","6","0.0",",6","8","1,6","8","1,6","1","1,6","18",",6","5",",6","9",",6","28",",6","12",",6","0",",6","0",",6","","","19190207",",,6","19190228",",,6","19190203",",,6","","","19190213",",1,6","19190223","+,,6","-22.2",",6,07,","203",",,6,28,","102",",,6,03,","25.4","1,,6,13,","4.4",",6,23,+","2799.0","6","704.3",",6","71.1","1,,,6","330",",,,6","-6.82",",6","-2.39",",,,6","-11.25",",,,6"
"USC00132977","1919-03","43.2844","-93.6305","390.1","FOREST CITY 2 NNE, IA US","0.0","6","0.0","2,6","4",",6","3",",6","0",",6","6","1,6","0",",6","3","1,6","25","1,6","4","1,6","1","1,6","0","1,6","","","19190301",",1,6","19190302","+,1,6","19190309","+,,6","","","19190315",",,6","19190329",",1,6","-21.7","1,6,01,","203","1,,6,02,+","0",",T,6,09,+","22.9",",,6,15,","22.2","1,6,29,","3291.7","6","492.7","1,6","31.0",",,,6","0",",T,,6","1.30","2,6","7.86","1,,,6","-5.26","1,,,6"
"USC00132977","1919-04","43.2844","-93.6305","390.1","FOREST CITY 2 NNE, IA US","0.0","6","0.0",",6","11",",6","10",",6","1",",6","","","1",",6","0",",6","8",",6","0",",6","2",",6","0",",6","","","19190401",",,6","","","19190416",",,6","","","19190407",",,6","19190422",",,6","-4.4",",6,01,","","","25",",,6,16,","53.8",",,6,07,","23.3",",6,22,","3608.0","6","316.3",",6","144.1",",,,6","25",",,,6","7.79",",6","13.13",",,,6","2.45",",,,6"
"USC00132977","1919-05","43.2844","-93.6305","390.1","FOREST CITY 2 NNE, IA US","9.7","6","9.7","1,6","7",",6","4",",6","0",",6","0",",6","0",",6","0","1,6","1","1,6","0",",6","13",",6","1",",6","","","19190502",",1,6","19190531","+,,6","19190531","+,,6","","","19190506",",,6","19190530",",,6","0.0","1,6,02,","0",",,6,31,+","0",",,6,31,+","20.3",",,6,06,","32.2",",6,30,","3765.3","6","157.3",",6","44.0",",,,6","0",",,,6","13.61","1,6","20.16",",,,6","7.07","1,,,6"
"USC00132977","1919-06","43.2844","-93.6305","390.1","FOREST CITY 2 NNE, IA US","107.6","6","97.9","1,6","15",",6","9",",6","0",",6","0",",6","0",",6","0","1,6","0","1,6","0","1,6","24","1,6","3","1,6","","","19190606",",1,6","19190630","+,,6","19190630","+,,6","","","19190604",",,6","19190618",",1,6","8.3","1,6,06,","0",",,6,30,+","0",",,6,30,+","24.4",",,6,04,","32.8","1,6,18,","3792.1","6","26.8","1,6","146.7",",,,6","0",",,,6","20.79","1,6","25.87","1,,,6","15.70","1,,,6"
"USC00132977","1919-07","43.2844","-93.6305","390.1","FOREST CITY 2 NNE, IA US","269.2","6","161.6",",6","6",",6","4",",6","0",",6","","","0",",6","0",",6","0",",6","0",",6","31",",6","10",",6","","","19190722","+,,6","","","19190731","+,,6","","","19190704",",,6","19190730",",,6","10.6",",6,22,+","","","0",",,6,31,+","23.1",",,6,04,","37.8",",6,30,","0.0","6","0.0",",6","56.9",",,,6","0",",,,6","23.55",",6","30.38",",,,6","16.71",",,,6"
"USC00132977","1919-08","43.2844","-93.6305","390.1","FOREST CITY 2 NNE, IA US","350.1","6","80.9",",6","6",",6","4",",6","0",",6","0",",6","0",",6","0",",6","0",",6","0",",6","31",",6","4",",6","","","19190831",",,6","19190831","+,,6","19190831","+,,6","","","19190813",",,6","19190803",",,6","7.2",",6,31,","0",",,6,31,+","0",",,6,31,+","19.8",",,6,13,","33.9",",6,03,","10.3","6","10.3",",6","34.0",",,,6","0",",,,6","20.61",",6","27.94",",,,6","13.28",",,,6"
"USC00132977","1919-09","43.2844","-93.6305","390.1","FOREST CITY 2 NNE, IA US","400.2","6","50.1",",6","8",",6","3",",6","1",",6","","","","","0",",6","0",",6","0",",6","24",",6","2",",6","","","19190926",",,6","","","","","","","19190910",",,6","19190907",",,6","2.8",",6,26,","","","","","26.2",",,6,10,","33.3",",6,07,","65.9","6","55.6",",6","38.0",",,,6","","","18.15",",6","24.03",",,,6","12.27",",,,6"
"USC00132977","1919-10","43.2844","-93.6305","390.1","FOREST CITY 2 NNE, IA US","404.9","6","4.7",",6","6",",6","6",",6","1",",6","","","0",",6","0",",6","11",",6","0",",6","5",",6","0",",6","","","19191028",",,6","","","19191025","+,,6","","","19191030",",,6","19191002","+,,6","-9.4",",6,28,","","","0",",T,6,25,+","27.9",",,6,30,","28.3",",6,02,+","376.1","6","310.2",",6","58.3",",,,6","0",",T,,6","8.48",",6","13.76",",,,6","3.19",",,,6"
"USC00132977","1919-11","43.2844","-93.6305","390.1","FOREST CITY 2 NNE, IA US","404.9","6","0.0",",6","7",",6","7",",6","1",",6","","","0",",6","2",",6","28",",6","6",",6","0",",6","0",",6","","","19191113",",,6","","","19191129",",,6","","","19191109",",,6","19191122","+,,6","-19.4",",6,13,","","","10",",,6,29,","31.8",",,6,09,","11.1",",6,22,+","951.6","6","575.5",",6","80.2",",,,6","20",",,,6","-0.85",",6","4.54",",,,6","-6.24",",,,6"
"USC00132977","1919-12","43.2844","-93.6305","390.1","FOREST CITY 2 NNE, IA US","404.9","6","0.0","1,6","11",",6","0",",6","0",",6","","","","","14","1,6","30","1,6","24",",6","0",",6","0",",6","","","19191210",",1,6","","","","","","","19191231",",,6","19191229",",,6","-31.1","1,6,10,","","","","","1.8",",,6,31,","5.0",",6,29,","1835.7","6","884.1",",6","9.3",",,,6","","","-11.05","1,6","-6.60",",,,6","-15.49","1,,,6"
"USC00132977","1920-01","43.2844","-93.6305","390.1","FOREST CITY 2 NNE, IA US","0.0","6","0.0","1,6","8","1,6","3","1,6","0","1,6","","","","","15","1,6","30","1,6","27",",6","0",",6","0",",6","","","19200125",",1,6","","","","","","","19200105",",1,6","19200129",",,6","-26.7","1,6,25,","","","","","11.2","1,,6,05,","8.9",",6,29,","2713.5","6","877.8",",6","25.9","1,,,6","","","-10.96","1,6","-5.63",",,,6","-16.29","1,,,6"
"USC00132977","1920-02","43.2844","-93.6305","390.1","FOREST CITY 2 NNE, IA US","0.0","6","0.0","1,6","3",",6","1",",6","0",",6","","","","","3","1,6","28","1,6","20",",6","0",",6","0",",6","","","19200215",",1,6","","","","","","","19200204",",,6","19200207",",,6","-26.1","1,6,15,","","","","","2.5",",,6,04,","5.6",",6,07,","3386.2","6","672.7",",6","5.1",",,,6","","","-5.67","1,6","-1.03",",,,6","-10.31","1,,,6"
"USC00132977","1920-03","43.2844","-93.6305","390.1","FOREST CITY 2 NNE, IA US","0.0","6","0.0",",6","","","","","","","","","","","3",",6","22",",6","6",",6","1",",6","0",",6","","","19200307","+,,6","","","","","","","","","19200331",",,6","-22.8",",6,07,+","","","","","","","24.4",",6,31,","3910.4","6","524.2",",6","","","","","1.42",",6","7.65",",,,6","-4.81",",,,6"
"USC00132977","1920-04","43.2844","-93.6305","390.1","FOREST CITY 2 NNE, IA US","0.0","6","0.0","2,6","6",",6","5",",6","0",",6","","","","","0","1,6","16","1,6","2","1,6","1","1,6","0","1,6","","","19200402",",1,6","","","","","","","19200420",",,6","19200421",",1,6","-11.1","1,6,02,","","","","","20.3",",,6,20,","21.7","1,6,21,","4296.8","6","386.4","1,6","49.1",",,,6","","","4.59","2,6","9.98","1,,,6","-0.80","1,,,6"
"USC00132977","1920-05","43.2844","-93.6305","390.1","FOREST CITY 2 NNE, IA US","17.2","6","17.2",",6","7",",6","7",",6","1",",6","","","0",",6","0",",6","0",",6","0",",6","19",",6","0",",6","","","19200514",",,6","","","19200531","+,,6","","","19200531",",,6","19200522",",,6","2.8",",6,14,","","","0",",,6,31,+","33.0",",,6,31,","30.0",",6,22,","4405.5","6","108.7",",6","113.8",",,,6","0",",,,6","15.38",",6","21.65",",,,6","9.12",",,,6"
"USC00132977","1920-06","43.2844","-93.6305","390.1","FOREST CITY 2 NNE, IA US","122.6","6","105.4",",6","","","","","","","","","0",",6","0",",6","0",",6","0",",6","25",",6","5",",6","","","19200617",",,6","","","19200630","+,,6","","","","","19200613","+,,6","6.1",",6,17,","","","0",",,6,30,+","","","34.4",",6,13,+","4439.2","6","33.7",",6","","","0",",,,6","20.72",",6","26.61",",,,6","14.84",",,,6"
"USC00132977","1920-07","43.2844","-93.6305","390.1","FOREST CITY 2 NNE, IA US","213.5","6","90.9",",6","11",",6","11",",6","0",",6","","","0",",6","0",",6","0",",6","0",",6","30",",6","2",",6","","","19200714","+,,6","","","19200731","+,,6","","","19200714",",,6","19200722",",,6","11.1",",6,14,+","","","0",",,6,31,+","22.9",",,6,14,","33.3",",6,22,","1.9","6","1.9",",6","129.4",",,,6","0",",,,6","21.20",",6","27.56",",,,6","14.85",",,,6"
"USC00132977","1920-08","43.2844","-93.6305","390.1","FOREST CITY 2 NNE, IA US","284.1","6","70.6",",6","8",",6","7",",6","2",",6","","","0",",6","0",",6","0",",6","0",",6","30",",6","0",",6","","","19200830",",,6","","","19200831","+,,6","","","19200820",",,6","19200806","+,,6","5.6",",6,30,","","","0",",,6,31,+","31.2",",,6,20,","31.7",",6,06,+","15.8","6","13.9",",6","103.9",",,,6","0",",,,6","20.16",",6","26.36",",,,6","13.96",",,,6"
"USC00132977","1920-09","43.2844","-93.6305","390.1","FOREST CITY 2 NNE, IA US","337.5","6","53.4",",6","","","","","","","","","","","0",",6","0",",6","0",",6","23",",6","0",",6","","","19200930",",,6","","","","","","","","","19200918",",,6","1.1",",6,30,","","","","","","","31.7",",6,18,","61.6","6","45.8",",6","","","","","18.59",",6","24.53",",,,6","12.64",",,,6"
"USC00132977","1920-10","43.2844","-93.6305","390.1","FOREST CITY 2 NNE, IA US","345.9","6","8.4",",6","6",",6","4",",6","0",",6","","","0",",6","0",",6","6",",6","0",",6","19",",6","0",",6","","","19201029",",,6","","","19201031","+,,6","","","19201015",",,6","19201011",",,6","-5.6",",6,29,","","","0",",,6,31,+","14.0",",,6,15,","29.4",",6,11,","220.2","6","158.6",",6","37.6",",,,6","0",",,,6","13.49",",6","20.13",",,,6","6.85",",,,6"
"USC00132977","1920-11","43.2844","-93.6305","390.1","FOREST CITY 2 NNE, IA US","345.9","6","0.0",",6","9",",6","9",",6","0",",6","","","2",",6","0",",6","21",",6","8",",6","0",",6","0",",6","","","19201113","+,,6","","","19201126",",,6","","","19201106",",,6","19201105",",,6","-13.3",",6,13,+","","","41",",,6,26,","24.9",",,6,06,","13.3",",6,05,","747.3","6","527.1",",6","75.7",",,,6","71",",,,6","0.76",",6","4.88",",,,6","-3.36",",,,6"
"USC00132977","1920-12","43.2844","-93.6305","390.1","FOREST CITY 2 NNE, IA US","345.9","6","0.0","2,6","5",",6","2",",6","0",",6","","","2",",6","6","2,6","26","2,6","15",",6","0",",6","0",",6","","","19201228",",2,6","","","19201221",",,6","","","19201221",",,6","19201211",",,6","-25.6","2,6,28,","","","97",",,6,21,","9.7",",,6,21,","10.6",",6,11,","1418.2","6","670.9",",6","15.7",",,,6","152",",,,6","-4.80","2,6","-1.06",",,,6","-8.54","2,,,6"
"USC00132977","1921-01","43.2844","-93.6305","390.1","FOREST CITY 2 NNE, IA US","0.0","6","0.0","1,6","","","","","","","","","3",",6","2","1,6","30","1,6","14",",6","0",",6","0",",6","","","19210112",",1,6","","","19210114",",,6","","","","","19210123",",,6","-20.6","1,6,12,","","","56",",,6,14,","","","8.3",",6,23,","2075.9","6","657.7",",6","","","145",",,,6","-3.67","1,6","0.49",",,,6","-7.84","1,,,6"
"USC00132977","1921-02","43.2844","-93.6305","390.1","FOREST CITY 2 NNE, IA US","0.0","6","0.0",",6","4",",6","2",",6","0",",6","","","2",",6","0",",6","27",",6","13",",6","0",",6","0",",6","","","19210219",",,6","","","19210206",",,6","","","19210206",",,6","19210215",",,6","-17.2",",6,19,","","","71",",,6,06,","7.1",",,6,06,","16.1",",6,15,","2673.8","6","597.9",",6","12.2",",,,6","109",",,,6","-3.02",",6","2.49",",,,6","-8.53",",,,6"
"USC00132977","1921-03","43.2844","-93.6305","390.1","FOREST CITY 2 NNE, IA US","","","","","4",",6","4",",6","0",",6","","","1",",6","0",",","23",",6","","","","","","","","","19210328",",,6","","","19210307",",,6","","","19210325",",,6","","","-15.0",",6,28,","","","43",",,6,07,","15.2",",,6,25,","","","","","","","29.7",",,,6","43",",,,6","","","","","-2.94",",,,6"
"USC00132977","1921-04","43.2844","-93.6305","390.1","FOREST CITY 2 NNE, IA US","","","4.8","1,6","7",",6","4",",6","0",",6","","","0",",6","0",",6","7",",6","0","1,6","9","1,6","0","1,6","","","19210410","+,,6","","","19210409",",,6","","","19210421",",,6","19210424","+,1,6","-5.0",",6,10,+","","","0",",T,6,09,","10.9",",,6,21,","26.7","1,6,24,+","","","220.8","1,6","31.8",",,,6","0",",T,,6","10.95","1,6","17.61","1,,,6","4.29",",,,6"
"USC00132977","1921-05","43.2844","-93.6305","390.1","FOREST CITY 2 NNE, IA US","","","","","13",",6","10",",6","1",",6","","","","","0",",","4",",6","","","","","","","","","19210503",",,6","","","","","","","19210519",",,6","","","-1.1",",6,03,","","","","","26.9",",,6,19,","","","","","","","153.6",",,,6","","","","","","","10.23",",,,6"
"USC00132977","1921-06","43.2844","-93.6305","390.1","FOREST CITY 2 NNE, IA US","","","152.7",",6","8",",6","5",",6","1",",6","","","0",",6","0",",6","0",",6","0",",6","28",",6","8",",6","","","19210605",",,6","","","19210630","+,,6","","","19210609",",,6","19210630","+,,6","6.7",",6,05,","","","0",",,6,30,+","34.8",",,6,09,","35.0",",6,30,+","","","12.2",",6","80.3",",,,6","0",",,,6","23.02",",6","29.26",",,,6","16.77",",,,6"
"USC00132977","1921-07","43.2844","-93.6305","390.1","FOREST CITY 2 NNE, IA US","","","210.4",",6","8",",6","4",",6","0",",6","","","","","0",",6","0",",6","0",",6","31",",6","17",",6","","","19210731",",,6","","","","","","","19210728",",,6","19210710",",,6","10.6",",6,31,","","","","","9.7",",,6,28,","37.2",",6,10,","0.0","6","0.0",",6","32.5",",,,6","","","25.12",",6","32.15",",,,6","18.10",",,,6"
"USC00132977","1921-08","43.2844","-93.6305","390.1","FOREST CITY 2 NNE, IA US","","","104.2",",6","","","","","","","","","0",",6","0",",6","0",",6","0",",6","30",",6","5",",6","","","19210821","+,,6","","","19210831","+,,6","","","","","19210829",",,6","8.3",",6,21,+","","","0",",,6,31,+","","","35.0",",6,29,","10.6","6","10.6",",6","","","0",",,,6","21.35",",6","27.92",",,,6","14.79",",,,6"
"USC00132977","1921-09","43.2844","-93.6305","390.1","FOREST CITY 2 NNE, IA US","","","42.7",",6","10",",6","7",",6","3",",6","","","0",",6","0",",6","0",",6","0",",6","27",",6","0",",6","","","19210930",",,6","","","19210930","+,,6","","","19210916",",,6","19210905","+,,6","2.8",",6,30,","","","0",",,6,30,+","51.6",",,6,16,","30.6",",6,05,+","51.7","6","41.1",",6","144.5",",,,6","0",",,,6","18.39",",6","24.91",",,,6","11.86",",,,6"
"USC00132977","1921-10","43.2844","-93.6305","390.1","FOREST CITY 2 NNE, IA US","","","0.8",",6","6",",6","5",",6","0",",6","","","0",",6","0",",6","6",",6","0",",6","7",",6","0",",6","","","19211008",",,6","","","19211007",",,6","","","19211017",",,6","19211016",",,6","-2.8",",6,08,","","","0",",T,6,07,","13.0",",,6,17,","28.3",",6,16,","274.1","6","222.4",",6","37.4",",,,6","0",",T,,6","11.18",",6","17.86",",,,6","4.51",",,,6"
"USC00132977","1921-11","43.2844","-93.6305","390.1","FOREST CITY 2 NNE, IA US","","","0.0","3,6","8",",6","6",",6","0",",6","","","6",",6","1",",6","28",",6","8","3,6","0","3,6","0","3,6","","","19211112",",,6","","","19211127",",,6","","","19211127",",,6","19211104","+,3,6","-18.9",",6,12,","","","76",",,6,27,","7.6",",,6,27,","13.3","3,6,04,+","800.2","6","526.1","3,6","24.6",",,,6","221",",,,6","-1.26","3,6","3.54","3,,,6","-6.06",",,,6"
"USC00132977","1921-12","43.2844","-93.6305","390.1","FOREST CITY 2 NNE, IA US","","","0.0","1,6","3",",6","3",",6","0",",6","","","3",",6","4",",6","29",",6","12","1,6","0","1,6","0","1,6","","","19211225",",,6","","","19211224","+,,6","","","19211216",",,6","19211213",",1,6","-27.2",",6,25,","","","76",",,6,24,+","8.1",",,6,16,","13.9","1,6,13,","1463.8","6","663.6","1,6","18.2",",,,6","177",",,,6","-3.85","1,6","1.85","1,,,6","-9.55",",,,6"
"USC00132977","1922-01","43.2844","-93.6305","390.1","FOREST CITY 2 NNE, IA US","0.0","6","0.0","1,6","","","","","","","","","4",",6","10","1,6","30","1,6","25",",6","0",",6","0",",6","","","19220124","+,1,6","","","19220104",",,6","","","","","19220109",",,6","-27.8","1,6,24,+","","","76",",,6,04,","","","5.6",",6,09,","2293.2","6","829.4",",6","","","244",",,,6","-9.33","1,6","-3.47",",,,6","-15.19","1,,,6"
"USC00132977","1922-02","43.2844","-93.6305","390.1","FOREST CITY 2 NNE, IA US","0.0","6","0.0",",6","5",",6","4",",6","1",",6","","","1",",6","11",",6","28",",6","17",",6","0",",6","0",",6","","","19220213",",,6","","","19220212",",,6","","","19220222",",,6","19220208",",,6","-24.4",",6,13,","","","25",",,6,12,","31.8",",,6,22,","6.7",",6,08,","3032.1","6","738.9",",6","57.7",",,,6","51",",,,6","-8.06",",6","-1.82",",,,6","-14.30",",,,6"
"USC00132977","1922-03","43.2844","-93.6305","390.1","FOREST CITY 2 NNE, IA US","0.0","6","0.0",",6","7",",6","3",",6","0",",6","","","0",",6","0",",6","26",",6","1",",6","0",",6","0",",6","","","19220302","+,,6","","","19220330",",,6","","","19220319",",,6","19220313",",,6","-15.0",",6,02,+","","","20",",,6,30,","11.4",",,6,19,","18.9",",6,13,","3553.5","6","521.4",",6","31.3",",,,6","38",",,,6","1.51",",6","6.40",",,,6","-3.37",",,,6"
"USC00132977","1922-04","43.2844","-93.6305","390.1","FOREST CITY 2 NNE, IA US","0.0","6","0.0",",6","7","1,6","5","1,6","1","1,6","","","0",",6","0",",6","8",",6","0",",6","1",",6","0",",6","","","19220420",",,6","","","19220419","+,,6","","","19220409",",1,6","19220406",",,6","-4.4",",6,20,","","","0",",T,6,19,+","31.8","1,,6,09,","21.1",",6,06,","3865.4","6","311.9",",6","71.9","1,,,6","0",",T,,6","7.94",",6","13.94",",,,6","1.93",",,,6"
"USC00132977","1922-05","43.2844","-93.6305","390.1","FOREST CITY 2 NNE, IA US","19.8","6","19.8",",6","12",",6","9",",6","0",",6","","","0",",6","0",",6","0",",6","0",",6","22",",6","0",",6","","","19220513",",,6","","","19220531","+,,6","","","19220503",",,6","19220511",",,6","4.4",",6,13,","","","0",",,6,31,+","6.4",",,6,03,","30.6",",6,11,","3935.9","6","70.5",",6","46.6",",,,6","0",",,,6","16.70",",6","23.18",",,,6","10.21",",,,6"
"USC00132977","1922-06","43.2844","-93.6305","390.1","FOREST CITY 2 NNE, IA US","98.4","6","78.6","1,6","8",",6","5",",6","1",",6","","","0",",6","0",",6","0",",6","0","1,6","29","1,6","0","1,6","","","19220608",",,6","","","19220630","+,,6","","","19220609",",,6","19220622",",1,6","7.8",",6,08,","","","0",",,6,30,+","29.0",",,6,09,","31.1","1,6,22,","3939.1","6","3.2","1,6","88.8",",,,6","0",",,,6","20.86","1,6","27.37","1,,,6","14.35",",,,6"
"USC00132977","1922-07","43.2844","-93.6305","390.1","FOREST CITY 2 NNE, IA US","210.0","6","111.6","1,6","4",",6","3",",6","0",",6","","","0",",6","0","1,6","0","1,6","0","1,6","29","1,6","4","1,6","","","19220703",",1,6","","","19220731","+,,6","","","19220713",",,6","19220723",",1,6","6.7","1,6,03,","","","0",",,6,31,+","3.0",",,6,13,","36.7","1,6,23,","10.8","6","10.8","1,6","8.8",",,,6","0",",,,6","21.70","1,6","28.90","1,,,6","14.49","1,,,6"
"USC00132977","1922-08","43.2844","-93.6305","390.1","FOREST CITY 2 NNE, IA US","347.9","6","137.9","1,6","7",",6","5",",6","1",",6","","","0",",6","0",",6","0",",6","0","1,6","30","1,6","11","1,6","","","19220808",",,6","","","19220831","+,,6","","","19220818",",,6","19220817",",1,6","7.8",",6,08,","","","0",",,6,31,+","31.2",",,6,18,","37.2","1,6,17,","15.5","6","4.7","1,6","87.6",",,,6","0",",,,6","22.78","1,6","29.83","1,,,6","15.72",",,,6"
"USC00132977","1922-09","43.2844","-93.6305","390.1","FOREST CITY 2 NNE, IA US","419.6","6","71.7","2,6","6",",6","4",",6","0",",6","","","0",",6","0","1,6","0","1,6","0","1,6","23","1,6","5","1,6","","","19220911",",1,6","","","19220930","+,,6","","","19220918",",,6","19220906",",1,6","2.2","1,6,11,","","","0",",,6,30,+","18.3",",,6,18,","38.3","1,6,06,","73.1","6","57.6","1,6","38.1",",,,6","0",",,,6","18.76","2,6","26.05","1,,,6","11.47","1,,,6"
"USC00132977","1922-10","43.2844","-93.6305","390.1","FOREST CITY 2 NNE, IA US","437.9","6","18.3",",6","5",",6","2",",6","0",",6","","","0",",6","0",",6","6",",6","0",",6","12",",6","0",",6","","","19221018","+,,6","","","19221016",",,6","","","19221031",",,6","19221004",",,6","-5.6",",6,18,+","","","0",",T,6,16,","20.3",",,6,31,","31.1",",6,04,","270.1","6","197.0",",6","41.0",",,,6","0",",T,,6","12.57",",6","19.65",",,,6","5.48",",,,6"
"USC00132977","1922-11","43.2844","-93.6305","390.1","FOREST CITY 2 NNE, IA US","437.9","6","0.0","1,6","12",",6","7",",6","0",",6","","","0",",6","0",",6","14",",6","0","1,6","0","1,6","0","1,6","","","19221125",",,6","","","19221127",",,6","","","19221104",",,6","19221130",",1,6","-10.0",",6,25,","","","13",",,6,27,","18.3",",,6,04,","17.2","1,6,30,","676.3","6","406.2","1,6","73.4",",,,6","13",",,,6","4.24","1,6","8.28","1,,,6","0.19",",,,6"
"USC00132977","1922-12","43.2844","-93.6305","390.1","FOREST CITY 2 NNE, IA US","437.9","6","0.0",",6","2",",6","1",",6","0",",6","","","1",",6","11",",6","31",",6","17",",6","0",",6","0",",6","","","19221215",",,6","","","19221214",",,6","","","19221214",",,6","19221225",",,6","-28.9",",6,15,","","","76",",,6,14,","7.1",",,6,14,","9.4",",6,25,","1455.2","6","778.9",",6","9.1",",,,6","96",",,,6","-6.79",",6","-1.11",",,,6","-12.48",",,,6"
"USC00132977","1923-01","43.2844","-93.6305","390.1","FOREST CITY 2 NNE, IA US","0.0","6","0.0",",6","","","","","","","","","4",",6","1",",6","31",",6","18",",6","0",",6","0",",6","","","19230106",",,6","","","19230127",",,6","","","","","19230117",",,6","-20.6",",6,06,","","","102",",,6,27,","","","4.4",",6,17,","2213.5","6","758.3",",6","","","237",",,,6","-6.13",",6","-1.16",",,,6","-11.10",",,,6"
"USC00132977","1923-02","43.2844","-93.6305","390.1","FOREST CITY 2 NNE, IA US","0.0","6","0.0",",6","3",",6","2",",6","0",",6","","","2",",6","10",",6","28",",6","23",",6","0",",6","0",",6","","","19230203",",,6","","","19230206",",,6","","","19230206",",,6","19230225",",,6","-29.4",",6,03,","","","102",",,6,06,","10.2",",,6,06,","9.4",",6,25,","2991.8","6","778.3",",6","16.6",",,,6","166",",,,6","-9.46",",6","-3.53",",,,6","-15.40",",,,6"
"USC00132977","1923-03","43.2844","-93.6305","390.1","FOREST CITY 2 NNE, IA US","0.0","6","0.0",",6","5",",6","5",",6","0",",6","","","5",",6","4",",6","30",",6","13",",6","0",",6","0",",6","","","19230319",",,6","","","19230304",",,6","","","19230304",",,6","19230302",",,6","-24.4",",6,19,","","","102",",,6,04,","10.2",",,6,04,","19.4",",6,02,","3701.1","6","709.3",",6","30.5",",,,6","305",",,,6","-4.55",",6","1.16",",,,6","-10.26",",,,6"
"USC00132977","1923-04","43.2844","-93.6305","390.1","FOREST CITY 2 NNE, IA US","0.6","6","0.6",",6","8","1,6","3","1,6","0","1,6","","","0",",6","0",",6","16",",6","1",",6","5",",6","0",",6","","","19230408",",,6","","","19230414",",,6","","","19230403",",1,6","19230419",",,6","-8.3",",6,08,","","","20",",,6,14,","14.0","1,,6,03,","27.2",",6,19,","4052.5","6","351.4",",6","39.2","1,,,6","46",",,,6","6.64",",6","12.39",",,,6","0.89",",,,6"
"USC00132977","1923-05","43.2844","-93.6305","390.1","FOREST CITY 2 NNE, IA US","6.2","6","5.6",",6","10",",6","7",",6","1",",6","","","0",",6","0",",6","2",",6","0",",6","12",",6","0",",6","","","19230509",",,6","","","19230531","+,,6","","","19230515",",,6","19230531",",,6","-3.3",",6,09,","","","0",",,6,31,+","26.4",",,6,15,","28.3",",6,31,","4204.5","6","152.0",",6","56.8",",,,6","0",",,,6","13.61",",6","19.75",",,,6","7.47",",,,6"
"USC00132977","1923-06","43.2844","-93.6305","390.1","FOREST CITY 2 NNE, IA US","113.2","6","107.0",",6","9",",6","6",",6","1",",6","","","0",",6","0",",6","0",",6","0",",6","27",",6","4",",6","","","19230629",",,6","","","19230630","+,,6","","","19230618",",,6","19230624",",,6","7.2",",6,29,","","","0",",,6,30,+","31.0",",,6,18,","34.4",",6,24,","4229.8","6","25.3",",6","84.1",",,,6","0",",,,6","21.06",",6","27.07",",,,6","15.04",",,,6"
"USC00132977","1923-07","43.2844","-93.6305","390.1","FOREST CITY 2 NNE, IA US","304.7","6","191.5","1,6","","","","","","","","","0",",6","0",",6","0",",6","0","1,6","30","1,6","15","1,6","","","19230728",",,6","","","19230731","+,,6","","","","","19230723",",1,6","9.4",",6,28,","","","0",",,6,31,+","","","37.8","1,6,23,","0.3","6","0.3","1,6","","","0",",,,6","24.65","1,6","32.15","1,,,6","17.15",",,,6"
"USC00132977","1923-08","43.2844","-93.6305","390.1","FOREST CITY 2 NNE, IA US","378.1","6","73.4","1,6","11",",6","7",",6","1",",6","","","","","0",",6","0",",6","0","1,6","30","1,6","4","1,6","","","19230822",",,6","","","","","","","19230826",",,6","19230818","+,1,6","4.4",",6,22,","","","","","26.7",",,6,26,","34.4","1,6,18,+","10.6","6","10.3","1,6","71.3",",,,6","","","20.43","1,6","27.66","1,,,6","13.21",",,,6"
"USC00132977","1923-09","43.2844","-93.6305","390.1","FOREST CITY 2 NNE, IA US","413.4","6","35.3","1,6","10",",6","8",",6","3",",6","","","0",",6","0","1,6","0","1,6","0",",6","20",",6","0",",6","","","19230914",",1,6","","","19230930","+,,6","","","19230929",",,6","19230905","+,,6","1.1","1,6,14,","","","0",",,6,30,+","52.1",",,6,29,","30.6",",6,05,+","77.3","6","66.7",",6","180.9",",,,6","0",",,,6","17.21","1,6","23.42",",,,6","11.00","1,,,6"
"USC00132977","1923-10","43.2844","-93.6305","390.1","FOREST CITY 2 NNE, IA US","413.4","6","0.0",",6","6","1,6","3","1,6","1","1,6","","","0",",6","0",",6","12",",6","0",",6","6",",6","0",",6","","","19231030",",,6","","","19231030",",,6","","","19231001",",1,6","19231010",",,6","-9.4",",6,30,","","","5",",,6,30,","80.5","1,,6,01,","25.0",",6,10,","380.9","6","303.6",",6","93.2","1,,,6","5",",,,6","8.54",",6","15.09",",,,6","1.99",",,,6"
"USC00132977","1923-11","43.2844","-93.6305","390.1","FOREST CITY 2 NNE, IA US","413.4","6","0.0",",6","2",",6","1",",6","0",",6","","","0",",6","0",",6","22",",6","0",",6","0",",6","0",",6","","","19231122",",,6","","","19231123",",,6","","","19231112",",,6","19231106",",,6","-10.6",",6,22,","","","8",",,6,23,","3.0",",,6,12,","17.2",",6,06,","812.4","6","431.5",",6","3.8",",,,6","8",",,,6","3.95",",6","10.21",",,,6","-2.31",",,,6"
"USC00132977","1923-12","43.2844","-93.6305","390.1","FOREST CITY 2 NNE, IA US","413.4","6","0.0",",6","2","1,6","1","1,6","0","1,6","","","1",",6","1",",6","30",",6","2",",6","0",",6","0",",6","","","19231231",",,6","","","19231229",",,6","","","19231229",",1,6","19231218",",,6","-23.3",",6,31,","","","64",",,6,29,","6.4","1,,6,29,","15.0",",6,18,","1380.8","6","568.4",",6","6.9","1,,,6","64",",,,6","0.00",",6","6.22",",,,6","-6.22",",,,6"
"USC00132977","1924-01","43.2844","-93.6305","390.1","FOREST CITY 2 NNE, IA US","0.0","6","0.0","2,6","4",",6","2",",6","0",",6","","","2",",6","19","1,6","30","1,6","20","1,6","0","1,6","0","1,6","","","19240105",",1,6","","","19240102",",,6","","","19240102",",,6","19240130",",1,6","-35.0","1,6,05,","","","89",",,6,02,","8.9",",,6,02,","7.2","1,6,30,","2272.0","6","891.2","1,6","17.4",",,,6","166",",,,6","-12.36","2,6","-5.40","1,,,6","-19.31","1,,,6"
"USC00132977","1924-02","43.2844","-93.6305","390.1","FOREST CITY 2 NNE, IA US","0.0","6","0.0",",6","7",",6","6",",6","0",",6","","","6",",6","6",",6","29",",6","14",",6","0",",6","0",",6","","","19240221",",,6","","","19240219","+,,6","","","19240219","+,,6","19240202",",,6","-19.4",",6,21,","","","64",",,6,19,+","6.4",",,6,19,+","11.7",",6,02,","2946.3","6","674.3",",6","28.7",",,,6","287",",,,6","-4.92",",6","0.61",",,,6","-10.45",",,,6"
"USC00132977","1924-03","43.2844","-93.6305","390.1","FOREST CITY 2 NNE, IA US","0.0","6","0.0","1,6","","","","","","","","","6",",6","0","1,6","30","1,6","10",",6","0",",6","0",",6","","","19240331",",1,6","","","19240303",",,6","","","","","19240327",",,6","-13.9","1,6,31,","","","102",",,6,03,","","","13.3",",6,27,","3541.4","6","595.1",",6","","","445",",,,6","-1.49","1,6","2.86",",,,6","-5.84","1,,,6"
"USC00132977","1924-04","43.2844","-93.6305","390.1","FOREST CITY 2 NNE, IA US","3.3","6","3.3","1,6","8",",6","5",",6","0",",6","","","","","0","1,6","11","1,6","0",",6","6",",6","0",",6","","","19240402",",1,6","","","","","","","19240426",",,6","19240424",",,6","-6.7","1,6,02,","","","","","24.1",",,6,26,","28.3",",6,24,","3818.8","6","277.4",",6","47.8",",,,6","","","8.72","1,6","15.47",",,,6","1.98","1,,,6"
"USC00132977","1924-05","43.2844","-93.6305","390.1","FOREST CITY 2 NNE, IA US","6.7","6","3.4",",6","12",",6","9",",6","0",",6","","","0",",6","0",",6","3",",6","0",",6","5",",6","1",",6","","","19240524",",,6","","","19240531","+,,6","","","19240508",",,6","19240505",",,6","-1.1",",6,24,","","","0",",,6,31,+","18.3",",,6,08,","32.8",",6,05,","4050.1","6","231.3",",6","72.3",",,,6","0",",,,6","10.98",",6","17.87",",,,6","4.09",",,,6"
"USC00132977","1924-06","43.2844","-93.6305","390.1","FOREST CITY 2 NNE, IA US","39.0","6","32.3",",6","13",",6","8",",6","3",",6","","","","","0",",6","0",",6","0",",6","26",",6","0",",6","","","19240606",",,6","","","","","","","19240612",",,6","19240619","+,,6","5.0",",6,06,","","","","","36.8",",,6,12,","28.9",",6,19,+","4099.1","6","49.0",",6","142.5",",,,6","","","17.78",",6","23.80",",,,6","11.76",",,,6"
"USC00132977","1924-07","43.2844","-93.6305","390.1","FOREST CITY 2 NNE, IA US","104.3","6","65.3",",6","9",",6","6",",6","1",",6","","","","","0",",6","0",",6","0",",6","30",",6","0",",6","","","19240702",",,6","","","","","","","19240709",",,6","19240728",",,6","7.2",",6,02,","","","","","34.8",",,6,09,","31.7",",6,28,","16.4","6","16.4",",6","83.6",",,,6","","","19.91",",6","26.76",",,,6","13.06",",,,6"
"USC00132977","1924-08","43.2844","-93.6305","390.1","FOREST CITY 2 NNE, IA US","177.3","6","73.0","1,6","11",",6","7",",6","2",",6","","","0",",6","0","1,6","0","1,6","0",",6","30",",6","3",",6","","","19240813",",1,6","","","19240831","+,,6","","","19240804",",,6","19240826",",,6","7.8","1,6,13,","","","0",",,6,31,+","52.1",",,6,04,","33.3",",6,26,","33.9","6","17.5",",6","148.6",",,,6","0",",,,6","20.28","1,6","26.70",",,,6","13.86","1,,,6"
"USC00132977","1924-09","43.2844","-93.6305","390.1","FOREST CITY 2 NNE, IA US","183.1","6","5.8",",6","10",",6","5",",6","1",",6","","","","","0",",6","1",",6","0",",6","17",",6","0",",6","","","19240930",",,6","","","","","","","19240927",",,6","19240921",",,6","-1.1",",6,30,","","","","","33.8",",,6,27,","27.2",",6,21,","160.0","6","126.1",",6","74.2",",,,6","","","14.32",",6","20.64",",,,6","8.00",",,,6"
"USC00132977","1924-10","43.2844","-93.6305","390.1","FOREST CITY 2 NNE, IA US","186.5","6","3.4",",6","4",",6","2",",6","0",",6","","","0",",6","0",",6","4",",6","0",",6","16",",6","0",",6","","","19241023","+,,6","","","19241031","+,,6","","","19241031",",,6","19241018",",,6","-1.7",",6,23,+","","","0",",,6,31,+","8.9",",,6,31,","27.8",",6,18,","311.4","6","151.4",",6","16.3",",,,6","0",",,,6","13.56",",6","20.95",",,,6","6.17",",,,6"
"USC00132977","1924-11","43.2844","-93.6305","390.1","FOREST CITY 2 NNE, IA US","186.5","6","0.0",",6","3",",6","3",",6","0",",6","","","1",",6","0",",6","24",",6","4",",6","2",",6","0",",6","","","19241129",",,6","","","19241113",",,6","","","19241111",",,6","19241101",",,6","-16.1",",6,29,","","","25",",,6,13,","12.2",",,6,11,","22.2",",6,01,","805.5","6","494.1",",6","23.1",",,,6","25",",,,6","1.86",",6","8.01",",,,6","-4.29",",,,6"
"USC00132977","1924-12","43.2844","-93.6305","390.1","FOREST CITY 2 NNE, IA US","186.5","6","0.0","5,6","9",",6","7",",6","0",",6","","","7",",6","14","4,6","27","4,6","21","2,6","0","2,6","0","2,6","","","19241228",",4,6","","","19241207",",,6","","","19241207",",,6","19241202",",2,6","-31.7","4,6,28,","","","102",",,6,07,","10.2",",,6,07,","8.3","2,6,02,","1580.3","6","774.8","2,6","35.6",",,,6","356",",,,6","-11.72","5,6","-6.32","2,,,6","-17.11","4,,,6"
"USC00132977","1925-01","43.2844","-93.6305","390.1","FOREST CITY 2 NNE, IA US","0.0","6","0.0",",6","3",",6","3",",6","0",",6","","","3",",6","8",",6","31",",6","24",",6","0",",6","0",",6","","","19250127",",,6","","","19250129",",,6","","","19250129",",,6","19250124",",,6","-26.1",",6,27,","","","51",",,6,29,","5.1",",,6,29,","3.3",",6,24,","2419.3","6","839.0",",6","10.1",",,,6","101",",,,6","-8.73",",6","-3.36",",,,6","-14.10",",,,6"
"USC00132977","1925-02","43.2844","-93.6305","390.1","FOREST CITY 2 NNE, IA US","0.0","6","0.0",",6","4",",6","3",",6","0",",6","","","3",",6","4",",6","28",",6","12",",6","0",",6","0",",6","","","19250202",",,6","","","19250201",",,6","","","19250201",",,6","19250206","+,,6","-23.9",",6,02,","","","102",",,6,01,","10.2",",,6,01,","8.9",",6,06,+","3057.1","6","637.8",",6","15.7",",,,6","157",",,,6","-4.45",",6","0.83",",,,6","-9.73",",,,6"
"USC00132977","1925-03","43.2844","-93.6305","390.1","FOREST CITY 2 NNE, IA US","0.0","6","0.0",",6","3",",6","2",",6","0",",6","","","1",",6","1",",6","24",",6","3",",6","2",",6","0",",6","","","19250302",",,6","","","19250313",",,6","","","19250313",",,6","19250323",",,6","-19.4",",6,02,","","","64",",,6,13,","6.4",",,6,13,","25.0",",6,23,","3534.2","6","477.1",",6","11.5",",,,6","64",",,,6","2.94",",6","9.79",",,,6","-3.90",",,,6"
"USC00132977","1925-04","43.2844","-93.6305","390.1","FOREST CITY 2 NNE, IA US","10.1","6","10.1",",6","9",",6","5",",6","0",",6","","","","","0",",6","2",",6","0",",6","11",",6","0",",6","","","19250405",",,6","","","","","","","19250419",",,6","19250422",",,6","-2.8",",6,05,","","","","","14.0",",,6,19,","31.7",",6,22,","3721.0","6","186.8",",6","41.2",",,,6","","","12.44",",6","19.91",",,,6","4.97",",,,6"
"USC00132977","1925-05","43.2844","-93.6305","390.1","FOREST CITY 2 NNE, IA US","40.7","6","30.6",",6","7",",6","4",",6","0",",6","","","","","0",",6","7",",6","0",",6","15",",6","4",",6","","","19250506",",,6","","","","","","","19250516",",,6","19250522",",,6","-3.3",",6,06,","","","","","20.6",",,6,16,","36.1",",6,22,","3910.8","6","189.8",",6","41.7",",,,6","","","13.20",",6","21.03",",,,6","5.36",",,,6"
"USC00132977","1925-06","43.2844","-93.6305","390.1","FOREST CITY 2 NNE, IA US","113.2","6","72.5",",6","13",",6","9",",6","2",",6","","","","","0",",6","0",",6","0",",6","27",",6","2",",6","","","19250610",",,6","","","","","","","19250604",",,6","19250605",",,6","5.6",",6,10,","","","","","61.0",",,6,04,","35.6",",6,05,","3935.7","6","24.9",",6","181.7",",,,6","","","19.92",",6","25.93",",,,6","13.90",",,,6"
"USC00132977","1925-07","43.2844","-93.6305","390.1","FOREST CITY 2 NNE, IA US","225.3","6","112.1","1,6","10",",6","6",",6","0",",6","","","","","0",",6","0",",6","0","1,6","30","1,6","6","1,6","","","19250728",",,6","","","","","","","19250706",",,6","19250711",",1,6","7.8",",6,28,","","","","","22.1",",,6,06,","35.6","1,6,11,","10.9","6","10.9","1,6","50.8",",,,6","","","21.73","1,6","28.31","1,,,6","15.16",",,,6"
"USC00132977","1925-08","43.2844","-93.6305","390.1","FOREST CITY 2 NNE, IA US","323.9","6","98.6","1,6","8",",6","5",",6","1",",6","","","0",",6","0",",6","0",",6","0","1,6","29","1,6","1","1,6","","","19250821",",,6","","","19250831","+,,6","","","19250818",",,6","19250818",",1,6","7.2",",6,21,","","","0",",,6,31,+","25.4",",,6,18,","32.8","1,6,18,","14.5","6","3.6","1,6","60.7",",,,6","0",",,,6","21.49","1,6","28.30","1,,,6","14.69",",,,6"
"USC00132977","1925-09","43.2844","-93.6305","390.1","FOREST CITY 2 NNE, IA US","399.8","6","75.9",",6","12",",6","9",",6","1",",6","","","0",",6","0",",6","0",",6","0",",6","24",",6","5",",6","","","19250921",",,6","","","19250930","+,,6","","","19250930",",,6","19250904","+,,6","3.3",",6,21,","","","0",",,6,30,+","53.3",",,6,30,","36.7",",6,04,+","62.7","6","48.2",",6","148.0",",,,6","0",",,,6","19.26",",6","25.56",",,,6","12.95",",,,6"
"USC00132977","1925-10","43.2844","-93.6305","390.1","FOREST CITY 2 NNE, IA US","399.8","6","0.0",",6","10","1,6","5","1,6","0","1,6","","","2",",6","2",",6","19",",6","4",",6","0",",6","0",",6","","","19251030",",,6","","","19251026",",,6","","","19251003",",1,6","19251003",",,6","-19.4",",6,30,","","","89",",,6,26,","11.9","1,,6,03,","20.0",",6,03,","524.4","6","461.7",",6","38.4","1,,,6","140",",,,6","3.44",",6","8.23",",,,6","-1.35",",,,6"
"USC00132977","1925-11","43.2844","-93.6305","390.1","FOREST CITY 2 NNE, IA US","399.8","6","0.0",",6","4",",6","1",",6","0",",6","","","1",",6","0",",6","27",",6","3",",6","0",",6","0",",6","","","19251128",",,6","","","19251129",",,6","","","19251129",",,6","19251120",",,6","-16.7",",6,28,","","","89",",,6,29,","8.9",",,6,29,","18.3",",6,20,","1034.3","6","509.9",",6","11.7",",,,6","94",",,,6","1.34",",6","7.26",",,,6","-4.59",",,,6"
"USC00132977","1925-12","43.2844","-93.6305","390.1","FOREST CITY 2 NNE, IA US","399.8","6","0.0","1,6","2",",6","2",",6","0",",6","","","2",",6","7","1,6","30","1,6","20",",6","0",",6","0",",6","","","19251227",",1,6","","","19251224",",,6","","","19251224",",,6","19251219","+,,6","-25.6","1,6,27,","","","102",",,6,24,","10.2",",,6,24,","6.1",",6,19,+","1816.3","6","782.0",",6","15.3",",,,6","153",",,,6","-7.66","1,6","-2.50",",,,6","-12.83","1,,,6"
"USC00132977","1926-01","43.2844","-93.6305","390.1","FOREST CITY 2 NNE, IA US","0.0","6","0.0",",6","8",",6","6",",6","0",",6","","","5",",6","9",",6","31",",6","18",",6","0",",6","0",",6","","","19260128",",,6","","","19260112",",,6","","","19260112",",,6","19260118","+,,6","-26.1",",6,28,","","","64",",,6,12,","6.4",",,6,12,","4.4",",6,18,+","2618.2","6","801.9",",6","23.6",",,,6","206",",,,6","-7.54",",6","-2.06",",,,6","-13.01",",,,6"
"USC00132977","1926-02","43.2844","-93.6305","390.1","FOREST CITY 2 NNE, IA US","0.0","6","0.0","1,6","6",",6","2",",6","0",",6","","","2",",6","0",",6","28",",6","9","1,6","0","1,6","0","1,6","","","19260204",",,6","","","19260225",",,6","","","19260225",",,6","19260228",",1,6","-14.4",",6,04,","","","51",",,6,25,","5.1",",,6,25,","12.8","1,6,28,","3181.7","6","563.5","1,6","11.0",",,,6","110",",,,6","-2.45","1,6","1.94","1,,,6","-6.84",",,,6"
"USC00132977","1926-03","43.2844","-93.6305","390.1","FOREST CITY 2 NNE, IA US","0.0","6","0.0",",6","4",",6","2",",6","0",",6","","","2",",6","2",",6","28",",6","7",",6","0",",6","0",",6","","","19260308","+,,6","","","19260306",",,6","","","19260306",",,6","19260323",",,6","-17.8",",6,08,+","","","89",",,6,06,","8.9",",,6,06,","19.4",",6,23,","3785.4","6","603.7",",6","17.1",",,,6","140",",,,6","-1.14",",6","4.20",",,,6","-6.48",",,,6"
"USC00132977","1926-04","43.2844","-93.6305","390.1","FOREST CITY 2 NNE, IA US","1.7","6","1.7",",6","7",",6","4",",6","0",",6","","","0",",6","0",",6","18",",6","1",",6","5",",6","0",",6","","","19260405",",,6","","","19260406","+,,6","","","19260424",",,6","19260430",",,6","-12.2",",6,05,","","","13",",,6,06,+","6.6",",,6,24,","29.4",",6,30,","4124.9","6","339.5",",6","23.2",",,,6","26",",,,6","7.07",",6","14.36",",,,6","-0.22",",,,6"
"USC00132977","1926-05","43.2844","-93.6305","390.1","FOREST CITY 2 NNE, IA US","32.5","6","30.8","1,6","14",",6","10",",6","1",",6","","","","","0","1,6","1","1,6","0",",6","26",",6","0",",6","","","19260503",",1,6","","","","","","","19260529",",,6","19260524",",,6","-2.2","1,6,03,","","","","","27.9",",,6,29,","31.7",",6,24,","4188.9","6","64.0",",6","97.6",",,,6","","","17.29","1,6","25.05",",,,6","9.54","1,,,6"
"USC00132977","1926-06","43.2844","-93.6305","390.1","FOREST CITY 2 NNE, IA US","65.1","6","32.6",",6","9",",6","7",",6","2",",6","","","","","0",",6","0",",6","0",",6","22",",6","1",",6","","","19260603",",,6","","","","","","","19260601",",,6","19260628",",,6","6.1",",6,03,","","","","","35.1",",,6,01,","33.3",",6,28,","4244.1","6","55.2",",6","124.3",",,,6","","","17.58",",6","24.13",",,,6","11.03",",,,6"
"USC00132977","1926-07","43.2844","-93.6305","390.1","FOREST CITY 2 NNE, IA US","208.0","6","142.9",",6","11",",6","7",",6","0",",6","","","","","0",",6","0",",6","0",",6","31",",6","6",",6","","","19260713",",,6","","","","","","","19260729",",,6","19260720",",,6","6.1",",6,13,","","","","","15.0",",,6,29,","39.4",",6,20,","3.7","6","3.7",",6","73.0",",,,6","","","22.83",",6","29.29",",,,6","16.36",",,,6"
"USC00132977","1926-08","43.2844","-93.6305","390.1","FOREST CITY 2 NNE, IA US","316.9","6","108.9",",6","8",",6","5",",6","0",",6","","","","","0",",6","0",",6","0",",6","31",",6","2",",6","","","19260807",",,6","","","","","","","19260812",",,6","19260827",",,6","11.1",",6,07,","","","","","23.4",",,6,12,","35.0",",6,27,","4.0","6","0.3",",6","69.1",",,,6","","","21.84",",6","28.02",",,,6","15.65",",,,6"
"USC00132977","1926-09","43.2844","-93.6305","390.1","FOREST CITY 2 NNE, IA US","351.3","6","34.4",",6","12",",6","6",",6","2",",6","","","","","0",",6","2",",6","0",",6","19",",6","0",",6","","","19260926",",,6","","","","","","","19260918",",,6","19260917","+,,6","-3.3",",6,26,","","","","","54.4",",,6,18,","31.1",",6,17,+","115.2","6","111.2",",6","154.1",",,,6","","","15.77",",6","21.01",",,,6","10.54",",,,6"
"USC00132977","1926-10","43.2844","-93.6305","390.1","FOREST CITY 2 NNE, IA US","353.0","6","1.7","2,6","8",",6","5",",6","1",",6","","","0",",6","0","2,6","10","2,6","0",",6","6",",6","0",",6","","","19261024",",2,6","","","19261031","+,,6","","","19261001",",,6","19261010",",,6","-7.2","2,6,24,","","","0",",,6,31,+","25.7",",,6,01,","26.1",",6,10,","388.6","6","273.4",",6","51.6",",,,6","0",",,,6","9.15","2,6","15.71",",,,6","2.59","2,,,6"
"USC00132977","1926-11","43.2844","-93.6305","390.1","FOREST CITY 2 NNE, IA US","353.0","6","0.0",",6","8",",6","6",",6","0",",6","","","4",",6","0",",6","25",",6","9",",6","0",",6","0",",6","","","19261110",",,6","","","19261108",",,6","","","19261114",",,6","19261105",",,6","-15.6",",6,10,","","","64",",,6,08,","15.2",",,6,14,","17.2",",6,05,","994.3","6","605.7",",6","35.2",",,,6","157",",,,6","-1.86",",6","2.75",",,,6","-6.46",",,,6"
"USC00132977","1926-12","43.2844","-93.6305","390.1","FOREST CITY 2 NNE, IA US","353.0","6","0.0",",6","6","1,6","5","1,6","1","1,6","","","5","1,6","7",",6","31",",6","22",",6","0",",6","0",",6","","","19261214",",,6","","","19261207",",1,6","","","19261228",",1,6","19261230","+,,6","-27.8",",6,14,","","","191","1,,6,07,","25.4","1,,6,28,","3.3",",6,30,+","1832.4","6","838.1",",6","59.0","1,,,6","361","1,,,6","-8.70",",6","-3.53",",,,6","-13.87",",,,6"
"USC00132977","1927-01","43.2844","-93.6305","390.1","FOREST CITY 2 NNE, IA US","0.0","6","0.0",",6","3",",6","2",",6","0",",6","","","2",",6","11",",6","31",",6","19",",6","0",",6","0",",6","","","19270122",",,6","","","19270108",",,6","","","19270108",",,6","19270129","+,,6","-28.3",",6,22,","","","38",",,6,08,","3.8",",,6,08,","6.1",",6,29,+","2675.2","6","842.8",",6","8.1",",,,6","81",",,,6","-8.85",",6","-3.58",",,,6","-14.13",",,,6"
"USC00132977","1927-02","43.2844","-93.6305","390.1","FOREST CITY 2 NNE, IA US","0.0","6","0.0",",6","7",",6","6",",6","0",",6","","","4",",6","4",",6","27",",6","9",",6","0",",6","0",",6","","","19270218",",,6","","","19270214",",,6","","","19270214",",,6","19270223",",,6","-21.7",",6,18,","","","76",",,6,14,","7.6",",,6,14,","13.3",",6,23,","3276.5","6","601.3",",6","27.1",",,,6","177",",,,6","-3.14",",6","2.06",",,,6","-8.35",",,,6"
"USC00132977","1927-03","43.2844","-93.6305","390.1","FOREST CITY 2 NNE, IA US","0.0","6","0.0",",6","9",",6","7",",6","0",",6","","","4",",6","0",",6","23",",6","2",",6","1",",6","0",",6","","","19270302",",,6","","","19270325",",,6","","","19270312",",,6","19270315",",,6","-12.2",",6,02,","","","102",",,6,25,","11.4",",,6,12,","21.1",",6,15,","3752.5","6","476.0",",6","45.1",",,,6","267",",,,6","2.98",",6","8.45",",,,6","-2.50",",,,6"
"USC00132977","1927-04","43.2844","-93.6305","390.1","FOREST CITY 2 NNE, IA US","0.0","6","0.0",",6","14",",6","10",",6","0",",6","","","2",",6","0",",6","11",",6","0",",6","4",",6","0",",6","","","19270422",",,6","","","19270401",",,6","","","19270413",",,6","19270426",",,6","-6.1",",6,22,","","","127",",,6,01,","21.1",",,6,13,","27.8",",6,26,","4063.1","6","310.6",",6","120.1",",,,6","178",",,,6","7.98",",6","13.50",",,,6","2.46",",,,6"
"USC00132977","1927-05","43.2844","-93.6305","390.1","FOREST CITY 2 NNE, IA US","6.9","6","6.9","1,6","9",",6","6",",6","2",",6","","","0",",6","0","1,6","0","1,6","0",",6","12",",6","0",",6","","","19270515","+,1,6","","","19270531","+,,6","","","19270528",",,6","19270517",",,6","1.7","1,6,15,+","","","0",",,6,31,+","39.4",",,6,28,","28.9",",6,17,","4220.5","6","157.4",",6","122.4",",,,6","0",",,,6","13.34","1,6","18.95",",,,6","7.73","1,,,6"
"USC00132977","1927-06","43.2844","-93.6305","390.1","FOREST CITY 2 NNE, IA US","61.3","6","54.4",",6","9",",6","6",",6","1",",6","","","0",",6","0",",6","0",",6","0",",6","18",",6","3",",6","","","19270605",",,6","","","19270630","+,,6","","","19270621",",,6","19270628",",,6","3.3",",6,05,","","","0",",,6,30,+","28.4",",,6,21,","34.4",",6,28,","4286.1","6","65.6",",6","55.2",",,,6","0",",,,6","17.96",",6","23.99",",,,6","11.93",",,,6"
"USC00132977","1927-07","43.2844","-93.6305","390.1","FOREST CITY 2 NNE, IA US","161.4","6","100.1",",6","7",",6","4",",6","0",",6","","","","","0",",6","0",",6","0",",6","30",",6","4",",6","","","19270703",",,6","","","","","","","19270721",",,6","19270727",",,6","8.9",",6,03,","","","","","6.9",",,6,21,","36.1",",6,27,","5.8","6","5.8",",6","25.1",",,,6","","","21.37",",6","28.35",",,,6","14.39",",,,6"
"USC00132977","1927-08","43.2844","-93.6305","390.1","FOREST CITY 2 NNE, IA US","212.1","6","50.7",",6","8",",6","5",",6","0",",6","","","","","0",",6","0",",6","0",",6","31",",6","1",",6","","","19270809",",,6","","","","","","","19270806",",,6","19270806",",,6","6.1",",6,09,","","","","","8.6",",,6,06,","33.3",",6,06,","21.9","6","16.1",",6","29.0",",,,6","","","19.45",",6","26.85",",,,6","12.05",",,,6"
"USC00132977","1927-09","43.2844","-93.6305","390.1","FOREST CITY 2 NNE, IA US","326.7","6","114.6",",6","11",",6","10",",6","1",",6","","","","","0",",6","1",",6","0",",6","18",",6","8",",6","","","19270920",",,6","","","","","","","19270906",",,6","19270914",",,6","0.0",",6,20,","","","","","51.3",",,6,06,","34.4",",6,14,","138.9","6","117.0",",6","134.1",",,,6","","","18.26",",6","24.18",",,,6","12.33",",,,6"
"USC00132977","1927-10","43.2844","-93.6305","390.1","FOREST CITY 2 NNE, IA US","329.8","6","3.1",",6","8",",6","4",",6","0",",6","","","","","0",",6","3",",6","0",",6","11",",6","0",",6","","","19271014",",,6","","","","","","","19271002",",,6","19271026",",,6","-2.8",",6,14,","","","","","22.9",",,6,02,","29.4",",6,26,","338.0","6","199.1",",6","48.2",",,,6","","","12.01",",6","19.03",",,,6","4.99",",,,6"
"USC00132977","1927-11","43.2844","-93.6305","390.1","FOREST CITY 2 NNE, IA US","329.8","6","0.0",",6","6",",6","4",",6","0",",6","","","1",",6","0",",6","24",",6","4",",6","0",",6","0",",6","","","19271118",",,6","","","19271119",",,6","","","19271101",",,6","19271111",",,6","-15.0",",6,18,","","","25",",,6,19,","14.0",",,6,01,","16.1",",6,11,","861.8","6","523.8",",6","29.8",",,,6","25",",,,6","0.87",",6","5.80",",,,6","-4.05",",,,6"
"USC00132977","1927-12","43.2844","-93.6305","390.1","FOREST CITY 2 NNE, IA US","329.8","6","0.0","1,6","4",",6","3",",6","0",",6","","","2",",6","15",",6","31",",6","17","1,6","0","1,6","0","1,6","","","19271208",",,6","","","19271207","+,,6","","","19271228",",,6","19271226",",1,6","-26.7",",6,08,","","","76",",,6,07,+","9.1",",,6,28,","4.4","1,6,26,","1709.8","6","848.0","1,6","25.6",",,,6","165",",,,6","-10.06","1,6","-3.62","1,,,6","-16.51",",,,6"
"USC00132977","1928-01","43.2844","-93.6305","390.1","FOREST CITY 2 NNE, IA US","0.0","6","0.0",",6","4",",6","2",",6","0",",6","","","1",",6","9",",6","31",",6","13",",6","0",",6","0",",6","","","19280102",",,6","","","19280129",",,6","","","19280129",",,6","19280110",",,6","-28.9",",6,02,","","","38",",,6,29,","3.8",",,6,29,","11.1",",6,10,","2464.6","6","754.8",",6","8.6",",,,6","56",",,,6","-6.01",",6","-0.29",",,,6","-11.74",",,,6"
"USC00132977","1928-02","43.2844","-93.6305","390.1","FOREST CITY 2 NNE, IA US","0.0","6","0.0",",6","6",",6","6",",6","0",",6","","","2",",6","4",",6","29",",6","9",",6","0",",6","0",",6","","","19280218",",,6","","","19280214",",,6","","","19280207",",,6","19280212","+,,6","-20.0",",6,18,","","","76",",,6,14,","20.6",",,6,07,","11.7",",6,12,+","3112.2","6","647.6",",6","53.8",",,,6","114",",,,6","-4.00",",6","1.10",",,,6","-9.10",",,,6"
"USC00132977","1928-03","43.2844","-93.6305","390.1","FOREST CITY 2 NNE, IA US","0.0","6","0.0","1,6","4",",6","4",",6","0",",6","","","2",",6","0",",6","26",",6","0","1,6","4","1,6","0","1,6","","","19280305",",,6","","","19280329","+,,6","","","19280308",",,6","19280323",",1,6","-15.6",",6,05,","","","89",",,6,29,+","21.6",",,6,08,","28.9","1,6,23,","3596.9","6","484.7","1,6","38.6",",,,6","178",",,,6","2.00","1,6","8.80","1,,,6","-4.81",",,,6"
"USC00132977","1928-04","43.2844","-93.6305","390.1","FOREST CITY 2 NNE, IA US","1.7","6","1.7",",6","9",",6","5",",6","0",",6","","","4",",6","0",",6","21",",6","1",",6","4",",6","0",",6","","","19280415",",,6","","","19280414",",,6","","","19280419",",,6","19280404",",,6","-13.3",",6,15,","","","114",",,6,14,","12.2",",,6,19,","25.6",",6,04,","3999.1","6","402.2",",6","44.0",",,,6","292",",,,6","4.98",",6","11.82",",,,6","-1.85",",,,6"
"USC00132977","1928-05","43.2844","-93.6305","390.1","FOREST CITY 2 NNE, IA US","18.2","6","16.5",",6","9",",6","3",",6","1",",6","","","","","0",",6","0",",6","0",",6","22",",6","1",",6","","","19280528","+,,6","","","","","","","19280504",",,6","19280524",",,6","2.2",",6,28,+","","","","","25.7",",,6,04,","33.3",",6,24,","4089.4","6","90.3",",6","56.4",",,,6","","","15.95",",6","23.59",",,,6","8.32",",,,6"
"USC00132977","1928-06","43.2844","-93.6305","390.1","FOREST CITY 2 NNE, IA US","29.1","6","10.9","2,6","10",",6","9",",6","0",",6","","","","","0","1,6","0","1,6","0","1,6","26","1,6","0","1,6","","","19280603","+,1,6","","","","","","","19280617",",,6","19280620",",1,6","3.9","1,6,03,+","","","","","17.3",",,6,17,","28.3","1,6,20,","4137.0","6","47.6","1,6","80.9",",,,6","","","17.01","2,6","23.68","1,,,6","10.34","1,,,6"
"USC00132977","1928-08","43.2844","-93.6305","390.1","FOREST CITY 2 NNE, IA US","","","141.1",",6","8",",6","4",",6","0",",6","","","","","0",",6","0",",6","0",",6","31",",6","7",",6","","","19280828",",,6","","","","","","","19280818",",,6","19280827",",,6","8.9",",6,28,","","","","","24.6",",,6,18,","34.4",",6,27,","","","0.0",",6","51.1",",,,6","","","22.88",",6","29.98",",,,6","15.79",",,,6"
"USC00132977","1928-09","43.2844","-93.6305","390.1","FOREST CITY 2 NNE, IA US","","","18.8",",6","8",",6","4",",6","1",",6","","","","","0",",6","4",",6","0",",6","20",",6","0",",6","","","19280927","+,,6","","","","","","","19280914",",,6","19280909",",,6","-1.7",",6,27,+","","","","","37.6",",,6,14,","31.7",",6,09,","","","115.6",",6","64.3",",,,6","","","15.11",",6","22.16",",,,6","8.06",",,,6"
"USC00132977","1928-10","43.2844","-93.6305","390.1","FOREST CITY 2 NNE, IA US","","","10.6",",6","5",",6","5",",6","1",",6","","","","","0",",6","8",",6","0",",6","14",",6","1",",6","","","19281029",",,6","","","","","","","19281016",",,6","19281010",",,6","-7.2",",6,29,","","","","","27.9",",,6,16,","33.3",",6,10,","","","234.7",",6","76.4",",,,6","","","11.10",",6","17.95",",,,6","4.25",",,,6"
"USC00132977","1928-11","43.2844","-93.6305","390.1","FOREST CITY 2 NNE, IA US","","","0.0",",6","11",",6","6",",6","0",",6","","","4",",6","0",",6","25",",6","1",",6","0",",6","0",",6","","","19281125",",,6","","","19281102",",,6","","","19281107",",,6","19281111",",,6","-10.6",",6,25,","","","102",",,6,02,","20.3",",,6,07,","16.1",",6,11,","","","479.5",",6","59.6",",,,6","241",",,,6","2.35",",6","7.13",",,,6","-2.43",",,,6"
"USC00132977","1928-12","43.2844","-93.6305","390.1","FOREST CITY 2 NNE, IA US","","","0.0",",6","5",",6","3",",6","0",",6","","","1",",6","3",",6","29",",6","10",",6","0",",6","0",",6","","","19281205",",,6","","","19281203",",,6","","","19281203",",,6","19281201",",,6","-22.2",",6,05,","","","89",",,6,03,","8.9",",,6,03,","8.9",",6,01,","","","682.2",",6","16.2",",,,6","102",",,,6","-3.67",",6","1.72",",,,6","-9.06",",,,6"
"USC00132977","1929-01","43.2844","-93.6305","390.1","FOREST CITY 2 NNE, IA US","0.0","6","0.0","2,6","14",",6","9",",6","0",",6","","","","","24","1,6","30","1,6","27","1,6","0","1,6","0","1,6","","","19290113","+,1,6","","","","","","","19290130",",,6","19290108",",1,6","-28.3","1,6,13,+","","","","","14.0",",,6,30,","3.3","1,6,08,","","","976.1","1,6","54.6",",,,6","","","-15.14","2,6","-8.94","1,,,6","-21.33","1,,,6"
"USC00132977","1929-02","43.2844","-93.6305","390.1","FOREST CITY 2 NNE, IA US","0.0","6","0.0",",6","9",",6","7",",6","0",",6","","","7",",6","16",",6","28",",6","28",",6","0",",6","0",",6","","","19290220",",,6","","","19290226",",,6","","","19290226",",,6","19290223",",,6","-30.0",",6,20,","","","140",",,6,26,","14.0",",,6,26,","-0.6",",6,23,","","","864.0",",6","39.4",",,,6","411",",,,6","-12.52",",6","-6.84",",,,6","-18.20",",,,6"
"USC00132977","1929-03","43.2844","-93.6305","390.1","FOREST CITY 2 NNE, IA US","0.0","6","0.0","3,6","3",",6","1",",6","0",",6","","","1",",6","2","1,6","28","1,6","3","3,6","0","3,6","0","3,6","","","19290309",",1,6","","","19290331",",,6","","","19290331",",,6","19290327",",3,6","-19.4","1,6,09,","","","94",",,6,31,","9.4",",,6,31,","17.2","3,6,27,","","","477.5","3,6","10.9",",,,6","99",",,,6","1.32","3,6","7.53","3,,,6","-4.89","1,,,6"
"USC00132977","1929-04","43.2844","-93.6305","390.1","FOREST CITY 2 NNE, IA US","2.5","6","2.5",",6","13",",6","7",",6","1",",6","","","1",",6","0",",6","10",",6","0",",6","5",",6","0",",6","","","19290402",",,6","","","19290411",",,6","","","19290425",",,6","19290404",",,6","-8.3",",6,02,","","","76",",,6,11,","49.8",",,6,25,","28.3",",6,04,","","","293.6",",6","127.8",",,,6","96",",,,6","8.63",",6","14.85",",,,6","2.41",",,,6"
"USC00132977","1929-05","43.2844","-93.6305","390.1","FOREST CITY 2 NNE, IA US","17.5","6","15.0",",6","10",",6","7",",6","2",",6","","","","","0",",6","7",",6","0",",6","11",",6","0",",6","","","19290503",",,6","","","","","","","19290511",",,6","19290528",",,6","-3.9",",6,03,","","","","","37.1",",,6,11,","29.4",",6,28,","","","191.4",",6","128.1",",,,6","","","12.64",",6","19.09",",,,6","6.20",",,,6"
"USC00132977","1929-06","43.2844","-93.6305","390.1","FOREST CITY 2 NNE, IA US","64.4","6","46.9","1,6","7",",6","3",",6","0",",6","","","","","0",",6","0",",6","0","1,6","24","1,6","1","1,6","","","19290603",",,6","","","","","","","19290627",",,6","19290610",",1,6","5.0",",6,03,","","","","","21.1",",,6,27,","32.8","1,6,10,","","","44.9","1,6","45.9",",,,6","","","18.43","1,6","25.33","1,,,6","11.54",",,,6"
"USC00132977","1929-07","43.2844","-93.6305","390.1","FOREST CITY 2 NNE, IA US","189.8","6","125.4",",6","9",",6","6",",6","2",",6","","","","","0",",6","0",",6","0",",6","31",",6","6",",6","","","19290719",",,6","","","","","","","19290713",",,6","19290726",",,6","8.9",",6,19,","","","","","42.7",",,6,13,","35.0",",6,26,","6.3","6","6.3",",6","106.2",",,,6","","","22.17",",6","28.85",",,,6","15.50",",,,6"
"USC00132977","1929-08","43.2844","-93.6305","390.1","FOREST CITY 2 NNE, IA US","275.1","6","85.3",",6","6",",6","4",",6","1",",6","","","","","0",",6","0",",6","0",",6","30",",6","0",",6","","","19290815",",,6","","","","","","","19290802",",,6","19290824",",,6","6.7",",6,15,","","","","","44.7",",,6,02,","31.7",",6,24,","16.9","6","10.6",",6","68.6",",,,6","","","20.74",",6","27.22",",,,6","14.26",",,,6"
"USC00132977","1929-09","43.2844","-93.6305","390.1","FOREST CITY 2 NNE, IA US","313.9","6","38.8",",6","10",",6","7",",6","0",",6","","","","","0",",6","1",",6","0",",6","16",",6","2",",6","","","19290918",",,6","","","","","","","19290905",",,6","19290902",",,6","-2.8",",6,18,","","","","","22.1",",,6,05,","34.4",",6,02,","131.5","6","114.6",",6","93.1",",,,6","","","15.81",",6","21.99",",,,6","9.62",",,,6"
"USC00132977","1929-10","43.2844","-93.6305","390.1","FOREST CITY 2 NNE, IA US","314.8","6","0.9",",6","9",",6","5",",6","0",",6","","","1",",6","0",",6","8",",6","0",",6","7",",6","0",",6","","","19291023",",,6","","","19291029",",,6","","","19291011",",,6","19291015",",,6","-3.9",",6,23,","","","25",",,6,29,","8.4",",,6,11,","27.8",",6,15,","399.1","6","267.6",",6","36.4",",,,6","25",",,,6","9.73",",6","16.16",",,,6","3.30",",,,6"
"USC00132977","1929-11","43.2844","-93.6305","390.1","FOREST CITY 2 NNE, IA US","314.8","6","0.0",",6","9",",6","5",",6","0",",6","","","3",",6","4",",6","28",",6","7",",6","0",",6","0",",6","","","19291129",",,6","","","19291124",",,6","","","19291110",",,6","19291105","+,,6","-23.3",",6,29,","","","38",",,6,24,","4.6",",,6,10,","12.2",",6,05,+","999.1","6","600.0",",6","24.3",",,,6","121",",,,6","-1.67",",6","4.03",",,,6","-7.37",",,,6"
"USC00132977","1929-12","43.2844","-93.6305","390.1","FOREST CITY 2 NNE, IA US","314.8","6","0.0",",6","5",",6","1",",6","0",",6","","","1",",6","8",",6","31",",6","18",",6","0",",6","0",",6","","","19291219",",,6","","","19291201",",,6","","","19291201",",,6","19291230",",,6","-26.7",",6,19,","","","89",",,6,01,","8.9",",,6,01,","11.1",",6,30,","1767.7","6","768.6",",6","12.5",",,,6","125",",,,6","-6.46",",6","-1.36",",,,6","-11.56",",,,6"
"USC00132977","1930-01","43.2844","-93.6305","390.1","FOREST CITY 2 NNE, IA US","0.0","6","0.0","1,6","9",",6","9",",6","0",",6","","","9",",6","19","1,6","30","1,6","26",",6","0",",6","0",",6","","","19300118",",1,6","","","19300114",",,6","","","19300114",",,6","19300105",",,6","-33.3","1,6,18,","","","178",",,6,14,","16.5",",,6,14,","8.9",",6,05,","2714.6","6","946.9",",6","48.6",",,,6","507",",,,6","-13.45","1,6","-7.24",",,,6","-19.66","1,,,6"
"USC00132977","1930-02","43.2844","-93.6305","390.1","FOREST CITY 2 NNE, IA US","0.0","6","0.0",",6","4",",6","3",",6","0",",6","","","2","1,6","2",",6","23",",6","6",",6","0",",6","0",",6","","","19300215",",,6","","","19300213",",1,6","","","19300213",",,6","19300220","+,,6","-27.2",",6,15,","","","51","1,,6,13,","5.1",",,6,13,","16.7",",6,20,+","3261.8","6","547.2",",6","13.2",",,,6","89","1,,,6","-1.21",",6","4.49",",,,6","-6.90",",,,6"
"USC00132977","1930-03","43.2844","-93.6305","390.1","FOREST CITY 2 NNE, IA US","0.0","6","0.0","1,6","5",",6","2",",6","0",",6","","","0",",6","1",",6","29",",6","1","1,6","1","1,6","0","1,6","","","19300302",",,6","","","19300331",",,6","","","19300317",",,6","19300316",",1,6","-18.3",",6,02,","","","20",",,6,31,","12.7",",,6,17,","24.4","1,6,16,","3770.0","6","508.2","1,6","26.2",",,,6","38",",,,6","1.34","1,6","8.32","1,,,6","-5.65",",,,6"
"USC00132977","1930-04","43.2844","-93.6305","390.1","FOREST CITY 2 NNE, IA US","3.9","6","3.9","1,6","10",",6","7",",6","0",",6","","","1",",6","0",",6","11",",6","0","1,6","8","1,6","0","1,6","","","19300401",",,6","","","19300401",",,6","","","19300420",",,6","19300410",",1,6","-11.1",",6,01,","","","41",",,6,01,","21.3",",,6,20,","31.7","1,6,10,","4021.8","6","251.8","1,6","74.0",",,,6","41",",,,6","9.76","1,6","17.28","1,,,6","2.23",",,,6"
"USC00132977","1930-05","43.2844","-93.6305","390.1","FOREST CITY 2 NNE, IA US","15.3","6","11.4","3,6","13",",6","9",",6","0",",6","","","","","0","2,6","1","2,6","0","1,6","14","1,6","0","1,6","","","19300517",",2,6","","","","","","","19300523",",,6","19300521",",1,6","-2.8","2,6,17,","","","","","22.9",",,6,23,","29.4","1,6,21,","4157.8","6","136.0","1,6","102.4",",,,6","","","14.15","3,6","20.52","1,,,6","7.78","2,,,6"
"USC00132977","1930-06","43.2844","-93.6305","390.1","FOREST CITY 2 NNE, IA US","63.6","6","48.3",",6","10",",6","9",",6","2",",6","","","0",",6","0",",6","0",",6","0",",6","27",",6","1",",6","","","19300608",",,6","","","19300630","+,,6","","","19300614",",,6","19300623",",,6","6.7",",6,08,","","","0",",,6,30,+","38.4",",,6,14,","32.8",",6,23,","4185.9","6","28.1",",6","147.6",",,,6","0",",,,6","19.01",",6","25.92",",,,6","12.09",",,,6"
"USC00132977","1930-07","43.2844","-93.6305","390.1","FOREST CITY 2 NNE, IA US","242.4","6","178.8",",6","7",",6","3",",6","1",",6","","","0",",6","0",",6","0",",6","0",",6","31",",6","14",",6","","","19300715",",,6","","","19300731","+,,6","","","19300704",",,6","19300717",",,6","7.2",",6,15,","","","0",",,6,31,+","38.6",",,6,04,","38.9",",6,17,","6.9","6","6.9",",6","53.8",",,,6","0",",,,6","23.88",",6","31.49",",,,6","16.27",",,,6"
"USC00132977","1930-08","43.2844","-93.6305","390.1","FOREST CITY 2 NNE, IA US","373.6","6","131.2",",6","5",",6","3",",6","0",",6","","","0",",6","0",",6","0",",6","0",",6","31",",6","10",",6","","","19300821","+,,6","","","19300831","+,,6","","","19300805",",,6","19300803",",,6","9.4",",6,21,+","","","0",",,6,31,+","16.5",",,6,05,","40.6",",6,03,","11.1","6","4.2",",6","26.2",",,,6","0",",,,6","22.43",",6","29.97",",,,6","14.89",",,,6"
"USC00132977","1930-09","43.2844","-93.6305","390.1","FOREST CITY 2 NNE, IA US","413.9","6","40.3",",6","8",",6","6",",6","2",",6","","","","","0",",6","2",",6","0",",6","22",",6","1",",6","","","19300928",",,6","","","","","","","19300913",",,6","19300912",",,6","-1.1",",6,28,","","","","","41.4",",,6,13,","32.2",",6,12,","83.9","6","72.8",",6","98.8",",,,6","","","17.25",",6","24.99",",,,6","9.51",",,,6"
"USC00132977","1930-10","43.2844","-93.6305","390.1","FOREST CITY 2 NNE, IA US","421.5","6","7.6",",6","8",",6","6",",6","0",",6","","","0",",6","0",",6","13",",6","0",",6","7",",6","0",",6","","","19301021","+,,6","","","19301030",",,6","","","19301002",",,6","19301010",",,6","-9.4",",6,21,+","","","13",",,6,30,","19.3",",,6,02,","30.6",",6,10,","395.5","6","311.6",",6","58.7",",,,6","13",",,,6","8.53",",6","14.59",",,,6","2.46",",,,6"
"USC00132977","1930-11","43.2844","-93.6305","390.1","FOREST CITY 2 NNE, IA US","421.5","6","0.0",",6","4",",6","3",",6","0",",6","","","1",",6","3",",6","20",",6","2",",6","1",",6","0",",6","","","19301128",",,6","","","19301125",",,6","","","19301120",",,6","19301110",",,6","-22.2",",6,28,","","","76",",,6,25,","16.3",",,6,20,","21.1",",6,10,","843.2","6","447.7",",6","35.4",",,,6","89",",,,6","3.41",",6","10.87",",,,6","-4.05",",,,6"
"USC00132977","1930-12","43.2844","-93.6305","390.1","FOREST CITY 2 NNE, IA US","421.5","6","0.0",",6","3",",6","2",",6","0",",6","","","2",",6","3",",6","31",",6","21",",6","0",",6","0",",6","","","19301201",",,6","","","19301218",",,6","","","19301218",",,6","19301209",",,6","-19.4",",6,01,","","","64",",,6,18,","6.4",",,6,18,","10.0",",6,09,","1560.3","6","717.1",",6","11.5",",,,6","115",",,,6","-4.80",",6","-0.10",",,,6","-9.50",",,,6"
"USC00132977","1931-01","43.2844","-93.6305","390.1","FOREST CITY 2 NNE, IA US","0.0","6","0.0",",6","3",",6","3",",6","0",",6","","","3",",6","3",",6","29",",6","9",",6","0",",6","0",",6","","","19310121",",,6","","","19310118",",,6","","","19310118",",,6","19310128",",,6","-21.7",",6,21,","","","76",",,6,18,","7.6",",,6,18,","12.2",",6,28,","2237.6","6","677.3",",6","12.6",",,,6","126",",,,6","-3.52",",6","2.25",",,,6","-9.29",",,,6"
"USC00132977","1931-02","43.2844","-93.6305","390.1","FOREST CITY 2 NNE, IA US","0.0","6","0.0",",6","2",",6","2",",6","0",",6","","","2",",6","1",",6","28",",6","1",",6","0",",6","0",",6","","","19310214",",,6","","","19310218",",,6","","","19310218",",,6","19310224",",,6","-17.8",",6,14,","","","64",",,6,18,","6.4",",,6,18,","15.6",",6,24,","2739.4","6","501.8",",6","11.5",",,,6","115",",,,6","0.41",",6","6.69",",,,6","-5.87",",,,6"
"USC00132977","1931-03","43.2844","-93.6305","390.1","FOREST CITY 2 NNE, IA US","0.0","6","0.0",",6","4",",6","3",",6","0",",6","","","1",",6","0",",6","31",",6","1",",6","0",",6","0",",6","","","19310316",",,6","","","19310327",",,6","","","19310323",",,6","19310311",",,6","-11.7",",6,16,","","","89",",,6,27,","15.2",",,6,23,","13.3",",6,11,","3300.6","6","561.2",",6","36.3",",,,6","117",",,,6","0.23",",6","5.87",",,,6","-5.41",",,,6"
"USC00132977","1931-04","43.2844","-93.6305","390.1","FOREST CITY 2 NNE, IA US","1.4","6","1.4",",6","","","","","","","","","0",",6","0",",6","14",",6","0",",6","13",",6","0",",6","","","19310427","+,,6","","","19310421",",,6","","","","","19310408",",,6","-5.0",",6,27,+","","","0",",T,6,21,","","","31.1",",6,08,","3563.8","6","263.2",",6","","","0",",T,,6","9.61",",6","17.46",",,,6","1.75",",,,6"
"USC00132977","1931-05","43.2844","-93.6305","390.1","FOREST CITY 2 NNE, IA US","17.3","6","15.9",",6","8",",6","6",",6","1",",6","","","0",",6","0",",6","4",",6","0",",6","17",",6","1",",6","","","19310507",",,6","","","19310518",",,6","","","19310528",",,6","19310527",",,6","-3.9",",6,07,","","","0",",T,6,18,","28.4",",,6,28,","32.2",",6,27,","3745.6","6","181.8",",6","72.8",",,,6","0",",T,,6","12.98",",6","20.41",",,,6","5.55",",,,6"
"USC00132977","1931-06","43.2844","-93.6305","390.1","FOREST CITY 2 NNE, IA US","173.8","6","156.5",",6","10",",6","7",",6","1",",6","","","","","0",",6","0",",6","0",",6","28",",6","12",",6","","","19310608",",,6","","","","","","","19310620",",,6","19310628",",,6","4.4",",6,08,","","","","","43.7",",,6,20,","38.3",",6,28,","3762.9","6","17.3",",6","91.7",",,,6","","","22.98",",6","29.97",",,,6","15.98",",,,6"
"USC00132977","1931-07","43.2844","-93.6305","390.1","FOREST CITY 2 NNE, IA US","348.1","6","174.3",",6","4",",6","3",",6","0",",6","","","0",",6","0",",6","0",",6","0",",6","31",",6","17",",6","","","19310708",",,6","","","19310731","+,,6","","","19310702",",,6","19310727",",,6","8.3",",6,08,","","","0",",,6,31,+","24.4",",,6,02,","38.3",",6,27,","3.4","6","3.4",",6","55.2",",,,6","0",",,,6","23.85",",6","31.86",",,,6","15.83",",,,6"
"USC00132977","1931-08","43.2844","-93.6305","390.1","FOREST CITY 2 NNE, IA US","458.2","6","110.1",",6","6",",6","5",",6","2",",6","","","0",",6","0",",6","0",",6","0",",6","31",",6","10",",6","","","19310830",",,6","","","19310831","+,,6","","","19310802",",,6","19310805","+,,6","4.4",",6,30,","","","0",",,6,31,+","36.6",",,6,02,","35.0",",6,05,+","20.7","6","17.3",",6","87.8",",,,6","0",",,,6","21.33",",6","28.97",",,,6","13.68",",,,6"
"USC00132977","1931-09","43.2844","-93.6305","390.1","FOREST CITY 2 NNE, IA US","557.5","6","99.3",",6","12",",6","9",",6","3",",6","","","0",",6","0",",6","0",",6","0",",6","25",",6","9",",6","","","19310924",",,6","","","19310930","+,,6","","","19310925",",,6","19310910",",,6","1.7",",6,24,","","","0",",,6,30,+","42.7",",,6,25,","37.2",",6,10,","69.9","6","49.2",",6","155.6",",,,6","0",",,,6","20.01",",6","27.05",",,,6","12.96",",,,6"
"USC00132977","1931-10","43.2844","-93.6305","390.1","FOREST CITY 2 NNE, IA US","559.7","6","2.2",",6","8",",6","7",",6","1",",6","","","0",",6","0",",6","2",",6","0",",6","12",",6","0",",6","","","19311029",",,6","","","19311031","+,,6","","","19311007",",,6","19311002",",,6","-0.6",",6,29,","","","0",",,6,31,+","48.3",",,6,07,","27.2",",6,02,","261.8","6","191.9",",6","99.2",",,,6","0",",,,6","12.21",",6","18.25",",,,6","6.18",",,,6"
"USC00132977","1931-11","43.2844","-93.6305","390.1","FOREST CITY 2 NNE, IA US","559.7","6","0.0",",6","13",",6","10",",6","1",",6","","","0",",6","0",",6","22",",6","3",",6","2",",6","0",",6","1","","19311125",",,6","","","19311127",",,6","","","19311123",",,6","19311108",",,6","-13.3",",6,25,","","","13",",,6,27,","42.7",",,6,23,","25.0",",6,08,","690.5","6","428.7",",6","141.9",",,,6","13",",,,6","4.04",",6","9.74",",,,6","-1.65",",,,6"
"USC00132977","1931-12","43.2844","-93.6305","390.1","FOREST CITY 2 NNE, IA US","559.7","6","0.0",",6","7",",6","5",",6","0",",6","","","3",",6","0",",6","29",",6","5",",6","0",",6","0",",6","","","19311207",",,6","","","19311231","+,,6","","","19311211",",,6","19311218",",,6","-15.6",",6,07,","","","64",",,6,31,+","17.0",",,6,11,","10.0",",6,18,","1287.0","6","596.5",",6","50.4",",,,6","200",",,,6","-0.91",",6","3.46",",,,6","-5.27",",,,6"
"USC00132977","1932-01","43.2844","-93.6305","390.1","FOREST CITY 2 NNE, IA US","0.0","6","0.0",",6","14",",6","9",",6","0",",6","29","2,6","9","1,6","7",",6","31",",6","20",",6","0",",6","0",",6","","","19320131",",,6","19320113",",2,6","19320105",",1,6","","","19320105",",,6","19320112",",,6","-30.0",",6,31,","1067","2,,6,13,","140","1,,6,05,","14.0",",,6,05,","3.9",",6,12,","2126.9","6","839.9",",6","64.7",",,,6","639","1,,,6","-8.76",",6","-3.18",",,,6","-14.34",",,,6"
"USC00132977","1932-02","43.2844","-93.6305","390.1","FOREST CITY 2 NNE, IA US","0.0","6","0.0",",6","8","1,6","5","1,6","0","1,6","27",",6","5",",6","8",",6","29",",6","12",",6","0",",6","0",",6","","","19320203",",,6","19320219","+,,6","19320216",",,6","","","19320216",",1,6","19320228",",,6","-24.4",",6,03,","203",",,6,19,+","64",",,6,16,","9.4","1,,6,16,","11.1",",6,28,","2829.1","6","702.2",",6","27.7","1,,,6","247",",,,6","-5.88",",6","0.54",",,,6","-12.30",",,,6"
"USC00132977","1932-03","43.2844","-93.6305","390.1","FOREST CITY 2 NNE, IA US","0.0","6","0.0",",6","13",",6","9",",6","0",",6","24","2,6","9",",6","6",",6","30",",6","14",",6","0",",6","0",",6","","","19320308",",,6","19320324","+,2,6","19320324",",,6","","","19320324",",,6","19320329",",,6","-21.7",",6,08,","127","2,,6,24,+","229",",,6,24,","22.9",",,6,24,","18.3",",6,29,","3539.4","6","710.3",",6","69.4",",,,6","633",",,,6","-4.58",",6","0.21",",,,6","-9.37",",,,6"
"USC00132977","1932-04","43.2844","-93.6305","390.1","FOREST CITY 2 NNE, IA US","0.0","6","0.0",",6","5",",6","2",",6","0",",6","","","0",",6","0",",6","10",",6","0",",6","2",",6","0",",6","","","19320412",",,6","","","19320430","+,,6","","","19320405",",,6","19320422",",,6","-3.9",",6,12,","","","0",",,6,30,+","11.9",",,6,05,","24.4",",6,22,","3834.2","6","294.8",",6","28.2",",,,6","0",",,,6","8.51",",6","14.50",",,,6","2.51",",,,6"
"USC00132977","1932-05","43.2844","-93.6305","390.1","FOREST CITY 2 NNE, IA US","19.7","6","19.7","1,6","11",",6","7",",6","1",",6","","","0",",6","0","1,6","0","1,6","0",",6","22",",6","1",",6","","","19320501",",1,6","","","19320531","+,,6","","","19320524",",,6","19320514",",,6","1.7","1,6,01,","","","0",",,6,31,+","37.8",",,6,24,","33.9",",6,14,","3920.2","6","86.0",",6","113.7",",,,6","0",",,,6","16.12","1,6","22.80",",,,6","9.44","1,,,6"
"USC00132977","1932-06","43.2844","-93.6305","390.1","FOREST CITY 2 NNE, IA US","119.7","6","100.0",",6","15","1,6","10","1,6","1","1,6","","","0",",6","0",",6","0",",6","0",",6","30",",6","4",",6","","","19320623",",,6","","","19320630","+,,6","","","19320618",",1,6","19320630",",,6","10.6",",6,23,","","","0",",,6,30,+","75.9","1,,6,18,","33.3",",6,30,","3921.3","6","1.1",",6","171.8","1,,,6","0",",,,6","21.63",",6","27.38",",,,6","15.87",",,,6"
"USC00132977","1932-07","43.2844","-93.6305","390.1","FOREST CITY 2 NNE, IA US","272.5","6","152.8",",6","7",",6","6",",6","2",",6","","","0",",6","0",",6","0",",6","0",",6","30",",6","11",",6","","","19320702",",,6","","","19320731","+,,6","","","19320726",",,6","19320720",",,6","8.9",",6,02,","","","0",",,6,31,+","39.6",",,6,26,","36.1",",6,20,","3.6","6","3.6",",6","120.5",",,,6","0",",,,6","23.15",",6","29.73",",,,6","16.56",",,,6"
"USC00132977","1932-08","43.2844","-93.6305","390.1","FOREST CITY 2 NNE, IA US","380.9","6","108.4",",6","13",",6","5",",6","2",",6","","","0",",6","0",",6","0",",6","0",",6","30",",6","4",",6","","","19320819",",,6","","","19320831","+,,6","","","19320828",",,6","19320804",",,6","9.4",",6,19,","","","0",",,6,31,+","40.4",",,6,28,","35.0",",6,04,","8.0","6","4.4",",6","108.2",",,,6","0",",,,6","21.69",",6","27.79",",,,6","15.58",",,,6"
"USC00132977","1932-09","43.2844","-93.6305","390.1","FOREST CITY 2 NNE, IA US","390.9","6","10.0",",6","8",",6","4",",6","0",",6","","","0",",6","0",",6","0",",6","0",",6","18",",6","0",",6","","","19320929",",,6","","","19320930","+,,6","","","19320912",",,6","19320918","+,,6","1.7",",6,29,","","","0",",,6,30,+","21.8",",,6,12,","29.4",",6,18,+","99.4","6","91.4",",6","58.4",",,,6","0",",,,6","15.62",",6","22.88",",,,6","8.35",",,,6"
"USC00132977","1932-10","43.2844","-93.6305","390.1","FOREST CITY 2 NNE, IA US","391.7","6","0.8",",6","8",",6","3",",6","0",",6","","","1",",6","0",",6","13",",6","0",",6","9",",6","0",",6","","","19321030","+,,6","","","19321031",",,6","","","19321022",",,6","19321001",",,6","-3.9",",6,30,+","","","76",",,6,31,","15.0",",,6,22,","28.3",",6,01,","401.1","6","301.7",",6","36.7",",,,6","89",",,,6","8.63",",6","14.87",",,,6","2.38",",,,6"
"USC00132977","1932-11","43.2844","-93.6305","390.1","FOREST CITY 2 NNE, IA US","391.7","6","0.0","1,6","6",",6","4",",6","1",",6","","","3",",6","1","1,6","27","1,6","5",",6","0",",6","0",",6","","","19321119",",1,6","","","19321108",",,6","","","19321108",",,6","19321106",",,6","-18.3","1,6,19,","","","64",",,6,08,","38.6",",,6,08,","17.8",",6,06,","947.0","6","545.9",",6","57.1",",,,6","114",",,,6","-0.53","1,6","4.88",",,,6","-5.94","1,,,6"
"USC00132977","1932-12","43.2844","-93.6305","390.1","FOREST CITY 2 NNE, IA US","391.7","6","0.0",",6","5",",6","2",",6","0",",6","13",",6","2",",6","11",",6","30",",6","16",",6","0",",6","0",",6","","","19321216",",,6","19321213","+,,6","19321211",",,6","","","19321211",",,6","19321202",",,6","-28.3",",6,16,","127",",,6,13,+","127",",,6,11,","9.7",",,6,11,","13.9",",6,02,","1747.0","6","800.0",",6","14.8",",,,6","162",",,,6","-7.47",",6","-2.26",",,,6","-12.69",",,,6"
"USC00132977","1933-01","43.2844","-93.6305","390.1","FOREST CITY 2 NNE, IA US","0.0","6","0.0",",6","5",",6","5",",6","1",",6","","","2",",6","1",",6","31",",6","6",",6","0",",6","0",",6","","","19330114",",,6","","","19330113","+,,6","","","19330122",",,6","19330106",",,6","-21.7",",6,14,","","","38",",,6,13,+","26.4",",,6,22,","11.1",",6,06,","2382.8","6","635.8",",6","45.5",",,,6","76",",,,6","-2.18",",6","3.28",",,,6","-7.63",",,,6"
"USC00132977","1933-02","43.2844","-93.6305","390.1","FOREST CITY 2 NNE, IA US","0.0","6","0.0",",6","5",",6","2",",6","0",",6","","","2",",6","10",",6","28",",6","12",",6","0",",6","0",",6","","","19330209",",,6","","","19330219","+,,6","","","19330219",",,6","19330223",",,6","-32.2",",6,09,","","","38",",,6,19,+","7.9",",,6,19,","12.8",",6,23,","3106.8","6","724.0",",6","15.1",",,,6","110",",,,6","-7.52",",6","-1.65",",,,6","-13.40",",,,6"
"USC00132977","1933-03","43.2844","-93.6305","390.1","FOREST CITY 2 NNE, IA US","0.0","6","0.0",",6","8",",6","8",",6","0",",6","11",",6","4",",6","1",",6","27",",6","4",",6","0",",6","0",",6","","","19330310",",,6","19330319",",,6","19330319",",,6","","","19330329",",,6","19330313","+,,6","-18.9",",6,10,","457",",,6,19,","508",",,6,19,","22.4",",,6,29,","18.3",",6,13,+","3670.8","6","564.0",",6","89.5",",,,6","711",",,,6","0.14",",6","5.32",",,,6","-5.04",",,,6"
"USC00132977","1933-04","43.2844","-93.6305","390.1","FOREST CITY 2 NNE, IA US","0.0","6","0.0",",6","6",",6","2",",6","0",",6","","","0",",6","0",",6","13",",6","0",",6","5",",6","0",",6","","","19330414",",,6","","","19330412","+,,6","","","19330405",",,6","19330424",",,6","-4.4",",6,14,","","","0",",T,6,12,+","13.0",",,6,05,","25.0",",6,24,","3977.9","6","307.1",",6","19.4",",,,6","0",",T,,6","8.10",",6","14.54",",,,6","1.65",",,,6"
"USC00132977","1933-05","43.2844","-93.6305","390.1","FOREST CITY 2 NNE, IA US","19.5","6","19.5",",6","14",",6","8",",6","1",",6","","","0",",6","0",",6","0",",6","0",",6","18",",6","0",",6","","","19330503",",,6","","","19330531","+,,6","","","19330520",",,6","19330518",",,6","1.1",",6,03,","","","0",",,6,31,+","35.1",",,6,20,","31.1",",6,18,","4100.8","6","122.9",",6","90.4",",,,6","0",",,,6","15.00",",6","21.06",",,,6","8.94",",,,6"
"USC00132977","1933-06","43.2844","-93.6305","390.1","FOREST CITY 2 NNE, IA US","227.2","6","207.7",",6","6",",6","2",",6","0",",6","","","0",",6","0",",6","0",",6","0",",6","30",",6","20",",6","","","19330613",",,6","","","19330630","+,,6","","","19330603",",,6","19330630","+,,6","6.1",",6,13,","","","0",",,6,30,+","20.6",",,6,03,","37.8",",6,30,+","4108.3","6","7.5",",6","27.4",",,,6","0",",,,6","25.01",",6","33.03",",,,6","16.98",",,,6"
"USC00132977","1933-07","43.2844","-93.6305","390.1","FOREST CITY 2 NNE, IA US","401.7","6","174.5",",6","5",",6","5",",6","3",",6","","","0",",6","0",",6","0",",6","0",",6","31",",6","7",",6","","","19330716",",,6","","","19330731","+,,6","","","19330702",",,6","19330713",",,6","11.1",",6,16,","","","0",",,6,31,+","55.4",",,6,02,","36.1",",6,13,","0.0","6","0.0",",6","140.0",",,,6","0",",,,6","23.96",",6","30.66",",,,6","17.26",",,,6"
"USC00132977","1933-08","43.2844","-93.6305","390.1","FOREST CITY 2 NNE, IA US","485.8","6","84.1",",6","6",",6","3",",6","0",",6","","","0",",6","0",",6","0",",6","0",",6","31",",6","2",",6","","","19330829",",,6","","","19330831","+,,6","","","19330816",",,6","19330808",",,6","8.3",",6,29,","","","0",",,6,31,+","24.4",",,6,16,","33.9",",6,08,","4.8","6","4.8",",6","42.5",",,,6","0",",,,6","20.89",",6","27.92",",,,6","13.86",",,,6"
"USC00132977","1933-09","43.2844","-93.6305","390.1","FOREST CITY 2 NNE, IA US","566.4","6","80.6","1,6","9",",6","7",",6","1",",6","","","0",",6","0","1,6","0","1,6","0",",6","23",",6","4",",6","","","19330927",",1,6","","","19330930","+,,6","","","19330902",",,6","19330908",",,6","0.6","1,6,27,","","","0",",,6,30,+","37.8",",,6,02,","35.0",",6,08,","40.0","6","35.2",",6","97.6",",,,6","0",",,,6","19.74","1,6","26.08",",,,6","13.40","1,,,6"
"USC00132977","1933-10","43.2844","-93.6305","390.1","FOREST CITY 2 NNE, IA US","566.4","6","0.0","1,6","3",",6","2",",6","0",",6","","","0",",6","0","1,6","12","1,6","0",",6","7",",6","0",",6","","","19331025",",1,6","","","19331027",",,6","","","19331016",",,6","19331014",",,6","-7.2","1,6,25,","","","0",",T,6,27,","14.2",",,6,16,","26.7",",6,14,","331.3","6","291.3",",6","22.3",",,,6","0",",T,,6","8.80","1,6","15.69",",,,6","1.91","1,,,6"
"USC00132977","1933-11","43.2844","-93.6305","390.1","FOREST CITY 2 NNE, IA US","568.1","6","1.7",",6","3",",6","2",",6","0",",6","","","2","1,6","1",",6","29",",6","4",",6","1",",6","0",",6","","","19331116",",,6","","","19331122",",1,6","","","19331122",",,6","19331101",",,6","-18.3",",6,16,","","","51","1,,6,22,","5.1",",,6,22,","25.6",",6,01,","847.9","6","516.6",",6","10.2",",,,6","97","1,,,6","1.17",",6","7.49",",,,6","-5.15",",,,6"
"USC00132977","1933-12","43.2844","-93.6305","390.1","FOREST CITY 2 NNE, IA US","568.1","6","0.0","1,6","4",",6","3",",6","0",",6","","","2",",6","7","1,6","28","1,6","12",",6","0",",6","0",",6","1","","19331227",",1,6","","","19331225",",,6","","","19331225",",,6","19331220",",,6","-30.0","1,6,27,","","","152",",,6,25,","15.2",",,6,25,","10.0",",6,20,","1580.3","6","732.4",",6","29.7",",,,6","216",",,,6","-6.02","1,6","-0.72",",,,6","-11.33","1,,,6"
"USC00132977","1934-01","43.2844","-93.6305","390.1","FOREST CITY 2 NNE, IA US","0.0","6","0.0","3,6","7",",6","6",",6","0",",6","","","3",",6","5","2,6","29","2,6","15","1,6","0","1,6","0","1,6","","","19340129",",2,6","","","19340113",",,6","","","19340113",",,6","19340127",",1,6","-25.6","2,6,29,","","","76",",,6,13,","7.6",",,6,13,","10.0","1,6,27,","2247.5","6","667.2","1,6","29.2",",,,6","152",",,,6","-5.47","3,6","0.15","1,,,6","-11.09","2,,,6"
"USC00132977","1934-02","43.2844","-93.6305","390.1","FOREST CITY 2 NNE, IA US","0.0","6","0.0",",6","","","","","","","","","","","6",",6","28",",6","13",",6","0",",6","0",",6","","","19340226",",,6","","","","","","","","","19340214",",,6","-24.4",",6,26,","","","","","","","15.0",",6,14,","2915.3","6","667.8",",6","","","","","-5.52",",6","0.08",",,,6","-11.11",",,,6"
"USC00132977","1934-03","43.2844","-93.6305","390.1","FOREST CITY 2 NNE, IA US","0.0","6","0.0",",6","5",",6","2",",6","0",",6","","","2",",6","0",",6","30",",6","7",",6","2",",6","0",",6","","","19340318","+,,6","","","19340330",",,6","","","19340330",",,6","19340320",",,6","-16.7",",6,18,+","","","305",",,6,30,","24.6",",,6,30,","25.6",",6,20,","3494.8","6","579.5",",6","32.6",",,,6","369",",,,6","-0.36",",6","6.27",",,,6","-6.99",",,,6"
"USC00132977","1934-04","43.2844","-93.6305","390.1","FOREST CITY 2 NNE, IA US","4.7","6","4.7",",6","3",",6","2",",6","1",",6","","","0",",6","0",",6","12",",6","0",",6","6",",6","0",",6","","","19340421",",,6","","","19340420","+,,6","","","19340403",",,6","19340430",",,6","-4.4",",6,21,","","","0",",T,6,20,+","46.5",",,6,03,","30.0",",6,30,","3801.0","6","306.2",",6","52.9",",,,6","0",",T,,6","8.28",",6","14.93",",,,6","1.64",",,,6"
"USC00132977","1934-05","43.2844","-93.6305","390.1","FOREST CITY 2 NNE, IA US","111.2","6","106.5",",6","3",",6","3",",6","0",",6","","","0",",6","0",",6","0",",6","0",",6","27",",6","11",",6","","","19340515",",,6","","","19340531","+,,6","","","19340508",",,6","19340531",",,6","3.3",",6,15,","","","0",",,6,31,+","13.2",",,6,08,","41.1",",6,31,","3847.7","6","46.7",",6","29.7",",,,6","0",",,,6","20.26",",6","28.33",",,,6","12.20",",,,6"
"USC00132977","1934-06","43.2844","-93.6305","390.1","FOREST CITY 2 NNE, IA US","270.9","6","159.7",",6","8",",6","8",",6","2",",6","","","0",",6","0",",6","0",",6","0",",6","30",",6","14",",6","","","19340613","+,,6","","","19340630","+,,6","","","19340609",",,6","19340627","+,,6","10.0",",6,13,+","","","0",",,6,30,+","47.5",",,6,09,","40.0",",6,27,+","3850.2","6","2.5",",6","128.3",",,,6","0",",,,6","23.57",",6","30.87",",,,6","16.28",",,,6"
"USC00132977","1934-07","43.2844","-93.6305","390.1","FOREST CITY 2 NNE, IA US","460.8","6","189.9",",6","10",",6","8",",6","0",",6","","","0",",6","0",",6","0",",6","0",",6","31",",6","11",",6","","","19340707",",,6","","","19340713",",,6","","","19340712",",,6","19340724","+,,6","9.4",",6,07,","","","0",",T,6,13,","21.3",",,6,12,","38.9",",6,24,+","1.4","6","1.4",",6","95.5",",,,6","0",",T,,6","24.41",",6","30.84",",,,6","17.98",",,,6"
"USC00132977","1934-08","43.2844","-93.6305","390.1","FOREST CITY 2 NNE, IA US","573.3","6","112.5",",6","12",",6","8",",6","0",",6","","","0",",6","0",",6","0",",6","0",",6","29",",6","8",",6","","","19340824",",,6","","","19340831","+,,6","","","19340815",",,6","19340808",",,6","2.2",",6,24,","","","0",",,6,31,+","16.8",",,6,15,","37.2",",6,08,","28.8","6","27.4",",6","81.3",",,,6","0",",,,6","21.08",",6","28.03",",,,6","14.13",",,,6"
"USC00132977","1934-09","43.2844","-93.6305","390.1","FOREST CITY 2 NNE, IA US","589.5","6","16.2",",6","12",",6","9",",6","1",",6","","","0",",6","0",",6","1",",6","0",",6","16",",6","0",",6","","","19340927",",,6","","","19340930","+,,6","","","19340926",",,6","19340901",",,6","0.0",",6,27,","","","0",",,6,30,+","42.4",",,6,26,","29.4",",6,01,","155.1","6","126.3",",6","138.0",",,,6","0",",,,6","14.66",",6","20.93",",,,6","8.39",",,,6"
"USC00132977","1934-10","43.2844","-93.6305","390.1","FOREST CITY 2 NNE, IA US","590.9","6","1.4",",6","5",",6","4",",6","1",",6","","","0",",6","0",",6","5",",6","0",",6","17",",6","0",",6","","","19341028",",,6","","","19341031","+,,6","","","19341020",",,6","19341011",",,6","-5.6",",6,28,","","","0",",,6,31,+","27.4",",,6,20,","26.7",",6,11,","341.7","6","186.6",",6","51.1",",,,6","0",",,,6","12.36",",6","19.12",",,,6","5.60",",,,6"
"USC00132977","1934-11","43.2844","-93.6305","390.1","FOREST CITY 2 NNE, IA US","590.9","6","0.0",",6","7",",6","5",",6","1",",6","","","1",",6","0",",6","18",",6","1",",6","1",",6","0",",6","","","19341123",",,6","","","19341130",",,6","","","19341120",",,6","19341106",",,6","-8.9",",6,23,","","","165",",,6,30,","56.1",",,6,20,","21.1",",6,06,","767.3","6","425.6",",6","121.6",",,,6","165",",,,6","4.15",",6","8.87",",,,6","-0.58",",,,6"
"USC00132977","1934-12","43.2844","-93.6305","390.1","FOREST CITY 2 NNE, IA US","590.9","6","0.0","1,6","7","1,6","6","1,6","0","1,6","30","1,6","7",",6","9",",6","31",",6","23","1,6","0","1,6","0","1,6","","","19341226",",,6","19341208","+,1,6","19341203",",,6","","","19341203",",1,6","19341212",",1,6","-26.1",",6,26,","229","1,,6,08,+","89",",,6,03,","8.9","1,,6,03,","3.9","1,6,12,","1555.6","6","788.3","1,6","31.5","1,,,6","369",",,,6","-8.16","1,6","-2.96","1,,,6","-13.35",",,,6"
"USC00132977","1935-01","43.2844","-93.6305","390.1","FOREST CITY 2 NNE, IA US","","","","","5",",6","5",",6","0",",6","","","5",",6","14","2,6","29","2,6","19","4,6","0","4,6","0","4,6","","","19350123",",2,6","","","19350112",",,6","","","19350112",",,6","19350104",",4,6","-33.9","2,6,23,","","","89",",,6,12,","8.9",",,6,12,","6.1","4,6,04,","","","","","29.3",",,,6","280",",,,6","-9.28","6,6","-3.04","4,,,6","-15.52","2,,,6"
"USC00132977","1935-02","43.2844","-93.6305","390.1","FOREST CITY 2 NNE, IA US","","","0.0","1,6","5",",6","3",",6","0",",6","24","2,6","","","2","1,6","26","1,6","9",",6","0",",6","0",",6","","","19350226",",1,6","19350201",",2,6","","","","","19350225",",,6","19350223",",,6","-20.6","1,6,26,","152","2,,6,01,","","","10.2",",,6,25,","7.8",",6,23,","","","579.5",",6","17.7",",,,6","","","-3.12","1,6","0.96",",,,6","-7.20","1,,,6"
"USC00132977","1935-03","43.2844","-93.6305","390.1","FOREST CITY 2 NNE, IA US","","","0.0","2,6","7",",6","5",",6","0",",6","","","3",",6","1","2,6","18","2,6","5",",6","3",",6","0",",6","","","19350308",",2,6","","","19350330","+,,6","","","19350330","+,,6","19350322",",,6","-18.3","2,6,08,","","","76",",,6,30,+","7.6",",,6,30,+","23.3",",6,22,","","","440.5",",6","27.8",",,,6","195",",,,6","2.95","2,6","8.48",",,,6","-2.58","2,,,6"
"USC00132977","1935-04","43.2844","-93.6305","390.1","FOREST CITY 2 NNE, IA US","","","0.0",",6","8","1,6","5","1,6","0","1,6","","","1",",6","0",",6","14",",6","0",",6","2",",6","0",",6","","","19350415",",,6","","","19350401",",,6","","","19350411",",1,6","19350414",",,6","-7.8",",6,15,","","","64",",,6,01,","16.3","1,,6,11,","22.2",",6,14,","","","351.0",",6","59.5","1,,,6","64",",,,6","6.63",",6","11.50",",,,6","1.76",",,,6"
"USC00132977","1935-05","43.2844","-93.6305","390.1","FOREST CITY 2 NNE, IA US","","","0.0",",6","","","","","","","","","0",",6","0",",6","1",",6","0",",6","10",",6","0",",6","","","19350503",",,6","","","19350503",",,6","","","","","19350529","+,,6","-1.1",",6,03,","","","0",",T,6,03,","","","25.0",",6,29,+","","","187.4",",6","","","0",",T,,6","12.29",",6","17.72",",,,6","6.85",",,,6"
"USC00132977","1935-06","43.2844","-93.6305","390.1","FOREST CITY 2 NNE, IA US","","","36.5",",6","15",",6","8",",6","3",",6","","","0",",6","0",",6","0",",6","0",",6","22",",6","0",",6","","","19350607",",,6","","","19350630","+,,6","","","19350618",",,6","19350612",",,6","1.7",",6,07,","","","0",",,6,30,+","63.2",",,6,18,","31.7",",6,12,","","","60.4",",6","195.2",",,,6","0",",,,6","17.54",",6","23.42",",,,6","11.65",",,,6"
"USC00132977","1935-07","43.2844","-93.6305","390.1","FOREST CITY 2 NNE, IA US","","","219.6",",6","6",",6","3",",6","0",",6","","","0",",6","0",",6","0",",6","0",",6","31",",6","12",",6","","","19350713",",,6","","","19350731","+,,6","","","19350723",",,6","19350718",",,6","14.4",",6,13,","","","0",",,6,31,+","23.9",",,6,23,","36.1",",6,18,","0.0","6","0.0",",6","41.0",",,,6","0",",,,6","25.42",",6","31.41",",,,6","19.42",",,,6"
"USC00132977","1935-08","43.2844","-93.6305","390.1","FOREST CITY 2 NNE, IA US","","","140.2",",6","6",",6","5",",6","1",",6","","","0",",6","0",",6","0",",6","0",",6","28",",6","10",",6","","","19350828",",,6","","","19350831","+,,6","","","19350820",",,6","19350811",",,6","3.9",",6,28,","","","0",",,6,31,+","29.5",",,6,20,","35.0",",6,11,","24.5","6","24.5",",6","60.6",",,,6","0",",,,6","22.06",",6","28.47",",,,6","15.65",",,,6"
"USC00132977","1935-09","43.2844","-93.6305","390.1","FOREST CITY 2 NNE, IA US","","","42.6","1,6","9",",6","4",",6","1",",6","","","0",",6","0",",6","1",",6","0","1,6","20","1,6","1","1,6","","","19350927",",,6","","","19350930","+,,6","","","19350926",",,6","19350915",",1,6","0.0",",6,27,","","","0",",,6,30,+","56.1",",,6,26,","32.8","1,6,15,","95.4","6","70.9","1,6","90.3",",,,6","0",",,,6","17.49","1,6","24.44","1,,,6","10.54",",,,6"
"USC00132977","1935-10","43.2844","-93.6305","390.1","FOREST CITY 2 NNE, IA US","","","1.9","1,6","8",",6","6",",6","1",",6","","","0",",6","0",",6","11",",6","0","1,6","6","1,6","0","1,6","","","19351006","+,,6","","","19351022",",,6","","","19351031",",,6","19351013",",1,6","-6.7",",6,06,+","","","5",",,6,22,","40.1",",,6,31,","25.6","1,6,13,","374.3","6","278.9","1,6","80.2",",,,6","5",",,,6","9.09","1,6","15.67","1,,,6","2.51",",,,6"
"USC00132977","1935-11","43.2844","-93.6305","390.1","FOREST CITY 2 NNE, IA US","","","0.0",",6","7","2,6","5","2,6","1","2,6","","","3",",6","1",",6","28",",6","5",",6","0",",6","0",",6","","","19351122",",,6","","","19351121",",,6","","","19351127",",2,6","19351108",",,6","-20.0",",6,22,","","","51",",,6,21,","34.0","2,,6,27,","14.4",",6,08,","952.1","6","577.8",",6","55.8","2,,,6","127",",,,6","-0.93",",6","3.86",",,,6","-5.71",",,,6"
"USC00132977","1935-12","43.2844","-93.6305","390.1","FOREST CITY 2 NNE, IA US","","","0.0","2,6","5",",6","4",",6","0",",6","","","3",",6","9","1,6","30","1,6","22","1,6","0","1,6","0","1,6","","","19351226",",1,6","","","19351222","+,,6","","","19351222","+,,6","19351208",",1,6","-26.1","1,6,26,","","","102",",,6,22,+","10.2",",,6,22,+","4.4","1,6,08,","1708.1","6","756.0","1,6","29.8",",,,6","268",",,,6","-7.80","2,6","-3.42","1,,,6","-12.18","1,,,6"
"USC00132977","1936-01","43.2844","-93.6305","390.1","FOREST CITY 2 NNE, IA US","0.0","6","0.0","2,6","11",",6","8",",6","0",",6","31",",6","8",",6","17","1,6","30","1,6","28","1,6","0","1,6","0","1,6","","","19360122",",1,6","19360118",",,6","19360117",",,6","","","19360117",",,6","19360102","+,1,6","-34.4","1,6,22,","381",",,6,18,","102",",,6,17,","10.2",",,6,17,","1.1","1,6,02,+","2673.6","6","965.5","1,6","46.7",",,,6","467",",,,6","-14.89","2,6","-9.46","1,,,6","-20.31","1,,,6"
"USC00132977","1936-02","43.2844","-93.6305","390.1","FOREST CITY 2 NNE, IA US","0.0","6","0.0",",6","15","1,6","8","1,6","0","1,6","","","14",",6","21",",6","29",",6","24",",6","0",",6","0",",6","","","19360205",",,6","","","19360226",",,6","","","19360226",",1,6","19360223",",,6","-33.9",",6,05,","","","152",",,6,26,","15.2","1,,6,26,","3.9",",6,23,","3700.9","6","1027.3",",6","60.3","1,,,6","900",",,,6","-17.09",",6","-11.39",",,,6","-22.80",",,,6"
"USC00132977","1936-03","43.2844","-93.6305","390.1","FOREST CITY 2 NNE, IA US","0.0","6","0.0",",6","7",",6","3",",6","0",",6","","","3",",6","0",",6","27",",6","5",",6","0",",6","0",",6","","","19360306","+,,6","","","19360311",",,6","","","19360311",",,6","19360323",",,6","-15.0",",6,06,+","","","51",",,6,11,","5.1",",,6,11,","19.4",",6,23,","4239.6","6","538.7",",6","15.0",",,,6","132",",,,6","0.96",",6","6.19",",,,6","-4.28",",,,6"
"USC00132977","1936-04","43.2844","-93.6305","390.1","FOREST CITY 2 NNE, IA US","0.0","6","0.0",",6","","","","","","","","","1",",6","0",",6","15",",6","3",",6","2",",6","0",",6","","","19360407",",,6","","","19360402",",,6","","","","","19360430",",,6","-13.9",",6,07,","","","38",",,6,02,","","","22.2",",6,30,","4635.2","6","395.6",",6","","","43",",,,6","5.15",",6","10.93",",,,6","-0.64",",,,6"
"USC00132977","1936-05","43.2844","-93.6305","390.1","FOREST CITY 2 NNE, IA US","31.4","6","31.4",",6","9",",6","5",",6","1",",6","","","0",",6","0",",6","0",",6","0",",6","24",",6","1",",6","","","19360503",",,6","","","19360531","+,,6","","","19360523",",,6","19360516",",,6","2.2",",6,03,","","","0",",,6,31,+","26.2",",,6,23,","33.9",",6,16,","4698.6","6","63.4",",6","57.6",",,,6","0",",,,6","17.30",",6","23.28",",,,6","11.32",",,,6"
"USC00132977","1936-06","43.2844","-93.6305","390.1","FOREST CITY 2 NNE, IA US","94.8","6","63.4",",6","8",",6","5",",6","0",",6","","","0",",6","0",",6","0",",6","0",",6","23",",6","6",",6","","","19360603",",,6","","","19360630","+,,6","","","19360617","+,,6","19360616",",,6","5.0",",6,03,","","","0",",,6,30,+","8.6",",,6,17,+","35.6",",6,16,","4743.3","6","44.7",",6","36.4",",,,6","0",",,,6","18.96",",6","25.45",",,,6","12.46",",,,6"
"USC00132977","1936-07","43.2844","-93.6305","390.1","FOREST CITY 2 NNE, IA US","389.6","6","294.8",",6","3",",6","1",",6","0",",6","","","0",",6","0",",6","0",",6","0",",6","31",",6","27",",6","","","19360730",",,6","","","19360731","+,,6","","","19360718",",,6","19360714",",,6","10.6",",6,30,","","","0",",,6,31,+","6.6",",,6,18,","42.2",",6,14,","0.0","6","0.0",",6","8.9",",,,6","0",",,,6","27.84",",6","36.49",",,,6","19.19",",,,6"
"USC00132977","1936-08","43.2844","-93.6305","390.1","FOREST CITY 2 NNE, IA US","578.1","6","188.5",",6","9",",6","7",",6","3",",6","","","0",",6","0",",6","0",",6","0",",6","31",",6","14",",6","","","19360829",",,6","","","19360831","+,,6","","","19360828",",,6","19360824","+,,6","11.1",",6,29,","","","0",",,6,31,+","71.1",",,6,28,","37.2",",6,24,+","0.8","6","0.8",",6","204.4",",,,6","0",",,,6","24.39",",6","31.72",",,,6","17.05",",,,6"
"USC00132977","1936-09","43.2844","-93.6305","390.1","FOREST CITY 2 NNE, IA US","654.8","6","76.7","1,6","11",",6","8",",6","2",",6","","","0",",6","0",",6","0",",6","0","1,6","25","1,6","2","1,6","","","19360929",",,6","","","19360930","+,,6","","","19360911",",,6","19360922","+,1,6","3.9",",6,29,","","","0",",,6,30,+","44.7",",,6,11,","32.8","1,6,22,+","45.8","6","45.0","1,6","122.4",",,,6","0",",,,6","19.30","1,6","25.58","1,,,6","13.02",",,,6"
"USC00132977","1936-10","43.2844","-93.6305","390.1","FOREST CITY 2 NNE, IA US","654.8","6","0.0",",6","4",",6","4",",6","1",",6","","","0",",6","0",",6","11",",6","0",",6","4",",6","0",",6","","","19361023",",,6","","","19361031","+,,6","","","19361031",",,6","19361005",",,6","-9.4",",6,23,","","","0",",,6,31,+","30.0",",,6,31,","24.4",",6,05,","355.0","6","309.2",",6","51.0",",,,6","0",",,,6","8.36",",6","14.96",",,,6","1.76",",,,6"
"USC00132977","1936-11","43.2844","-93.6305","390.1","FOREST CITY 2 NNE, IA US","654.8","6","0.0","1,6","7",",6","4",",6","0",",6","","","","","0","1,6","28","1,6","6",",6","0",",6","0",",6","","","19361108",",1,6","","","","","","","19361101",",,6","19361120",",,6","-17.2","1,6,08,","","","","","10.2",",,6,01,","16.7",",6,20,","897.5","6","542.5",",6","25.7",",,,6","","","-0.33","1,6","5.39",",,,6","-6.05","1,,,6"
"USC00132977","1936-12","43.2844","-93.6305","390.1","FOREST CITY 2 NNE, IA US","654.8","6","0.0",",6","8",",6","5",",6","0",",6","","","3",",6","3",",6","28",",6","12",",6","0",",6","0",",6","","","19361207",",,6","","","19361205",",,6","","","19361226",",,6","19361226",",,6","-23.9",",6,07,","","","89",",,6,05,","10.4",",,6,26,","12.8",",6,26,","1594.6","6","697.1",",6","37.1",",,,6","157",",,,6","-4.15",",6","1.06",",,,6","-9.37",",,,6"
"USC00132977","1937-01","43.2844","-93.6305","390.1","FOREST CITY 2 NNE, IA US","0.0","6","0.0",",6","5","1,6","4","1,6","0","1,6","30","1,6","4",",6","22",",6","31",",6","27",",6","0",",6","0",",6","","","19370109",",,6","19370131","+,1,6","19370108",",,6","","","19370108",",1,6","19370104",",,6","-30.6",",6,09,","229","1,,6,31,+","193",",,6,08,","19.3","1,,6,08,","2.2",",6,04,","2606.1","6","1011.5",",6","54.6","1,,,6","485",",,,6","-14.30",",6","-7.91",",,,6","-20.68",",,,6"
"USC00132977","1937-02","43.2844","-93.6305","390.1","FOREST CITY 2 NNE, IA US","0.0","6","0.0",",6","10","2,6","8","2,6","0","2,6","","","8",",6","8",",6","28",",6","22",",6","0",",6","0",",6","","","19370210",",,6","","","19370220",",,6","","","19370220",",2,6","19370218",",,6","-27.8",",6,10,","","","64",",,6,20,","6.4","2,,6,20,","4.4",",6,18,","3384.8","6","778.7",",6","37.9","2,,,6","376",",,,6","-9.48",",6","-3.98",",,,6","-14.98",",,,6"
"USC00132977","1937-03","43.2844","-93.6305","390.1","FOREST CITY 2 NNE, IA US","0.0","6","0.0",",6","7",",6","6",",6","0",",6","","","5",",6","0",",6","29",",6","9",",6","0",",6","0",",6","","","19370309",",,6","","","19370324",",,6","","","19370324",",,6","19370306",",,6","-15.0",",6,09,","","","76",",,6,24,","16.8",",,6,24,","18.9",",6,06,","3996.2","6","611.4",",6","41.7",",,,6","254",",,,6","-1.39",",6","3.39",",,,6","-6.17",",,,6"
"USC00132977","1937-04","43.2844","-93.6305","390.1","FOREST CITY 2 NNE, IA US","0.0","6","0.0",",6","17",",6","9",",6","0",",6","","","1",",6","0",",6","11",",6","1",",6","4",",6","0",",6","","","19370406","+,,6","","","19370403",",,6","","","19370424",",,6","19370419",",,6","-3.3",",6,06,+","","","25",",,6,03,","18.5",",,6,24,","24.4",",6,19,","4319.6","6","323.4",",6","88.6",",,,6","25",",,,6","7.55",",6","12.35",",,,6","2.75",",,,6"
"USC00132977","1937-05","43.2844","-93.6305","390.1","FOREST CITY 2 NNE, IA US","21.7","6","21.7",",6","11",",6","9",",6","0",",6","","","0",",6","0",",6","1",",6","0",",6","18",",6","0",",6","","","19370514",",,6","","","19370531","+,,6","","","19370525",",,6","19370530","+,,6","0.0",",6,14,","","","0",",,6,31,+","16.8",",,6,25,","30.6",",6,30,+","4424.8","6","105.2",",6","89.8",",,,6","0",",,,6","15.64",",6","21.77",",,,6","9.51",",,,6"
"USC00132977","1937-06","43.2844","-93.6305","390.1","FOREST CITY 2 NNE, IA US","85.8","6","64.1",",6","13",",6","6",",6","1",",6","","","0",",6","0",",6","0",",6","0",",6","24",",6","3",",6","","","19370609",",,6","","","19370630","+,,6","","","19370614",",,6","19370623",",,6","2.8",",6,09,","","","0",",,6,30,+","63.5",",,6,14,","37.2",",6,23,","4460.4","6","35.6",",6","126.7",",,,6","0",",,,6","19.28",",6","25.21",",,,6","13.35",",,,6"
"USC00132977","1937-07","43.2844","-93.6305","390.1","FOREST CITY 2 NNE, IA US","248.5","6","162.7",",6","4",",6","0",",6","0",",6","","","0",",6","0",",6","0",",6","0",",6","31",",6","10",",6","","","19370726",",,6","","","19370731","+,,6","","","19370719",",,6","19370710","+,,6","10.0",",6,26,","","","0",",,6,31,+","2.0",",,6,19,","35.0",",6,10,+","1.9","6","1.9",",6","3.3",",,,6","0",",,,6","23.52",",6","30.55",",,,6","16.48",",,,6"
"USC00132977","1937-08","43.2844","-93.6305","390.1","FOREST CITY 2 NNE, IA US","443.4","6","194.9",",6","10",",6","6",",6","2",",6","","","0",",6","0",",6","0",",6","0",",6","31",",6","14",",6","","","19370821","+,,6","","","19370831","+,,6","","","19370817",",,6","19370816",",,6","12.8",",6,21,+","","","0",",,6,31,+","93.5",",,6,17,","38.9",",6,16,","1.9","6","0.0",",6","170.5",",,,6","0",",,,6","24.62",",6","31.21",",,,6","18.04",",,,6"
"USC00132977","1937-09","43.2844","-93.6305","390.1","FOREST CITY 2 NNE, IA US","504.5","6","61.1",",6","9",",6","3",",6","1",",6","","","0",",6","0",",6","1",",6","0",",6","22",",6","4",",6","","","19370926",",,6","","","19370930","+,,6","","","19370910",",,6","19370921",",,6","-0.6",",6,26,","","","0",",,6,30,+","30.0",",,6,10,","33.9",",6,21,","89.2","6","87.3",",6","67.7",",,,6","0",",,,6","17.46",",6","24.59",",,,6","10.33",",,,6"
"USC00132977","1937-10","43.2844","-93.6305","390.1","FOREST CITY 2 NNE, IA US","505.4","6","0.9",",6","9",",6","6",",6","0",",6","","","1",",6","0",",6","11",",6","0",",6","6",",6","0",",6","","","19371023",",,6","","","19371016",",,6","","","19371016",",,6","19371029",",,6","-8.9",",6,23,","","","140",",,6,16,","14.0",",,6,16,","29.4",",6,29,","400.8","6","311.6",",6","50.6",",,,6","140",",,,6","8.31",",6","14.48",",,,6","2.14",",,,6"
"USC00132977","1937-11","43.2844","-93.6305","390.1","FOREST CITY 2 NNE, IA US","505.4","6","0.0",",6","7",",6","2",",6","0",",6","","","1",",6","2",",6","26",",6","10",",6","0",",6","0",",6","","","19371121",",,6","","","19371118",",,6","","","19371118",",,6","19371109",",,6","-19.4",",6,21,","","","38",",,6,18,","4.1",",,6,18,","20.0",",6,09,","966.6","6","565.8",",6","10.7",",,,6","54",",,,6","-0.53",",6","5.53",",,,6","-6.58",",,,6"
"USC00132977","1937-12","43.2844","-93.6305","390.1","FOREST CITY 2 NNE, IA US","505.4","6","0.0",",6","6",",6","6",",6","0",",6","","","6",",6","9",",6","31",",6","21",",6","0",",6","0",",6","","","19371225","+,,6","","","19371213",",,6","","","19371213",",,6","19371203",",,6","-21.7",",6,25,+","","","102",",,6,13,","10.2",",,6,13,","6.7",",6,03,","1787.9","6","821.3",",6","34.3",",,,6","368",",,,6","-8.16",",6","-3.00",",,,6","-13.32",",,,6"
"USC00132977","1938-01","43.2844","-93.6305","390.1","FOREST CITY 2 NNE, IA US","0.0","6","0.0","1,6","7",",6","5",",6","0",",6","","","5",",6","12",",6","31",",6","21","1,6","0","1,6","0","1,6","3","","19380131","+,,6","","","19380130",",,6","","","19380130","+,,6","19380122",",1,6","-26.7",",6,31,+","","","76",",,6,30,","7.6",",,6,30,+","4.4","1,6,22,","2632.0","6","844.1","1,6","28.4",",,,6","274",",,,6","-9.80","1,6","-4.31","1,,,6","-15.29",",,,6"
"USC00132977","1938-02","43.2844","-93.6305","390.1","FOREST CITY 2 NNE, IA US","0.0","6","0.0",",6","7",",6","4",",6","0",",6","","","4",",6","4",",6","27",",6","15",",6","0",",6","0",",6","","","19380218",",,6","","","19380222","+,,6","","","19380222",",,6","19380207",",,6","-23.3",",6,18,","","","64",",,6,22,+","5.8",",,6,22,","7.2",",6,07,","3295.6","6","663.6",",6","21.1",",,,6","204",",,,6","-5.37",",6","-0.44",",,,6","-10.29",",,,6"
"USC00132977","1938-03","43.2844","-93.6305","390.1","FOREST CITY 2 NNE, IA US","0.0","6","0.0",",6","9",",6","4",",6","0",",6","","","1",",6","0",",6","22",",6","4",",6","2",",6","0",",6","","","19380306","+,,6","","","19380304",",,6","","","19380329",",,6","19380321",",,6","-10.6",",6,06,+","","","76",",,6,04,","17.5",",,6,29,","27.8",",6,21,","3745.8","6","450.2",",6","42.7",",,,6","76",",,,6","3.81",",6","10.00",",,,6","-2.38",",,,6"
"USC00132977","1938-04","43.2844","-93.6305","390.1","FOREST CITY 2 NNE, IA US","0.3","6","0.3","1,6","11",",6","6",",6","0",",6","","","","","0",",6","12",",6","1","1,6","7","1,6","0","1,6","","","19380402",",,6","","","","","","","19380417",",,6","19380413",",1,6","-9.4",",6,02,","","","","","23.9",",,6,17,","26.1","1,6,13,","4024.3","6","278.5","1,6","96.2",",,,6","","","8.58","1,6","14.91","1,,,6","2.26",",,,6"
"USC00132977","1938-05","43.2844","-93.6305","390.1","FOREST CITY 2 NNE, IA US","10.9","6","10.6","1,6","15",",6","12",",6","1",",6","","","2",",6","0","1,6","3","1,6","0",",6","12",",6","0",",6","","","19380508",",1,6","","","19380509","+,,6","","","19380505",",,6","19380530","+,,6","-1.1","1,6,08,","","","64",",,6,09,+","31.8",",,6,05,","27.2",",6,30,+","4176.2","6","151.9",",6","147.9",",,,6","128",",,,6","13.63","1,6","19.57",",,,6","7.69","1,,,6"
"USC00132977","1938-06","43.2844","-93.6305","390.1","FOREST CITY 2 NNE, IA US","63.5","6","52.6",",6","11",",6","7",",6","3",",6","","","","","0",",6","0",",6","0",",6","28",",6","3",",6","","","19380607",",,6","","","","","","","19380625",",,6","19380624",",,6","5.6",",6,07,","","","","","68.1",",,6,25,","35.6",",6,24,","4201.0","6","24.8",",6","227.1",",,,6","","","19.26",",6","25.76",",,,6","12.76",",,,6"
"USC00132977","1938-07","43.2844","-93.6305","390.1","FOREST CITY 2 NNE, IA US","208.8","6","145.3",",6","15",",6","8",",6","2",",6","","","0",",6","0",",6","0",",6","0",",6","31",",6","4",",6","","","19380715",",,6","","","19380731","+,,6","","","19380731",",,6","19380712",",,6","11.1",",6,15,","","","0",",,6,31,+","41.4",",,6,31,","36.1",",6,12,","0.0","6","0.0",",6","127.8",",,,6","0",",,,6","23.02",",6","29.90",",,,6","16.14",",,,6"
"USC00132977","1938-08","43.2844","-93.6305","390.1","FOREST CITY 2 NNE, IA US","333.8","6","125.0",",6","15",",6","5",",6","2",",6","","","0",",6","0",",6","0",",6","0",",6","31",",6","9",",6","","","19380828",",,6","","","19380831","+,,6","","","19380807",",,6","19380809",",,6","8.9",",6,28,","","","0",",,6,31,+","55.9",",,6,07,","33.3",",6,09,","0.9","6","0.9",",6","115.6",",,,6","0",",,,6","22.34",",6","29.28",",,,6","15.40",",,,6"
"USC00132977","1938-09","43.2844","-93.6305","390.1","FOREST CITY 2 NNE, IA US","387.3","6","53.5",",6","15",",6","11",",6","3",",6","","","0",",6","0",",6","0",",6","0",",6","25",",6","3",",6","","","19380919",",,6","","","19380930","+,,6","","","19380914",",,6","19380909",",,6","3.3",",6,19,","","","0",",,6,30,+","123.4",",,6,14,","32.8",",6,09,","50.2","6","49.3",",6","283.9",",,,6","0",",,,6","18.48",",6","24.92",",,,6","12.03",",,,6"
"USC00132977","1938-10","43.2844","-93.6305","390.1","FOREST CITY 2 NNE, IA US","405.3","6","18.0",",6","7",",6","1",",6","0",",6","","","0",",6","0",",6","3",",6","0",",6","18",",6","0",",6","","","19381024",",,6","","","19381024",",,6","","","19381012",",,6","19381004",",,6","-2.8",",6,24,","","","18",",,6,24,","3.3",",,6,12,","31.1",",6,04,","200.3","6","150.1",",6","10.5",",,,6","18",",,,6","14.07",",6","21.20",",,,6","6.94",",,,6"
"USC00132977","1938-11","43.2844","-93.6305","390.1","FOREST CITY 2 NNE, IA US","405.9","6","0.6",",6","","","","","","","","","1",",6","1",",6","23",",6","6",",6","2",",6","0",",6","","","19381127",",,6","","","19381106",",,6","","","","","19381101",",,6","-19.4",",6,27,","","","25",",,6,06,","","","25.0",",6,01,","720.2","6","519.9",",6","","","55",",,,6","1.02",",6","6.41",",,,6","-4.36",",,,6"
"USC00132977","1938-12","43.2844","-93.6305","390.1","FOREST CITY 2 NNE, IA US","405.9","6","0.0","1,6","8",",6","3",",6","0",",6","21","5,6","3",",6","4","1,6","29","1,6","18",",6","0",",6","0",",6","","","19381227",",1,6","19381226","+,5,6","19381222",",,6","","","19381222",",,6","19381203",",,6","-23.9","1,6,27,","152","5,,6,26,+","127",",,6,22,","12.7",",,6,22,","9.4",",6,03,","1423.1","6","702.9",",6","29.1",",,,6","296",",,,6","-5.14","1,6","-0.37",",,,6","-9.90","1,,,6"
"USC00132977","1939-01","43.2844","-93.6305","390.1","FOREST CITY 2 NNE, IA US","0.0","6","0.0",",6","8",",6","5",",6","0",",6","24","1,6","3",",6","2",",6","31",",6","16",",6","0",",6","0",",6","1","","19390122",",,6","19390126","+,1,6","19390117",",,6","","","19390117",",,6","19390109","+,,6","-23.3",",6,22,","102","1,,6,26,+","81",",,6,17,","8.1",",,6,17,","8.3",",6,09,+","2153.2","6","730.1",",6","28.0",",,,6","191",",,,6","-5.22",",6","-0.16",",,,6","-10.27",",,,6"
"USC00132977","1939-02","43.2844","-93.6305","390.1","FOREST CITY 2 NNE, IA US","0.0","6","0.0",",6","5","2,6","3","2,6","0","2,6","26","2,6","4",",6","15",",6","28",",6","19",",6","0",",6","0",",6","","","19390211",",,6","19390210","+,2,6","19390209",",,6","","","19390209",",2,6","19390218",",,6","-28.9",",6,11,","203","2,,6,10,+","191",",,6,09,","17.8","2,,6,09,","4.4",",6,18,","2942.0","6","788.8",",6","39.3","2,,,6","458",",,,6","-9.84",",6","-2.82",",,,6","-16.86",",,,6"
"USC00132977","1939-03","43.2844","-93.6305","390.1","FOREST CITY 2 NNE, IA US","0.0","6","0.0","3,6","8",",6","3",",6","0",",6","","","3",",6","1","1,6","24","1,6","8","2,6","4","2,6","0","2,6","1","","19390307",",1,6","","","19390306","+,,6","","","19390306","+,,6","19390323",",2,6","-17.8","1,6,07,","","","38",",,6,06,+","3.8",",,6,06,+","26.7","2,6,23,","3433.4","6","491.4","2,6","16.4",",,,6","124",",,,6","0.54","3,6","6.93","2,,,6","-5.85","1,,,6"
"USC00132977","1939-04","43.2844","-93.6305","390.1","FOREST CITY 2 NNE, IA US","7.6","6","7.6",",6","8",",6","3",",6","0",",6","","","1",",6","0",",6","16",",6","0",",6","7",",6","0",",6","","","19390412",",,6","","","19390418",",,6","","","19390418",",,6","19390424",",,6","-12.2",",6,12,","","","102",",,6,18,","20.3",",,6,18,","31.7",",6,24,","3772.5","6","339.1",",6","48.3",",,,6","115",",,,6","7.28",",6","14.16",",,,6","0.41",",,,6"
"USC00132977","1939-05","43.2844","-93.6305","390.1","FOREST CITY 2 NNE, IA US","64.0","6","56.4",",6","5",",6","4",",6","1",",6","","","0",",6","0",",6","0",",6","0",",6","27",",6","4",",6","","","19390511",",,6","","","19390531","+,,6","","","19390526",",,6","19390524",",,6","1.1",",6,11,","","","0",",,6,31,+","27.7",",,6,26,","35.0",",6,24,","3828.6","6","56.1",",6","60.2",",,,6","0",",,,6","18.34",",6","26.32",",,,6","10.36",",,,6"
"USC00132977","1939-06","43.2844","-93.6305","390.1","FOREST CITY 2 NNE, IA US","152.0","6","88.0",",6","18",",6","9",",6","3",",6","","","0",",6","0",",6","0",",6","0",",6","28",",6","2",",6","","","19390603",",,6","","","19390630","+,,6","","","19390611",",,6","19390617","+,,6","7.8",",6,03,","","","0",",,6,30,+","43.9",",,6,11,","32.8",",6,17,+","3848.3","6","19.7",",6","172.3",",,,6","0",",,,6","20.61",",6","26.95",",,,6","14.28",",,,6"
"USC00132977","1939-07","43.2844","-93.6305","390.1","FOREST CITY 2 NNE, IA US","310.1","6","158.1",",6","7",",6","3",",6","0",",6","","","0",",6","0",",6","0",",6","0",",6","31",",6","11",",6","","","19390729","+,,6","","","19390731","+,,6","","","19390707",",,6","19390712",",,6","11.7",",6,29,+","","","0",",,6,31,+","6.9",",,6,07,","36.7",",6,12,","0.0","6","0.0",",6","18.9",",,,6","0",",,,6","23.43",",6","30.65",",,,6","16.22",",,,6"
"USC00132977","1939-08","43.2844","-93.6305","390.1","FOREST CITY 2 NNE, IA US","392.4","6","82.3",",6","11",",6","9",",6","2",",6","","","0",",6","0",",6","0",",6","0",",6","31",",6","1",",6","","","19390809",",,6","","","19390831","+,,6","","","19390811",",,6","19390805",",,6","7.8",",6,09,","","","0",",,6,31,+","73.2",",,6,11,","32.2",",6,05,","7.8","6","7.8",",6","146.8",",,,6","0",",,,6","20.74",",6","27.82",",,,6","13.65",",,,6"
"USC00132977","1939-09","43.2844","-93.6305","390.1","FOREST CITY 2 NNE, IA US","472.6","6","80.2",",6","7",",6","4",",6","0",",6","","","0",",6","0",",6","1",",6","0",",6","26",",6","6",",6","","","19390930",",,6","","","19390930","+,,6","","","19390909",",,6","19390907",",,6","-3.3",",6,30,","","","0",",,6,30,+","9.7",",,6,09,","37.2",",6,07,","66.4","6","58.6",",6","28.8",",,,6","0",",,,6","19.05",",6","27.10",",,,6","11.00",",,,6"
"USC00132977","1939-10","43.2844","-93.6305","390.1","FOREST CITY 2 NNE, IA US","474.6","6","2.0",",6","10",",6","4",",6","0",",6","","","0",",6","0",",6","6",",6","0",",6","11",",6","0",",6","","","19391028","+,,6","","","19391030",",,6","","","19391005",",,6","19391003",",,6","-5.6",",6,28,+","","","0",",T,6,30,","13.7",",,6,05,","30.6",",6,03,","312.1","6","245.7",",6","45.8",",,,6","0",",T,,6","10.47",",6","17.37",",,,6","3.58",",,,6"
"USC00132977","1939-11","43.2844","-93.6305","390.1","FOREST CITY 2 NNE, IA US","474.6","6","0.0",",6","1",",6","0",",6","0",",6","","","0",",6","0",",6","26",",6","0",",6","1",",6","0",",6","","","19391128",",,6","","","19391130","+,,6","","","19391125",",,6","19391117",",,6","-7.8",",6,28,","","","0",",,6,30,+","1.0",",,6,25,","21.1",",6,17,","755.5","6","443.4",",6","1.0",",,,6","0",",,,6","3.55",",6","10.59",",,,6","-3.49",",,,6"
"USC00132977","1939-12","43.2844","-93.6305","390.1","FOREST CITY 2 NNE, IA US","474.6","6","0.0",",6","6",",6","5",",6","0",",6","","","3",",6","2",",6","29",",6","12",",6","0",",6","0",",6","","","19391231",",,6","","","19391227",",,6","","","19391201",",,6","19391206",",,6","-20.0",",6,31,","","","38",",,6,27,","10.4",",,6,01,","17.2",",6,06,","1354.4","6","598.9",",6","24.3",",,,6","93",",,,6","-0.99",",6","4.78",",,,6","-6.75",",,,6"
"USC00132977","1940-01","43.2844","-93.6305","390.1","FOREST CITY 2 NNE, IA US","0.0","6","0.0",",6","8","2,6","4","2,6","0","2,6","","","4",",6","22",",6","31",",6","30",",6","0",",6","0",",6","","","19400118",",,6","","","19400115",",,6","","","19400115",",2,6","19400131",",,6","-30.0",",6,18,","","","127",",,6,15,","11.7","2,,6,15,","2.2",",6,31,","2346.5","6","992.1",",6","24.6","2,,,6","256",",,,6","-13.67",",6","-8.91",",,,6","-18.43",",,,6"
"USC00132977","1940-02","43.2844","-93.6305","390.1","FOREST CITY 2 NNE, IA US","0.0","6","0.0",",6","6",",6","3",",6","0",",6","","","4",",6","4",",6","29",",6","20",",6","0",",6","0",",6","","","19400225",",,6","","","19400224",",,6","","","19400224","+,,6","19400211",",,6","-26.7",",6,25,","","","89",",,6,24,","7.6",",,6,24,+","3.9",",6,11,","3043.0","6","696.5",",6","22.0",",,,6","228",",,,6","-5.68",",6","-1.64",",,,6","-9.72",",,,6"
"USC00132977","1940-03","43.2844","-93.6305","390.1","FOREST CITY 2 NNE, IA US","0.0","6","0.0",",6","10",",6","5",",6","0",",6","","","6",",6","2",",6","30",",6","11",",6","0",",6","0",",6","1","","19400323","+,,6","","","19400313",",,6","","","19400313",",,6","19400330",",,6","-17.8",",6,23,+","","","203",",,6,13,","10.2",",,6,13,","19.4",",6,30,","3687.4","6","644.4",",6","35.4",",,,6","419",",,,6","-2.45",",6","1.80",",,,6","-6.70",",,,6"
"USC00132977","1940-04","43.2844","-93.6305","390.1","FOREST CITY 2 NNE, IA US","0.0","6","0.0",",6","16",",6","5",",6","0",",6","","","0",",6","0",",6","11",",6","0",",6","2",",6","0",",6","","","19400411",",,6","","","19400405",",,6","","","19400429",",,6","19400428",",,6","-9.4",",6,11,","","","13",",,6,05,","12.7",",,6,29,","23.9",",6,28,","4015.4","6","328.0",",6","54.1",",,,6","18",",,,6","7.40",",6","13.44",",,,6","1.35",",,,6"
"USC00132977","1940-05","43.2844","-93.6305","390.1","FOREST CITY 2 NNE, IA US","8.6","6","8.6",",6","13",",6","5",",6","0",",6","","","0",",6","0",",6","3",",6","0",",6","17",",6","1",",6","","","19400501",",,6","","","19400501",",,6","","","19400519",",,6","19400513",",,6","-2.2",",6,01,","","","3",",,6,01,","15.5",",,6,19,","33.3",",6,13,","4160.3","6","144.9",",6","42.5",",,,6","3",",,,6","13.94",",6","21.30",",,,6","6.58",",,,6"
"USC00132977","1940-06","43.2844","-93.6305","390.1","FOREST CITY 2 NNE, IA US","92.2","6","83.6",",6","13",",6","6",",6","1",",6","","","0",",6","0",",6","0",",6","0",",6","30",",6","6",",6","","","19400629",",,6","","","19400630","+,,6","","","19400604",",,6","19400617",",,6","7.8",",6,29,","","","0",",,6,30,+","27.4",",,6,04,","34.4",",6,17,","4167.5","6","7.2",",6","86.9",",,,6","0",",,,6","20.88",",6","27.51",",,,6","14.24",",,,6"
"USC00132977","1940-07","43.2844","-93.6305","390.1","FOREST CITY 2 NNE, IA US","285.2","6","193.0",",6","9",",6","4",",6","0",",6","","","0",",6","0",",6","0",",6","0",",6","31",",6","12",",6","","","19400713",",,6","","","19400731","+,,6","","","19400711",",,6","19400724",",,6","8.9",",6,13,","","","0",",,6,31,+","18.0",",,6,11,","40.0",",6,24,","4.2","6","4.2",",6","55.1",",,,6","0",",,,6","24.42",",6","31.52",",,,6","17.33",",,,6"
"USC00132977","1940-08","43.2844","-93.6305","390.1","FOREST CITY 2 NNE, IA US","367.2","6","82.0",",6","15",",6","10",",6","2",",6","","","0",",6","0",",6","0",",6","0",",6","24",",6","1",",6","3","","19400820",",,6","","","19400831","+,,6","","","19400801",",,6","19400802",",,6","7.2",",6,20,","","","0",",,6,31,+","78.7",",,6,01,","32.2",",6,02,","26.1","6","21.9",",6","210.3",",,,6","0",",,,6","20.27",",6","25.35",",,,6","15.20",",,,6"
"USC00132977","1940-09","43.2844","-93.6305","390.1","FOREST CITY 2 NNE, IA US","426.3","6","59.1",",6","6",",6","3",",6","1",",6","","","0",",6","0",",6","0",",6","0",",6","24",",6","2",",6","","","19400926","+,,6","","","19400930","+,,6","","","19400909",",,6","19400907",",,6","1.7",",6,26,+","","","0",",,6,30,+","57.2",",,6,09,","33.9",",6,07,","91.0","6","64.9",",6","70.9",",,,6","0",",,,6","18.14",",6","24.62",",,,6","11.66",",,,6"
"USC00132977","1940-10","43.2844","-93.6305","390.1","FOREST CITY 2 NNE, IA US","427.2","6","0.9",",6","6",",6","5",",6","2",",6","","","0",",6","0",",6","1",",6","0",",6","11",",6","0",",6","","","19401015",",,6","","","19401031","+,,6","","","19401006",",,6","19401026",",,6","0.0",",6,15,","","","0",",,6,31,+","29.5",",,6,06,","27.2",",6,26,","255.6","6","164.6",",6","73.1",",,,6","0",",,,6","13.05",",6","19.59",",,,6","6.51",",,,6"
"USC00132977","1940-11","43.2844","-93.6305","390.1","FOREST CITY 2 NNE, IA US","427.2","6","0.0","1,6","12","1,6","6","1,6","0","1,6","","","2",",6","3",",6","22",",6","8","1,6","0","1,6","0","1,6","","","19401114",",,6","","","19401112",",,6","","","19401110",",1,6","19401103",",1,6","-19.4",",6,14,","","","102",",,6,12,","21.1","1,,6,10,","18.3","1,6,03,","805.2","6","549.6","1,6","87.5","1,,,6","127",",,,6","-0.72","1,6","3.99","1,,,6","-5.42",",,,6"
"USC00132977","1940-12","43.2844","-93.6305","390.1","FOREST CITY 2 NNE, IA US","427.2","6","0.0",",6","10",",6","4",",6","0",",6","20","3,6","5",",6","5",",6","31",",6","15",",6","0",",6","0",",6","1","","19401203",",,6","19401217",",3,6","19401216",",,6","","","19401216",",,6","19401225",",,6","-26.1",",6,03,","254","3,,6,17,","140",",,6,16,","10.2",",,6,16,","7.8",",6,25,","1505.9","6","700.7",",6","28.8",",,,6","405",",,,6","-4.27",",6","-0.29",",,,6","-8.25",",,,6"
"USC00132977","1941-01","43.2844","-93.6305","390.1","FOREST CITY 2 NNE, IA US","0.0","6","0.0","1,6","","","","","","","","","3","1,6","6","1,6","30","1,6","25",",6","0",",6","0",",6","","","19410118",",1,6","","","19410126","+,1,6","","","","","19410111",",,6","-22.2","1,6,18,","","","51","1,,6,26,+","","","7.2",",6,11,","2258.0","6","752.1",",6","","","163","1,,,6","-6.76","1,6","-2.62",",,,6","-10.90","1,,,6"
"USC00132977","1941-02","43.2844","-93.6305","390.1","FOREST CITY 2 NNE, IA US","0.0","6","0.0",",6","6",",6","2",",6","0",",6","24","1,6","1",",6","6",",6","28",",6","22",",6","0",",6","0",",6","","","19410219",",,6","19410201",",1,6","19410217",",,6","","","19410213",",,6","19410212",",,6","-28.3",",6,19,","76","1,,6,01,","38",",,6,17,","19.3",",,6,13,","4.4",",6,12,","2990.1","6","732.1",",6","27.3",",,,6","80",",,,6","-7.81",",6","-2.55",",,,6","-13.08",",,,6"
"USC00132977","1941-03","43.2844","-93.6305","390.1","FOREST CITY 2 NNE, IA US","0.0","6","0.0",",6","6",",6","3",",6","0",",6","","","2",",6","1",",6","29",",6","5",",6","0",",6","0",",6","","","19410317",",,6","","","19410315","+,,6","","","19410303",",,6","19410330",",,6","-18.9",",6,17,","","","51",",,6,15,+","14.0",",,6,03,","16.1",",6,30,","3581.0","6","590.9",",6","28.0",",,,6","141",",,,6","-0.73",",6","3.52",",,,6","-4.97",",,,6"
"USC00132977","1941-04","43.2844","-93.6305","390.1","FOREST CITY 2 NNE, IA US","2.8","6","2.8",",6","13",",6","4",",6","0",",6","","","0",",6","0",",6","5",",6","0",",6","10",",6","0",",6","","","19410424",",,6","","","19410404",",,6","","","19410420",",,6","19410413",",,6","-1.1",",6,24,","","","0",",T,6,04,","13.5",",,6,20,","27.2",",6,13,","3793.5","6","212.5",",6","41.7",",,,6","0",",T,,6","11.34",",6","17.55",",,,6","5.13",",,,6"
"USC00132977","1941-05","43.2844","-93.6305","390.1","FOREST CITY 2 NNE, IA US","59.0","6","56.2",",6","11",",6","7",",6","2",",6","","","0",",6","0",",6","0",",6","0",",6","24",",6","0",",6","","","19410510",",,6","","","19410531","+,,6","","","19410520",",,6","19410526","+,,6","3.3",",6,10,","","","0",",,6,31,+","37.1",",,6,20,","31.1",",6,26,+","3854.3","6","60.8",",6","137.0",",,,6","0",",,,6","18.18",",6","25.00",",,,6","11.37",",,,6"
"USC00132977","1941-06","43.2844","-93.6305","390.1","FOREST CITY 2 NNE, IA US","148.9","6","89.9",",6","12",",6","8",",6","3",",6","","","","","0",",6","0",",6","0",",6","25",",6","3",",6","1","","19410608",",,6","","","","","","","19410627",",,6","19410630",",,6","6.7",",6,08,","","","","","42.2",",,6,27,","32.8",",6,30,","3877.8","6","23.5",",6","178.5",",,,6","","","20.55",",6","26.03",",,,6","15.06",",,,6"
"USC00132977","1941-07","43.2844","-93.6305","390.1","FOREST CITY 2 NNE, IA US","299.7","6","150.8",",6","14",",6","7",",6","1",",6","","","0",",6","0",",6","0",",6","0",",6","30",",6","12",",6","2","","19410712",",,6","","","19410731","+,,6","","","19410718",",,6","19410724",",,6","7.8",",6,12,","","","0",",,6,31,+","57.9",",,6,18,","37.8",",6,24,","5.0","6","5.0",",6","114.0",",,,6","0",",,,6","23.04",",6","29.57",",,,6","16.51",",,,6"
"USC00132977","1941-08","43.2844","-93.6305","390.1","FOREST CITY 2 NNE, IA US","448.2","6","148.5",",6","11",",6","3",",6","0",",6","","","0",",6","0",",6","0",",6","0",",6","31",",6","10",",6","","","19410827",",,6","","","19410831","+,,6","","","19410825",",,6","19410830","+,,6","7.2",",6,27,","","","0",",,6,31,+","15.2",",,6,25,","34.4",",6,30,+","9.7","6","4.7",",6","32.7",",,,6","0",",,,6","22.97",",6","29.25",",,,6","16.70",",,,6"
"USC00132977","1941-09","43.2844","-93.6305","390.1","FOREST CITY 2 NNE, IA US","498.6","6","50.4",",6","11",",6","6",",6","5",",6","","","0",",6","0",",6","1",",6","0",",6","23",",6","0",",6","","","19410929",",,6","","","19410930","+,,6","","","19410908",",,6","19410904",",,6","0.0",",6,29,","","","0",",,6,30,+","86.4",",,6,08,","30.6",",6,04,","66.8","6","57.1",",6","222.8",",,,6","0",",,,6","18.11",",6","24.17",",,,6","12.04",",,,6"
"USC00132977","1941-10","43.2844","-93.6305","390.1","FOREST CITY 2 NNE, IA US","498.6","6","0.0",",6","10","1,6","6","1,6","2","1,6","","","0",",6","0",",6","3",",6","0",",6","4",",6","0",",6","","","19411028",",,6","","","19411030",",,6","","","19411027",",1,6","19411012",",,6","-6.1",",6,28,","","","0",",T,6,30,","73.4","1,,6,27,","23.3",",6,12,","282.1","6","215.3",",6","169.2","1,,,6","0",",T,,6","11.39",",6","16.92",",,,6","5.86",",,,6"
"USC00132977","1941-11","43.2844","-93.6305","390.1","FOREST CITY 2 NNE, IA US","498.6","6","0.0",",6","6",",6","4",",6","1",",6","7","1,6","3",",6","0",",6","22",",6","6",",6","1",",6","0",",6","1","","19411123",",,6","19411106",",1,6","19411105","+,,6","","","19411101",",,6","19411117",",,6","-13.9",",6,23,","102","1,,6,06,","64",",,6,05,+","49.0",",,6,01,","21.7",",6,17,","746.1","6","464.0",",6","72.6",",,,6","166",",,,6","2.87",",6","7.74",",,,6","-2.00",",,,6"
"USC00132977","1941-12","43.2844","-93.6305","390.1","FOREST CITY 2 NNE, IA US","498.6","6","0.0",",6","8",",6","4",",6","0",",6","","","4",",6","2",",6","29",",6","11",",6","0",",6","0",",6","1","","19411229",",,6","","","19411226",",,6","","","19411226",",,6","19411204",",,6","-20.0",",6,29,","","","152",",,6,26,","12.7",",,6,26,","15.0",",6,04,","1365.9","6","619.8",",6","31.8",",,,6","322",",,,6","-1.66",",6","2.99",",,,6","-6.31",",,,6"
"USC00132977","1942-01","43.2844","-93.6305","390.1","FOREST CITY 2 NNE, IA US","0.0","6","0.0","1,6","2",",6","2",",6","0",",6","21",",6","2",",6","9","1,6","30","1,6","12",",6","0",",6","0",",6","","","19420107","+,1,6","19420103","+,,6","19420102",",,6","","","19420102",",,6","19420123",",,6","-31.1","1,6,07,+","381",",,6,03,+","76",",,6,02,","7.6",",,6,02,","11.1",",6,23,","2144.1","6","778.2",",6","12.7",",,,6","127",",,,6","-7.43","1,6","-2.27",",,,6","-12.59","1,,,6"
"USC00132977","1942-02","43.2844","-93.6305","390.1","FOREST CITY 2 NNE, IA US","0.0","6","0.0","1,6","3",",6","2",",6","0",",6","20",",6","2",",6","4","1,6","27","1,6","19",",6","0",",6","0",",6","","","19420218",",1,6","19420223","+,,6","19420216",",,6","","","19420216",",,6","19420228",",,6","-25.0","1,6,18,","102",",,6,23,+","76",",,6,16,","6.1",",,6,16,","3.9",",6,28,","2823.1","6","679.0",",6","13.0",",,,6","153",",,,6","-6.74","1,6","-2.20",",,,6","-11.29","1,,,6"
"USC00132977","1942-03","43.2844","-93.6305","390.1","FOREST CITY 2 NNE, IA US","0.0","6","0.0",",6","10",",6","7",",6","0",",6","6",",6","3",",6","0",",6","28",",6","1",",6","0",",6","0",",6","","","19420328",",,6","19420317",",,6","19420317",",,6","","","19420317",",,6","19420324",",,6","-8.3",",6,28,","127",",,6,17,","114",",,6,17,","14.2",",,6,17,","18.3",",6,24,","3327.3","6","504.2",",6","66.1",",,,6","229",",,,6","2.07",",6","6.83",",,,6","-2.69",",,,6"
"USC00132977","1942-04","43.2844","-93.6305","390.1","FOREST CITY 2 NNE, IA US","6.2","6","6.2",",6","8",",6","6",",6","1",",6","","","0",",6","0",",6","10",",6","0",",6","13",",6","0",",6","","","19420411","+,,6","","","19420430","+,,6","","","19420426",",,6","19420415",",,6","-3.9",",6,11,+","","","0",",,6,30,+","32.8",",,6,26,","27.8",",6,15,","3536.4","6","209.1",",6","59.8",",,,6","0",",,,6","11.57",",6","18.95",",,,6","4.19",",,,6"
"USC00132977","1942-05","43.2844","-93.6305","390.1","FOREST CITY 2 NNE, IA US","29.9","6","23.7",",6","16",",6","11",",6","0",",6","","","0",",6","0",",6","0",",6","0",",6","13",",6","0",",6","","","19420515",",,6","","","19420503",",,6","","","19420506",",,6","19420529",",,6","1.1",",6,15,","","","0",",T,6,03,","20.6",",,6,06,","31.7",",6,29,","3691.1","6","154.7",",6","103.4",",,,6","0",",T,,6","14.10",",6","20.05",",,,6","8.16",",,,6"
"USC00132977","1942-06","43.2844","-93.6305","390.1","FOREST CITY 2 NNE, IA US","91.2","6","61.3","1,6","14",",6","8",",6","1",",6","","","0",",6","0","1,6","0","1,6","0",",6","26",",6","2",",6","","","19420623","+,1,6","","","19420630","+,,6","","","19420629",",,6","19420604",",,6","5.6","1,6,23,+","","","0",",,6,30,+","33.5",",,6,29,","32.8",",6,04,","3723.6","6","32.5",",6","97.1",",,,6","0",",,,6","19.36","1,6","25.26",",,,6","13.46","1,,,6"
"USC00132977","1942-07","43.2844","-93.6305","390.1","FOREST CITY 2 NNE, IA US","196.8","6","105.6","1,6","11",",6","10",",6","1",",6","","","0",",6","0","1,6","0","1,6","0",",6","31",",6","3",",6","","","19420702",",1,6","","","19420731","+,,6","","","19420706",",,6","19420717",",,6","8.3","1,6,02,","","","0",",,6,31,+","30.5",",,6,06,","35.0",",6,17,","5.6","6","5.6",",6","107.3",",,,6","0",",,,6","21.70","1,6","28.30",",,,6","15.11","1,,,6"
"USC00132977","1942-08","43.2844","-93.6305","390.1","FOREST CITY 2 NNE, IA US","293.8","6","97.0",",6","10",",6","2",",6","1",",6","","","0",",6","0",",6","0",",6","0",",6","30",",6","4",",6","","","19420824",",,6","","","19420831","+,,6","","","19420814",",,6","19420801",",,6","3.9",",6,24,","","","0",",,6,31,+","27.2",",,6,14,","33.3",",6,01,","18.7","6","13.1",",6","55.7",",,,6","0",",,,6","21.04",",6","27.83",",,,6","14.25",",,,6"
"USC00132977","1942-09","43.2844","-93.6305","390.1","FOREST CITY 2 NNE, IA US","327.5","6","33.7",",6","14",",6","7",",6","1",",6","","","1",",6","0",",6","6",",6","0",",6","16",",6","2",",6","","","19420928",",,6","","","19420926",",,6","","","19420918",",,6","19420911",",,6","-6.7",",6,28,","","","102",",,6,26,","43.9",",,6,18,","32.8",",6,11,","164.4","6","145.7",",6","107.1",",,,6","102",",,,6","14.60",",6","20.79",",,,6","8.40",",,,6"
"USC00132977","1942-10","43.2844","-93.6305","390.1","FOREST CITY 2 NNE, IA US","327.5","6","0.0",",6","7",",6","4",",6","0",",6","","","0",",6","0",",6","8",",6","0",",6","17",",6","0",",6","","","19421026",",,6","","","19421026","+,,6","","","19421004",",,6","19421002","+,,6","-10.0",",6,26,","","","0",",T,6,26,+","14.7",",,6,04,","26.7",",6,02,+","414.1","6","249.7",",6","35.4",",,,6","0",",T,,6","10.28",",6","17.66",",,,6","2.90",",,,6"
"USC00132977","1942-11","43.2844","-93.6305","390.1","FOREST CITY 2 NNE, IA US","327.5","6","0.0",",6","9",",6","5",",6","0",",6","","","2",",6","1",",6","22",",6","5",",6","0",",6","0",",6","","","19421129",",,6","","","19421126",",,6","","","19421126",",,6","19421116",",,6","-19.4",",6,29,","","","89",",,6,26,","14.2",",,6,26,","19.4",",6,16,","908.2","6","494.1",",6","37.3",",,,6","176",",,,6","1.86",",6","7.88",",,,6","-4.15",",,,6"
"USC00132977","1942-12","43.2844","-93.6305","390.1","FOREST CITY 2 NNE, IA US","327.5","6","0.0",",6","5",",6","3",",6","0",",6","30","1,6","2",",6","7",",6","31",",6","27",",6","0",",6","0",",6","","","19421213",",,6","19421222",",1,6","19421220",",,6","","","19421222",",,6","19421217",",,6","-23.9",",6,13,","305","1,,6,22,","114",",,6,20,","19.6",",,6,22,","3.3",",6,17,","1761.8","6","853.6",",6","31.0",",,,6","223",",,,6","-9.20",",6","-4.55",",,,6","-13.85",",,,6"
"USC00132977","1943-01","43.2844","-93.6305","390.1","FOREST CITY 2 NNE, IA US","0.0","6","0.0",",6","8",",6","4",",6","0",",6","31",",6","5",",6","14",",6","31",",6","28",",6","0",",6","0",",6","","","19430119",",,6","19430122","+,,6","19430109","+,,6","","","19430109",",,6","19430122",",,6","-31.7",",6,19,","330",",,6,22,+","76",",,6,09,+","7.6",",,6,09,","4.4",",6,22,","2702.6","6","940.8",",6","24.7",",,,6","292",",,,6","-12.01",",6","-7.06",",,,6","-16.97",",,,6"
"USC00132977","1943-02","43.2844","-93.6305","390.1","FOREST CITY 2 NNE, IA US","0.0","6","0.0","1,6","8",",6","4",",6","0",",6","26",",6","2",",6","9","1,6","27","1,6","12",",6","0",",6","0",",6","","","19430214",",1,6","19430215",",,6","19430212",",,6","","","19430203",",,6","19430227",",,6","-28.3","1,6,14,","279",",,6,15,","76",",,6,12,","5.6",",,6,03,","10.0",",6,27,","3364.2","6","661.6",",6","21.7",",,,6","166",",,,6","-6.11","1,6","-0.01",",,,6","-12.20","1,,,6"
"USC00132977","1943-03","43.2844","-93.6305","390.1","FOREST CITY 2 NNE, IA US","1.4","6","1.4",",6","9",",6","7",",6","0",",6","12","1,6","5",",6","5",",6","24",",6","13",",6","2",",6","0",",6","","","19430302",",,6","19430310",",1,6","19430310",",,6","","","19430310",",,6","19430330",",,6","-23.3",",6,02,","152","1,,6,10,","140",",,6,10,","14.0",",,6,10,","26.1",",6,30,","4024.0","6","659.8",",6","44.3",",,,6","335",",,,6","-2.91",",6","2.95",",,,6","-8.76",",,,6"
"USC00132977","1943-04","43.2844","-93.6305","390.1","FOREST CITY 2 NNE, IA US","1.4","6","0.0",",6","6",",6","2",",6","0",",6","","","0",",6","0",",6","10",",6","0",",6","5",",6","0",",6","","","19430414",",,6","","","19430414","+,,6","","","19430412",",,6","19430424",",,6","-6.7",",6,14,","","","0",",T,6,14,+","10.4",",,6,12,","26.7",",6,24,","4320.3","6","296.3",",6","21.6",",,,6","0",",T,,6","8.46",",6","15.38",",,,6","1.53",",,,6"
"USC00132977","1943-05","43.2844","-93.6305","390.1","FOREST CITY 2 NNE, IA US","23.0","6","21.6",",6","12",",6","9",",6","1",",6","","","0",",6","0",",6","2",",6","0",",6","9",",6","1",",6","","","19430501",",,6","","","19430531","+,,6","","","19430516",",,6","19430529",",,6","-0.6",",6,01,","","","0",",,6,31,+","44.2",",,6,16,","32.2",",6,29,","4504.4","6","184.1",",6","94.9",",,,6","0",",,,6","13.09",",6","19.19",",,,6","6.99",",,,6"
"USC00132977","1943-06","43.2844","-93.6305","390.1","FOREST CITY 2 NNE, IA US","138.3","6","115.3",",6","16",",6","15",",6","2",",6","","","0",",6","0",",6","0",",6","0",",6","23",",6","6",",6","","","19430604",",,6","","","19430630","+,,6","","","19430628",",,6","19430621",",,6","5.6",",6,04,","","","0",",,6,30,+","41.7",",,6,28,","35.6",",6,21,","4545.3","6","40.9",",6","155.4",",,,6","0",",,,6","20.81",",6","26.47",",,,6","15.15",",,,6"
"USC00132977","1943-07","43.2844","-93.6305","390.1","FOREST CITY 2 NNE, IA US","286.0","6","147.7",",6","11",",6","6",",6","2",",6","","","0",",6","0",",6","0",",6","0",",6","31",",6","8",",6","","","19430701",",,6","","","19430731","+,,6","","","19430729",",,6","19430726","+,,6","10.6",",6,01,","","","0",",,6,31,+","48.0",",,6,29,","33.9",",6,26,+","2.2","6","2.2",",6","150.0",",,,6","0",",,,6","23.03",",6","29.64",",,,6","16.42",",,,6"
"USC00132977","1943-08","43.2844","-93.6305","390.1","FOREST CITY 2 NNE, IA US","390.7","6","104.7","1,6","16",",6","9",",6","2",",6","","","0",",6","0","1,6","0","1,6","0",",6","30",",6","3",",6","","","19430818",",1,6","","","19430831","+,,6","","","19430809",",,6","19430812",",,6","7.2","1,6,18,","","","0",",,6,31,+","53.3",",,6,09,","34.4",",6,12,","12.2","6","10.0",",6","196.0",",,,6","0",",,,6","21.54","1,6","27.62",",,,6","15.46","1,,,6"
"USC00132977","1943-09","43.2844","-93.6305","390.1","FOREST CITY 2 NNE, IA US","401.0","6","10.3",",6","9",",6","4",",6","0",",6","","","0",",6","0",",6","1",",6","0",",6","12",",6","0",",6","","","19430917",",,6","","","19430930","+,,6","","","19430901",",,6","19430927",",,6","0.0",",6,17,","","","0",",,6,30,+","22.1",",,6,01,","29.4",",6,27,","149.7","6","137.5",",6","41.4",",,,6","0",",,,6","14.09",",6","21.03",",,,6","7.15",",,,6"
"USC00132977","1943-10","43.2844","-93.6305","390.1","FOREST CITY 2 NNE, IA US","401.0","6","0.0",",6","5",",6","3",",6","0",",6","","","0",",6","0",",6","9",",6","0",",6","9",",6","0",",6","","","19431017","+,,6","","","19431016",",,6","","","19431031",",,6","19431011",",,6","-6.1",",6,17,+","","","0",",T,6,16,","14.2",",,6,31,","26.1",",6,11,","429.2","6","279.5",",6","32.7",",,,6","0",",T,,6","9.32",",6","16.59",",,,6","2.05",",,,6"
"USC00132977","1943-11","43.2844","-93.6305","390.1","FOREST CITY 2 NNE, IA US","401.0","6","0.0",",6","6","1,6","4","1,6","0","1,6","","","2","1,6","0",",6","30",",6","4",",6","0",",6","0",",6","","","19431116",",,6","","","19431108","+,1,6","","","19431107",",1,6","19431103",",,6","-17.2",",6,16,","","","102","1,,6,08,+","21.1","1,,6,07,","11.7",",6,03,","1018.9","6","589.7",",6","43.7","1,,,6","204","1,,,6","-1.32",",6","3.70",",,,6","-6.35",",,,6"
"USC00132977","1943-12","43.2844","-93.6305","390.1","FOREST CITY 2 NNE, IA US","401.0","6","0.0","1,6","2",",6","0",",6","0",",6","","","1",",6","7","1,6","30","1,6","7",",6","0",",6","0",",6","","","19431223","+,1,6","","","19431214",",,6","","","19431214","+,,6","19431204","+,,6","-22.8","1,6,23,+","","","25",",,6,14,","0.8",",,6,14,+","8.9",",6,04,+","1708.9","6","690.0",",6","1.6",",,,6","25",",,,6","-4.55","1,6","1.88",",,,6","-10.99","1,,,6"
"USC00132977","1944-01","43.2844","-93.6305","390.1","FOREST CITY 2 NNE, IA US","0.0","6","0.0","1,6","","","","","","","","","1",",6","4","1,6","27","1,6","8",",6","0",",6","0",",6","","","19440108",",1,6","","","19440105",",,6","","","","","19440125",",,6","-22.8","1,6,08,","","","38",",,6,05,","","","17.8",",6,25,","2328.7","6","619.8",",6","","","38",",,,6","-2.29","1,6","3.76",",,,6","-8.34","1,,,6"
"USC00132977","1944-02","43.2844","-93.6305","390.1","FOREST CITY 2 NNE, IA US","0.0","6","0.0",",6","6",",6","4",",6","0",",6","","","4",",6","7",",6","29",",6","11",",6","0",",6","0",",6","","","19440212",",,6","","","19440223",",,6","","","19440223",",,6","19440204",",,6","-26.7",",6,12,","","","76",",,6,23,","7.6",",,6,23,","11.7",",6,04,","3006.9","6","678.2",",6","23.4",",,,6","177",",,,6","-5.05",",6","1.21",",,,6","-11.31",",,,6"
"USC00132977","1944-03","43.2844","-93.6305","390.1","FOREST CITY 2 NNE, IA US","0.0","6","0.0","1,6","13",",6","9",",6","0",",6","12","2,6","6",",6","1","1,6","29","1,6","11",",6","0",",6","0",",6","","","19440309",",1,6","19440330","+,2,6","19440327",",,6","","","19440327",",,6","19440323",",,6","-18.9","1,6,09,","76","2,,6,30,+","89",",,6,27,","5.6",",,6,27,","10.6",",6,23,","3639.3","6","632.4",",6","37.8",",,,6","318",",,,6","-2.77","1,6","1.33",",,,6","-6.87","1,,,6"
"USC00132977","1944-04","43.2844","-93.6305","390.1","FOREST CITY 2 NNE, IA US","0.0","6","0.0",",6","12",",6","8",",6","0",",6","","","1",",6","0",",6","12",",6","0",",6","0",",6","0",",6","","","19440404","+,,6","","","19440416",",,6","","","19440424",",,6","19440429","+,,6","-6.7",",6,04,+","","","25",",,6,16,","22.1",",,6,24,","20.6",",6,29,+","3997.5","6","358.2",",6","75.6",",,,6","25",",,,6","6.39",",6","11.46",",,,6","1.32",",,,6"
"USC00132977","1944-05","43.2844","-93.6305","390.1","FOREST CITY 2 NNE, IA US","54.9","6","54.9",",6","18",",6","12",",6","1",",6","","","1",",6","0",",6","4",",6","0",",6","22",",6","0",",6","","","19440505",",,6","","","19440505",",,6","","","19440521",",,6","19440529","+,,6","-2.2",",6,05,","","","51",",,6,05,","41.7",",,6,21,","31.1",",6,29,+","4089.3","6","91.8",",6","150.5",",,,6","51",",,,6","17.15",",6","23.09",",,,6","11.20",",,,6"
"USC00132977","1944-06","43.2844","-93.6305","390.1","FOREST CITY 2 NNE, IA US","178.3","6","123.4",",6","13",",6","8",",6","1",",6","","","0",",6","0",",6","0",",6","0",",6","26",",6","6",",6","","","19440606",",,6","","","19440630","+,,6","","","19440612",",,6","19440626","+,,6","5.0",",6,06,","","","0",",,6,30,+","165.4",",,6,12,","35.6",",6,26,+","4118.0","6","28.7",",6","255.2",",,,6","0",",,,6","21.49",",6","27.22",",,,6","15.76",",,,6"
"USC00132977","1944-07","43.2844","-93.6305","390.1","FOREST CITY 2 NNE, IA US","275.8","6","97.5",",6","12",",6","6",",6","0",",6","","","0",",6","0",",6","0",",6","0",",6","31",",6","1",",6","","","19440721",",,6","","","19440731","+,,6","","","19440707",",,6","19440723",",,6","8.9",",6,21,","","","0",",,6,31,+","21.8",",,6,07,","32.2",",6,23,","1.4","6","1.4",",6","62.0",",,,6","0",",,,6","21.43",",6","28.03",",,,6","14.84",",,,6"
"USC00132977","1944-08","43.2844","-93.6305","390.1","FOREST CITY 2 NNE, IA US","386.7","6","110.9",",6","12",",6","7",",6","3",",6","","","0",",6","0",",6","0",",6","0",",6","28",",6","5",",6","","","19440831","+,,6","","","19440831","+,,6","","","19440804",",,6","19440813",",,6","10.0",",6,31,+","","","0",",,6,31,+","67.6",",,6,04,","35.6",",6,13,","15.6","6","14.2",",6","195.0",",,,6","0",",,,6","21.45",",6","27.35",",,,6","15.56",",,,6"
"USC00132977","1944-09","43.2844","-93.6305","390.1","FOREST CITY 2 NNE, IA US","408.4","6","21.7",",6","8",",6","4",",6","1",",6","","","0",",6","0",",6","0",",6","0",",6","21",",6","0",",6","","","19440929",",,6","","","19440930","+,,6","","","19440919",",,6","19440917",",,6","5.0",",6,29,","","","0",",,6,30,+","41.4",",,6,19,","30.6",",6,17,","82.1","6","66.5",",6","81.1",",,,6","0",",,,6","16.84",",6","23.02",",,,6","10.66",",,,6"
"USC00132977","1944-10","43.2844","-93.6305","390.1","FOREST CITY 2 NNE, IA US","408.4","6","0.0",",6","5",",6","1",",6","0",",6","","","0",",6","0",",6","4",",6","0",",6","11",",6","0",",6","","","19441022",",,6","","","19441031","+,,6","","","19441003",",,6","19441030",",,6","-2.2",",6,22,","","","0",",,6,31,+","2.5",",,6,03,","25.6",",6,30,","302.8","6","220.7",",6","5.1",",,,6","0",",,,6","11.21",",6","18.31",",,,6","4.12",",,,6"
"USC00132977","1944-11","43.2844","-93.6305","390.1","FOREST CITY 2 NNE, IA US","408.4","6","0.0","1,6","11","1,6","4","1,6","0","1,6","","","1",",6","0",",6","14",",6","5","1,6","2","1,6","0","1,6","","","19441130","+,,6","","","19441126",",,6","","","19441114",",1,6","19441101",",1,6","-10.0",",6,30,+","","","56",",,6,26,","18.5","1,,6,14,","23.9","1,6,01,","737.4","6","434.6","1,6","38.9","1,,,6","74",",,,6","3.39","1,6","7.02","1,,,6","-0.24",",,,6"
"USC00132977","1944-12","43.2844","-93.6305","390.1","FOREST CITY 2 NNE, IA US","408.4","6","0.0","2,6","6",",6","4",",6","0",",6","30","1,6","2",",6","9","1,6","30","1,6","24","1,6","0","1,6","0","1,6","","","19441226",",1,6","19441231","+,1,6","19441227",",,6","","","19441230",",,6","19441207",",1,6","-25.0","1,6,26,","127","1,,6,31,+","76",",,6,27,","6.4",",,6,30,","2.8","1,6,07,","1480.4","6","743.0","1,6","22.5",",,,6","166",",,,6","-7.43","2,6","-2.67","1,,,6","-12.18","1,,,6"
"USC00132977","1945-01","43.2844","-93.6305","390.1","FOREST CITY 2 NNE, IA US","0.0","","0.0","1,6","4",",6","2",",6","0",",6","31",",6","1",",6","9",",6","31",",6","23","1,6","0","1,6","0","1,6","","","19450102",",,6","19450122","+,,6","19450118",",,6","","","19450118",",,6","19450123",",1,6","-26.7",",6,02,","178",",,6,22,+","51",",,6,18,","6.9",",,6,18,","3.3","1,6,23,","2286.1","","805.7","1,6","11.7",",,,6","69",",,,6","-8.72","1,6","-4.13","1,,,6","-13.31",",,,6"
"USC00132977","1945-02","43.2844","-93.6305","390.1","FOREST CITY 2 NNE, IA US","0.0","","0.0","2,6","7",",6","7",",6","0",",6","28",",6","6",",6","6","1,6","27","1,6","14","1,6","0","1,6","0","1,6","","","19450201",",1,6","19450223","+,,6","19450222",",,6","","","19450222",",,6","19450209",",1,6","-22.8","1,6,01,","279",",,6,23,+","178",",,6,22,","15.5",",,6,22,","7.2","1,6,09,","2923.0","","636.9","1,6","48.0",",,,6","407",",,,6","-6.11","2,6","-0.93","1,,,6","-11.30","1,,,6"
"USC00132977","1945-03","43.2844","-93.6305","390.1","FOREST CITY 2 NNE, IA US","0.0","","0.0","1,6","9",",6","8",",6","0",",6","","","2",",6","1","1,6","13","1,6","3",",6","4",",6","0",",6","","","19450306",",1,6","","","19450306",",,6","","","19450325",",,6","19450327","+,,6","-18.9","1,6,06,","","","102",",,6,06,","24.1",",,6,25,","22.8",",6,27,+","3305.4","","382.4",",6","80.7",",,,6","166",",,,6","5.43","1,6","11.55",",,,6","-0.68","1,,,6"
"USC00132977","1945-04","43.2844","-93.6305","390.1","FOREST CITY 2 NNE, IA US","0.6","","0.6","1,6","10",",6","7",",6","2",",6","","","2",",6","0",",6","15",",6","0","1,6","5","1,6","0","1,6","","","19450405",",,6","","","19450404",",,6","","","19450423",",,6","19450410",",1,6","-8.3",",6,05,","","","356",",,6,04,","32.8",",,6,23,","23.9","1,6,10,","3614.1","","308.7","1,6","119.7",",,,6","407",",,,6","7.64","1,6","13.36","1,,,6","1.92",",,,6"
"USC00132977","1945-05","43.2844","-93.6305","390.1","FOREST CITY 2 NNE, IA US","1.7","","1.1","1,6","13",",6","10",",6","1",",6","","","0",",6","0",",6","4",",6","0","1,6","9","1,6","0","1,6","","","19450509",",,6","","","19450510",",,6","","","19450521",",,6","19450506",",1,6","-3.3",",6,09,","","","0",",T,6,10,","37.1",",,6,21,","26.7","1,6,06,","3804.5","","190.4","1,6","138.4",",,,6","0",",T,,6","11.96","1,6","18.03","1,,,6","5.89",",,,6"
"USC00132977","1945-06","43.2844","-93.6305","390.1","FOREST CITY 2 NNE, IA US","29.8","","28.1",",6","11",",6","7",",6","1",",6","","","0",",6","0",",6","0",",6","0",",6","21",",6","0",",6","","","19450603",",,6","","","19450630","+,,6","","","19450627",",,6","19450623",",,6","2.2",",6,03,","","","0",",,6,30,+","29.0",",,6,27,","31.7",",6,23,","3879.0","","74.5",",6","108.6",",,,6","0",",,,6","16.79",",6","22.55",",,,6","11.02",",,,6"
"USC00132977","1945-07","43.2844","-93.6305","390.1","FOREST CITY 2 NNE, IA US","134.5","","104.7",",6","12",",6","9",",6","2",",6","","","0","1,6","0",",6","0",",6","0",",6","30",",6","6",",6","","","19450710",",,6","","","19450731","+,1,6","","","19450717",",,6","19450722",",,6","7.8",",6,10,","","","0","1,,6,31,+","31.5",",,6,17,","35.0",",6,22,","10.5","","10.5",",6","110.1",",,,6","0","1,,,6","21.37",",6","27.75",",,,6","14.98",",,,6"
"USC00132977","1945-08","43.2844","-93.6305","390.1","FOREST CITY 2 NNE, IA US","235.7","","101.2",",6","8",",6","5",",6","3",",6","","","0",",6","0",",6","0",",6","0",",6","31",",6","2",",6","","","19450825",",,6","","","19450831","+,,6","","","19450814",",,6","19450829",",,6","9.4",",6,25,","","","0",",,6,31,+","50.8",",,6,14,","32.8",",6,29,","17.4","","6.9",",6","127.0",",,,6","0",",,,6","21.38",",6","27.09",",,,6","15.66",",,,6"
"USC00132977","1945-09","43.2844","-93.6305","390.1","FOREST CITY 2 NNE, IA US","279.5","","43.8",",6","10",",6","6",",6","0",",6","","","0",",6","0",",6","1",",6","0",",6","16",",6","2",",6","","","19450929",",,6","","","19450928",",,6","","","19450927",",,6","19450905",",,6","-2.8",",6,29,","","","0",",T,6,28,","14.7",",,6,27,","33.3",",6,05,","130.3","","112.9",",6","46.8",",,,6","0",",T,,6","16.03",",6","22.11",",,,6","9.95",",,,6"
"USC00132977","1945-10","43.2844","-93.6305","390.1","FOREST CITY 2 NNE, IA US","279.5","","0.0","1,6","2",",6","1",",6","0",",6","","","0",",6","0",",6","8",",6","0","1,6","7","1,6","0","1,6","","","19451009",",,6","","","19451031","+,,6","","","19451001",",,6","19451018",",1,6","-5.6",",6,09,","","","0",",,6,31,+","6.1",",,6,01,","27.2","1,6,18,","377.5","","247.2","1,6","6.4",",,,6","0",",,,6","10.10","1,6","17.12","1,,,6","3.07",",,,6"
"USC00132977","1945-11","43.2844","-93.6305","390.1","FOREST CITY 2 NNE, IA US","279.5","","0.0","2,6","4","1,6","4","1,6","0","1,6","","","0",",6","0","1,6","24","1,6","6","1,6","1","1,6","0","1,6","","","19451122",",1,6","","","19451126",",,6","","","19451109",",1,6","19451105",",1,6","-13.9","1,6,22,","","","13",",,6,26,","4.1","1,,6,09,","22.8","1,6,05,","862.2","","484.7","1,6","12.4","1,,,6","18",",,,6","1.01","2,6","6.44","1,,,6","-4.43","1,,,6"
"USC00132977","1946-01","43.2844","-93.6305","390.1","FOREST CITY 2 NNE, IA US","0.0","6","0.0","3,6","6","1,6","3","1,6","1","1,6","31",",6","4",",6","10","3,6","27","3,6","20",",6","0",",6","0",",6","","","19460126",",3,6","19460130",",,6","19460124",",,6","","","19460105",",1,6","19460105",",,6","-28.3","3,6,26,","254",",,6,30,","51",",,6,24,","25.7","1,,6,05,","5.6",",6,05,","","","753.9",",6","35.4","1,,,6","132",",,,6","-8.41","3,6","-2.62",",,,6","-14.20","3,,,6"
"USC00132977","1946-02","43.2844","-93.6305","390.1","FOREST CITY 2 NNE, IA US","0.0","6","0.0",",6","4","1,6","3","1,6","0","1,6","","","2",",6","5",",6","28",",6","12",",6","0",",6","0",",6","","","19460214","+,,6","","","19460225",",,6","","","19460220","+,1,6","19460225",",,6","-20.6",",6,14,+","","","89",",,6,25,","3.6","1,,6,20,+","10.0",",6,25,","","","662.3",",6","11.2","1,,,6","114",",,,6","-5.32",",6","0.45",",,,6","-11.10",",,,6"
"USC00132977","1946-03","43.2844","-93.6305","390.1","FOREST CITY 2 NNE, IA US","0.0","6","0.0",",6","12",",6","9",",6","0",",6","","","1",",6","0",",6","11",",6","1",",6","4",",6","0",",6","","","19460309",",,6","","","19460308",",,6","","","19460323",",,6","19460328",",,6","-17.2",",6,09,","","","102",",,6,08,","12.4",",,6,23,","23.9",",6,28,","","","369.8",",6","70.3",",,,6","102",",,,6","6.40",",6","11.77",",,,6","1.04",",,,6"
"USC00132977","1946-04","43.2844","-93.6305","390.1","FOREST CITY 2 NNE, IA US","0.5","6","0.5",",6","3",",6","2",",6","0",",6","","","0",",6","0",",6","9",",6","0",",6","12",",6","0",",6","","","19460416","+,,6","","","19460430","+,,6","","","19460408",",,6","19460421",",,6","-2.2",",6,16,+","","","0",",,6,30,+","11.7",",,6,08,","28.3",",6,21,","","","227.8",",6","18.6",",,,6","0",",,,6","10.76",",6","17.57",",,,6","3.94",",,,6"
"USC00132977","1946-05","43.2844","-93.6305","390.1","FOREST CITY 2 NNE, IA US","2.5","6","2.0","1,6","15",",6","11",",6","1",",6","","","0",",6","0","1,6","3","1,6","0",",6","12",",6","0",",6","","","19460511",",1,6","","","19460510",",,6","","","19460524",",,6","19460528","+,,6","-3.9","1,6,11,","","","0",",T,6,10,","105.4",",,6,24,","26.7",",6,28,+","","","177.1",",6","203.5",",,,6","0",",T,,6","12.45","1,6","18.45",",,,6","6.44","1,,,6"
"USC00132977","1946-06","43.2844","-93.6305","390.1","FOREST CITY 2 NNE, IA US","97.6","6","95.1",",6","14",",6","11",",6","2",",6","","","","","0",",6","0",",6","0",",6","25",",6","3",",6","","","19460603",",,6","","","","","","","19460615",",,6","19460616",",,6","2.2",",6,03,","","","","","40.9",",,6,15,","35.0",",6,16,","","","48.4",",6","177.2",",,,6","","","19.89",",6","25.99",",,,6","13.79",",,,6"
"USC00132977","1946-07","43.2844","-93.6305","390.1","FOREST CITY 2 NNE, IA US","228.3","6","130.7",",6","6",",6","3",",6","0",",6","","","0",",6","0",",6","0",",6","0",",6","31",",6","5",",6","","","19460726","+,,6","","","19460731","+,,6","","","19460730",",,6","19460718",",,6","11.1",",6,26,+","","","0",",,6,31,+","20.8",",,6,30,","36.1",",6,18,","0.0","6","0.0",",6","33.6",",,,6","0",",,,6","22.55",",6","28.62",",,,6","16.48",",,,6"
"USC00132977","1946-09","43.2844","-93.6305","390.1","FOREST CITY 2 NNE, IA US","","","25.0","2,6","8",",6","6",",6","1",",6","","","","","0",",6","0",",6","0","2,6","23","2,6","0","2,6","","","19460930","+,,6","","","","","","","19460908",",,6","19460905",",2,6","0.6",",6,30,+","","","","","101.6",",,6,08,","30.0","2,6,05,","","","74.5","2,6","155.1",",,,6","","","16.40","2,6","23.05","2,,,6","9.74",",,,6"
"USC00132977","1946-10","43.2844","-93.6305","390.1","FOREST CITY 2 NNE, IA US","","","0.3","1,6","","","","","","","","","0",",6","0","1,6","7","1,6","0",",6","12",",6","0",",6","","","19461010",",1,6","","","19461012",",,6","","","","","19461029",",,6","-2.8","1,6,10,","","","0",",T,6,12,","","","23.9",",6,29,","","","205.5",",6","","","0",",T,,6","11.54","1,6","18.46",",,,6","4.61","1,,,6"
"USC00132977","1946-11","43.2844","-93.6305","390.1","FOREST CITY 2 NNE, IA US","","","0.0",",6","5","1,6","5","1,6","0","1,6","","","1",",6","0",",6","28",",6","1",",6","0",",6","0",",6","","","19461125","+,,6","","","19461111",",,6","","","19461107",",1,6","19461120","+,,6","-13.3",",6,25,+","","","51",",,6,11,","17.8","1,,6,07,","13.9",",6,20,+","","","504.0",",6","43.0","1,,,6","51",",,,6","1.53",",6","7.43",",,,6","-4.37",",,,6"
"USC00132977","1946-12","43.2844","-93.6305","390.1","FOREST CITY 2 NNE, IA US","","","0.0",",6","3","1,6","2","1,6","0","1,6","","","1",",6","4",",6","30",",6","11",",6","0",",6","0",",6","","","19461231",",,6","","","19461229",",,6","","","19461228",",1,6","19461208",",,6","-27.8",",6,31,","","","51",",,6,29,","14.7","1,,6,28,","17.8",",6,08,","","","681.0",",6","26.7","1,,,6","56",",,,6","-3.63",",6","2.31",",,,6","-9.58",",,,6"
"USC00132977","1947-01","43.2844","-93.6305","390.1","FOREST CITY 2 NNE, IA US","0.0","","0.0","1,6","4",",6","3",",6","0",",6","","","2",",6","6","1,6","30","1,6","15",",6","0",",6","0",",6","","","19470104",",1,6","","","19470130",",,6","","","19470130",",,6","19470124","+,,6","-26.1","1,6,04,","","","165",",,6,30,","14.2",",,6,30,","10.0",",6,24,+","","","696.2",",6","32.7",",,,6","280",",,,6","-4.91","1,6","0.41",",,,6","-10.23","1,,,6"
"USC00132977","1947-02","43.2844","-93.6305","390.1","FOREST CITY 2 NNE, IA US","0.0","","0.0","1,6","3",",6","3",",6","0",",6","","","3",",6","11",",6","28",",6","19","1,6","0","1,6","0","1,6","","","19470202",",,6","","","19470207",",,6","","","19470207",",,6","19470213",",1,6","-24.4",",6,02,","","","51",",,6,07,","4.8",",,6,07,","6.7","1,6,13,","","","747.8","1,6","10.9",",,,6","114",",,,6","-9.44","1,6","-4.07","1,,,6","-14.80",",,,6"
"USC00132977","1947-03","43.2844","-93.6305","390.1","FOREST CITY 2 NNE, IA US","0.0","","0.0","1,6","4",",6","3",",6","0",",6","","","2",",6","0","1,6","30","1,6","8",",6","0",",6","0",",6","","","19470302",",1,6","","","19470331",",,6","","","19470313",",,6","19470323",",,6","-13.3","1,6,02,","","","33",",,6,31,","14.7",",,6,13,","17.8",",6,23,","","","605.4",",6","22.5",",,,6","58",",,,6","-1.82","1,6","2.80",",,,6","-6.44","1,,,6"
"USC00132977","1947-04","43.2844","-93.6305","390.1","FOREST CITY 2 NNE, IA US","0.9","","0.9","4,6","12",",6","11",",6","0",",6","","","2",",6","0","1,6","16","1,6","0","3,6","5","3,6","0","3,6","","","19470420","+,1,6","","","19470408",",,6","","","19470410",",,6","19470430",",3,6","-3.3","1,6,20,+","","","51",",,6,08,","24.4",",,6,10,","27.8","3,6,30,","","","304.7","3,6","69.1",",,,6","76",",,,6","6.72","4,6","12.89","3,,,6","0.56","1,,,6"
"USC00132977","1947-05","43.2844","-93.6305","390.1","FOREST CITY 2 NNE, IA US","0.9","","0.0","1,6","10",",6","9",",6","0",",6","","","1",",6","0",",6","4",",6","0","1,6","9","1,6","0","1,6","","","19470509",",,6","","","19470528",",,6","","","19470513",",,6","19470518",",1,6","-1.7",",6,09,","","","25",",,6,28,","20.1",",,6,13,","26.1","1,6,18,","","","179.0","1,6","78.9",",,,6","25",",,,6","12.42","1,6","18.79","1,,,6","6.04",",,,6"
"USC00132977","1947-06","43.2844","-93.6305","390.1","FOREST CITY 2 NNE, IA US","39.8","","38.9",",6","12",",6","10",",6","5",",6","","","0",",6","0",",6","0",",6","0",",6","22",",6","1",",6","","","19470614",",,6","","","19470630","+,,6","","","19470630",",,6","19470628",",,6","5.0",",6,14,","","","0",",,6,30,+","56.9",",,6,30,","33.3",",6,28,","","","57.2",",6","269.2",",,,6","0",",,,6","17.72",",6","23.44",",,,6","12.00",",,,6"
"USC00132977","1947-07","43.2844","-93.6305","390.1","FOREST CITY 2 NNE, IA US","158.4","","118.6",",6","4",",6","3",",6","1",",6","","","","","0",",6","0",",6","0",",6","31",",6","5",",6","","","19470722","+,,6","","","","","","","19470705",",,6","19470729",",,6","7.8",",6,22,+","","","","","77.5",",,6,05,","36.1",",6,29,","6.1","","6.1",",6","106.7",",,,6","","","21.96",",6","28.67",",,,6","15.25",",,,6"
"USC00132977","1947-08","43.2844","-93.6305","390.1","FOREST CITY 2 NNE, IA US","382.5","","224.1",",6","5",",6","3",",6","1",",6","","","","","0",",6","0",",6","0",",6","31",",6","19",",6","","","19470827",",,6","","","","","","","19470829",",,6","19470821",",,6","7.8",",6,27,","","","","","46.7",",,6,29,","37.8",",6,21,","6.1","","0.0",",6","57.7",",,,6","","","25.56",",6","32.83",",,,6","18.29",",,,6"
"USC00132977","1947-09","43.2844","-93.6305","390.1","FOREST CITY 2 NNE, IA US","478.9","","96.4","1,6","3",",6","3",",6","2",",6","","","","","0","1,6","2","1,6","0",",6","19",",6","7",",6","","","19470926","+,1,6","","","","","","","19470912",",,6","19470909",",,6","-0.6","1,6,26,+","","","","","29.7",",,6,12,","35.6",",6,09,","85.2","","79.1",",6","59.2",",,,6","","","18.80","1,6","25.50",",,,6","12.09","1,,,6"
"USC00132977","1947-10","43.2844","-93.6305","390.1","FOREST CITY 2 NNE, IA US","498.3","","19.4",",6","5",",6","5",",6","0",",6","","","0",",6","0",",6","0",",6","0",",6","21",",6","0",",6","","","19471013",",,6","","","19471031","+,,6","","","19471031",",,6","19471014",",,6","0.6",",6,13,","","","0",",,6,31,+","24.6",",,6,31,","31.7",",6,14,","213.1","","127.9",",6","57.7",",,,6","0",",,,6","14.84",",6","21.85",",,,6","7.82",",,,6"
"USC00132977","1947-11","43.2844","-93.6305","390.1","FOREST CITY 2 NNE, IA US","498.3","","0.0","3,6","","","","","","","","","","","0","3,6","22","3,6","6",",6","0",",6","0",",6","","","19471124","+,3,6","","","","","","","","","19471105","+,,6","-15.0","3,6,24,+","","","","","","","12.8",",6,05,+","725.5","","512.4",",6","","","","","-0.96","3,6","3.80",",,,6","-5.71","3,,,6"
"USC00132977","1948-02","43.2844","-93.6305","390.1","FOREST CITY 2 NNE, IA US","","","0.0","1,6","","","","","","","","","","","11","1,6","28","1,6","16",",6","0",",6","0",",6","","","19480208",",1,6","","","","","","","","","19480226",",,6","-29.4","1,6,08,","","","","","","","11.7",",6,26,","","","722.0",",6","","","","","-7.33","1,6","-0.39",",,,6","-14.26","1,,,6"
"USC00132977","1948-03","43.2844","-93.6305","390.1","FOREST CITY 2 NNE, IA US","","","0.0","3,6","3",",6","3",",6","0",",6","","","1",",6","6","2,6","25","2,6","11","1,6","1","1,6","0","1,6","","","19480311",",2,6","","","19480306",",,6","","","19480326",",,6","19480325",",1,6","-30.6","2,6,11,","","","183",",,6,06,","20.1",",,6,26,","22.2","1,6,25,","","","561.5","1,6","40.5",",,,6","183",",,,6","-1.65","3,6","5.51","1,,,6","-8.81","2,,,6"
"USC00132977","1948-04","43.2844","-93.6305","390.1","FOREST CITY 2 NNE, IA US","","","3.4","1,0","4","3,0","4","3,0","0","3,0","0","1,0","0","1,0","0","1,0","7","1,0","0","1,0","7","1,0","0","1,0","","","19480409",",1,0","19480430","+,1,0","19480430","+,1,0","","","19480407",",3,0","19480418",",1,0","-5.6","1,0,09,","0","1,,0,30,+","0","1,,0,30,+","18.5","3,,0,07,","28.9","1,0,18,","","","209.5","1,0","70.7","1,a,,0","0","1,,,0","11.23","1,0","18.40","1,,,0","4.06","1,,,0"
"USC00132977","1948-05","43.2844","-93.6305","390.1","FOREST CITY 2 NNE, IA US","","","10.3","1,0","5",",0","5",",0","0",",0","0",",0","0",",0","0",",0","0",",0","0","1,0","15","1,0","1","1,0","","","19480508",",,0","19480531","+,,0","19480531","+,,0","","","19480509","+,,0","19480520",",1,0","2.8",",0,08,","0",",,0,31,+","0",",,0,31,+","11.9",",,0,09,+","34.4","1,0,20,","","","143.1","1,0","36.5",",,,0","0",",,,0","13.88","1,0","20.35","1,,,0","7.42",",,,0"
"USC00132977","1948-06","43.2844","-93.6305","390.1","FOREST CITY 2 NNE, IA US","","","41.1",",0","8",",0","6",",0","0",",0","0",",0","0",",0","0",",0","0",",0","0",",0","28",",0","2",",0","","","19480601",",,0","19480630","+,,0","19480630","+,,0","","","19480625",",,0","19480604","+,,0","7.2",",0,01,","0",",,0,30,+","0",",,0,30,+","20.6",",,0,25,","32.2",",0,04,+","","","16.5",",0","78.9",",,,0","0",",,,0","19.15",",0","25.53",",,,0","12.78",",,,0"
"USC00132977","1948-07","43.2844","-93.6305","390.1","FOREST CITY 2 NNE, IA US","","","144.7","1,0","4","2,0","4","2,0","0","2,0","0",",0","0",",0","0","1,0","0","1,0","0",",0","31",",0","9",",0","","","19480701",",1,0","19480731","+,,0","19480731","+,,0","","","19480714",",2,0","19480706",",,0","9.4","1,0,01,","0",",,0,31,+","0",",,0,31,+","19.3","2,,0,14,","38.9",",0,06,","2.8","","2.8",",0","51.6",",a,,0","0",",,,0","23.13","1,0","30.10",",,,0","16.16","1,,,0"
"USC00132977","1948-08","43.2844","-93.6305","390.1","FOREST CITY 2 NNE, IA US","","","142.2",",0","8",",0","6",",0","1",",0","0",",0","0",",0","0",",0","0",",0","0",",0","31",",0","8",",0","","","19480805",",,0","19480831","+,,0","19480831","+,,0","","","19480827",",,0","19480823",",,0","9.4",",0,05,","0",",,0,31,+","0",",,0,31,+","25.7",",,0,27,","37.2",",0,23,","6.1","","3.3",",0","80.4",",,,0","0",",,,0","22.81",",0","29.84",",,,0","15.79",",,,0"
"USC00132977","1948-09","43.2844","-93.6305","390.1","FOREST CITY 2 NNE, IA US","","","75.7",",0","3",",0","3",",0","1",",0","0",",0","0",",0","0",",0","0",",0","0",",0","28",",0","6",",0","","","19480927",",,0","19480930","+,,0","19480930","+,,0","","","19480920",",,0","19480919",",,0","2.2",",0,27,","0",",,0,30,+","0",",,0,30,+","28.2",",,0,20,","35.6",",0,19,","47.7","","41.6",",0","38.4",",,,0","0",",,,0","19.47",",0","27.46",",,,0","11.48",",,,0"
"USC00132977","1949-05","43.2844","-93.6305","390.1","FOREST CITY 2 NNE, IA US","","","","","","","","","","","0",",0","0",",0","","","","","","","","","","","","","","","19490531","+,,0","19490531","+,,0","1","","","","","","","","0",",,0,31,+","0",",,0,31,+","","","","","","","","","","","0",",,,0","","","","","",""
"USC00132977","1949-06","43.2844","-93.6305","390.1","FOREST CITY 2 NNE, IA US","","","107.2",",0","11",",0","10",",0","0",",0","0",",0","0",",0","0",",0","0",",0","0",",0","29",",0","4",",0","","","19490605",",,0","19490630","+,,0","19490630","+,,0","2","","19490602",",,0","19490630",",,0","5.6",",0,05,","0",",,0,30,+","0",",,0,30,+","24.1",",,0,02,","35.0",",0,30,","","","10.6",",0","87.1",",,,0","0",",,,0","21.55",",0","28.18",",,,0","14.92",",,,0"
"USC00132977","1949-07","43.2844","-93.6305","390.1","FOREST CITY 2 NNE, IA US","","","156.3",",0","8",",0","8",",0","3",",0","0",",0","0",",0","0",",0","0",",0","0",",0","31",",0","10",",0","","","19490731","+,,0","19490731","+,,0","19490731","+,,0","1","","19490718",",,0","19490704","+,,0","10.0",",0,31,+","0",",,0,31,+","0",",,0,31,+","54.6",",,0,18,","35.0",",0,04,+","0.3","0","0.3",",0","153.7",",,,0","0",",,,0","23.37",",0","29.97",",,,0","16.76",",,,0"
"USC00132977","1949-08","43.2844","-93.6305","390.1","FOREST CITY 2 NNE, IA US","","","112.4",",0","5",",0","1",",0","0",",0","0",",0","0",",0","0",",0","0",",0","0",",0","30",",0","7",",0","2","","19490831",",,0","19490831","+,,0","19490831","+,,0","1","","19490817",",,0","19490825","+,,0","4.4",",0,31,","0",",,0,31,+","0",",,0,31,+","9.9",",,0,17,","33.3",",0,25,+","13.6","0","13.3",",0","13.6",",,,0","0",",,,0","21.53",",0","29.02",",,,0","14.04",",,,0"
"USC00132977","1949-09","43.2844","-93.6305","390.1","FOREST CITY 2 NNE, IA US","","","5.2",",0","7",",0","5",",0","1",",0","0",",0","0",",0","0",",0","5",",0","0",",0","19",",0","0",",0","","","19490929",",,0","19490930","+,,0","19490930","+,,0","","","19490911",",,0","19490920","+,,0","-6.7",",0,29,","0",",,0,30,+","0",",,0,30,+","35.8",",,0,11,","29.4",",0,20,+","150.7","0","137.1",",0","69.8",",,,0","0",",,,0","13.94",",0","21.94",",,,0","5.93",",,,0"
"USC00132977","1949-10","43.2844","-93.6305","390.1","FOREST CITY 2 NNE, IA US","","","10.3",",0","8",",0","5",",0","0",",0","0",",0","0",",0","0",",0","10",",0","0",",0","14",",0","0",",0","2","","19491031",",,0","19491031","+,,0","19491031","+,,0","","","19491019",",,0","19491008","+,,0","-10.6",",0,31,","0",",,0,31,+","0",",,0,31,+","15.0",",,0,19,","27.8",",0,08,+","363.1","0","212.4",",0","60.9",",,,0","0",",,,0","11.81",",0","19.00",",,,0","4.63",",,,0"
"USC00132977","1949-11","43.2844","-93.6305","390.1","FOREST CITY 2 NNE, IA US","","","0.0",",0","4",",0","4",",0","0",",0","0",",0","0",",0","0",",0","24",",0","2",",0","2",",0","0",",0","","","19491122","+,,0","19491125","+,,0","19491124",",,0","","","19491113",",,0","19491110","+,,0","-11.7",",0,22,+","0",",T,0,25,+","13",",,0,24,","4.8",",,0,13,","23.9",",0,10,+","816.5","0","453.4",",0","15.9",",,,0","18",",,,0","3.22",",0","9.65",",,,0","-3.21",",,,0"
"USC00132977","1949-12","43.2844","-93.6305","390.1","FOREST CITY 2 NNE, IA US","","","0.0","2,0","4","2,0","3","2,0","0","2,0","2","2,0","1",",0","4","1,0","30","1,0","9","2,0","0","2,0","0","2,0","1","","19491226","+,1,0","19491201",",2,0","19491201",",,0","","","19491201",",2,0","19491211",",2,0","-22.2","1,0,26,+","102","2,,0,01,","102",",,0,01,","7.6","2,,0,01,","12.8","2,0,11,","1491.7","0","675.2","2,0","25.5",",a,,0","166",",a,,0","-5.14","2,0","0.82","2,,,0","-11.11","1,,,0"
"USC00132977","1950-01","43.2844","-93.6305","390.1","FOREST CITY 2 NNE, IA US","0.0","0","0.0",",0","9",",0","6",",0","0",",0","","","3",",0","19",",0","31",",0","18",",0","0",",0","0",",0","","","19500127",",,0","","","19500126",",,0","","","19500126",",,0","19500102",",,0","-30.6",",0,27,","","","76",",,0,26,","7.6",",,0,26,","3.9",",0,02,","2426.8","0","935.1",",0","32.6",",,,0","139",",,,0","-11.83",",0","-5.10",",,,0","-18.56",",,,0"
"USC00132977","1950-02","43.2844","-93.6305","390.1","FOREST CITY 2 NNE, IA US","0.0","0","0.0","1,0","5",",0","2",",0","0",",0","","","2",",0","10","1,0","27","1,0","18",",0","0",",0","0",",0","","","19500226","+,1,0","","","19500214",",,0","","","19500214",",,0","19500227","+,,0","-26.1","1,0,26,+","","","165",",,0,14,","16.5",",,0,14,","3.3",",0,27,+","3160.7","0","733.9",",0","31.3",",,,0","287",",,,0","-8.74","1,0","-2.58",",,,0","-14.90","1,,,0"
"USC00132977","1950-03","43.2844","-93.6305","390.1","FOREST CITY 2 NNE, IA US","0.0","0","0.0","2,0","","","","","","","","","","","4",",0","29",",0","15","2,0","0","2,0","0","2,0","","","19500302",",,0","","","","","","","","","19500327",",2,0","-21.1",",0,02,","","","","","","","10.0","2,0,27,","3820.5","0","659.8","2,0","","","","","-4.34","2,0","-0.31","2,,,0","-8.37",",,,0"
"USC00132977","1950-04","43.2844","-93.6305","390.1","FOREST CITY 2 NNE, IA US","0.0","0","0.0",",0","9",",0","7",",0","1",",0","0","1,0","0","1,0","0",",0","19",",0","1",",0","2",",0","0",",0","","","19500413",",,0","19500404",",1,0","19500404",",1,0","1","","19500424",",,0","19500417",",,0","-8.9",",0,13,","0","1,T,0,04,","13","1,,0,04,","32.3",",,0,24,","21.7",",0,17,","4257.6","0","437.1",",0","101.4",",,,0","13","1,,,0","3.76",",0","8.79",",,,0","-1.27",",,,0"
"USC00132977","1950-05","43.2844","-93.6305","390.1","FOREST CITY 2 NNE, IA US","7.9","0","7.9",",0","12",",0","10",",0","1",",0","0",",0","0",",0","0",",0","2",",0","0",",0","14",",0","0",",0","1","","19500501",",,0","19500531","+,,0","19500512",",,0","1","","19500509",",,0","19500523",",,0","-2.2",",0,01,","0",",,0,31,+","0",",T,0,12,","38.1",",,0,09,","30.0",",0,23,","4409.5","0","151.9",",0","105.9",",,,0","0",",T,,0","13.69",",0","20.06",",,,0","7.31",",,,0"
"USC00132977","1950-06","43.2844","-93.6305","390.1","FOREST CITY 2 NNE, IA US","69.4","0","61.5",",0","8",",0","4",",0","1",",0","0",",0","0",",0","0",",0","0",",0","0",",0","26",",0","1",",0","","","19500603",",,0","19500630","+,,0","19500630","+,,0","","","19500618",",,0","19500625",",,0","3.9",",0,03,","0",",,0,30,+","0",",,0,30,+","34.0",",,0,18,","32.8",",0,25,","4446.1","0","36.6",",0","77.1",",,,0","0",",,,0","19.16",",0","25.78",",,,0","12.54",",,,0"
"USC00132977","1950-07","43.2844","-93.6305","390.1","FOREST CITY 2 NNE, IA US","139.4","0","70.0",",0","12",",0","8",",0","1",",0","0",",0","0",",0","0",",0","0",",0","0",",0","29",",0","0",",0","","","19500713",",,0","19500731","+,,0","19500716",",,0","1","","19500718",",,0","19500730",",,0","7.8",",0,13,","0",",,0,31,+","0",",T,0,16,","43.9",",,0,18,","31.7",",0,30,","11.7","0","11.7",",0","103.0",",,,0","0",",T,,0","20.22",",0","26.42",",,,0","14.02",",,,0"
"USC00132977","1950-08","43.2844","-93.6305","390.1","FOREST CITY 2 NNE, IA US","191.0","0","51.6",",0","5",",0","3",",0","1",",0","0",",0","0",",0","0",",0","0",",0","0",",0","26",",0","2",",0","","","19500820",",,0","19500831","+,,0","19500815","+,,0","2","","19500815",",,0","19500809",",,0","2.2",",0,20,","0",",,0,31,+","0",",T,0,15,+","30.7",",,0,15,","33.3",",0,09,","48.2","0","36.5",",0","61.9",",,,0","0",",T,,0","18.82",",0","25.26",",,,0","12.38",",,,0"
"USC00132977","1950-09","43.2844","-93.6305","390.1","FOREST CITY 2 NNE, IA US","","","","","","","","","","","0",",0","","","","","","","","","","","","","1","","","","19500930","+,,0","","","","","","","","","","","0",",,0,30,+","","","","","","","","","","","","","","","","","","","",""
"USC00132977","1950-10","43.2844","-93.6305","390.1","FOREST CITY 2 NNE, IA US","","","9.2",",0","4",",0","2",",0","1",",0","0",",0","0",",0","0",",0","5",",0","0",",0","15",",0","0",",0","2","","19501025",",,0","19501031","+,,0","19501031","+,,0","","","19501002",",,0","19501018",",,0","-5.6",",0,25,","0",",,0,31,+","0",",,0,31,+","26.2",",,0,02,","30.0",",0,18,","","","186.2",",0","39.2",",,,0","0",",,,0","12.62",",0","19.89",",,,0","5.36",",,,0"
"USC00132977","1950-11","43.2844","-93.6305","390.1","FOREST CITY 2 NNE, IA US","","","0.0","2,0","3",",0","2",",0","0",",0","0","1,0","1",",0","2","1,0","25","1,0","9","1,0","0","1,0","0","1,0","","","19501124","+,1,0","19501123","+,1,0","19501116",",,0","","","19501108",",,0","19501105",",1,0","-20.6","1,0,24,+","0","1,T,0,23,+","43",",,0,16,","10.9",",,0,08,","17.8","1,0,05,","","","560.8","1,0","15.7",",,,0","48",",,,0","-1.64","2,0","4.18","1,,,0","-7.46","1,,,0"
"USC00132977","1950-12","43.2844","-93.6305","390.1","FOREST CITY 2 NNE, IA US","","","0.0",",0","5",",0","4",",0","0",",0","27",",0","4",",0","11",",0","31",",0","26",",0","0",",0","0",",0","","","19501227",",,0","19501222","+,,0","19501205",",,0","","","19501205",",,0","19501223",",,0","-31.7",",0,27,","178",",,0,22,+","102",",,0,05,","10.2",",,0,05,","5.0",",0,23,","","","891.8",",0","25.7",",,,0","285",",,,0","-10.44",",0","-4.58",",,,0","-16.29",",,,0"
"USC00132977","1951-01","43.2844","-93.6305","390.1","FOREST CITY 2 NNE, IA US","0.0","0","0.0",",0","6",",0","4",",0","0",",0","","","4",",0","16",",0","31",",0","21",",0","0",",0","0",",0","","","19510130",",,0","","","19510105",",,0","","","19510105",",,0","19510118","+,,0","-32.2",",0,30,","","","127",",,0,05,","12.7",",,0,05,","6.7",",0,18,+","","","924.9",",0","32.6",",,,0","326",",,,0","-11.50",",0","-5.25",",,,0","-17.76",",,,0"
"USC00132977","1951-02","43.2844","-93.6305","390.1","FOREST CITY 2 NNE, IA US","0.0","0","0.0","1,0","3","1,0","3","1,0","0","1,0","","","1","1,0","10","1,0","26","1,0","16",",0","0",",0","0",",0","6","","19510201",",1,0","","","19510228",",1,0","","","19510225",",1,0","19510226",",,0","-31.7","1,0,01,","","","140","1,,0,28,","16.5","1,,0,25,","7.2",",0,26,","","","694.5",",0","38.3","1,,,0","140","1,,,0","-7.31","1,0","-2.36",",,,0","-12.25","1,,,0"
"USC00132977","1951-03","43.2844","-93.6305","390.1","FOREST CITY 2 NNE, IA US","0.0","0","0.0","2,0","4","3,0","4","3,0","1","3,0","","","3",",0","8","2,0","27","2,0","17",",0","0",",0","0",",0","","","19510309",",2,0","","","19510323",",,0","1","","19510323",",3,0","19510327",",,0","-21.1","2,0,09,","","","178",",,0,23,","25.4","3,,0,23,","7.2",",0,27,","","","708.0",",0","89.4",",a,,0","356",",,,0","-6.07","2,0","-0.59",",,,0","-11.55","2,,,0"
"USC00132977","1951-04","43.2844","-93.6305","390.1","FOREST CITY 2 NNE, IA US","1.7","0","1.7",",0","14",",0","9",",0","2",",0","0","5,0","1",",0","0",",0","18",",0","0",",0","4",",0","0",",0","4","","19510417",",,0","19510430","+,5,0","19510411",",,0","","","19510429",",,0","19510430","+,,0","-6.1",",0,17,","0","5,,0,30,+","76",",,0,11,","33.0",",,0,29,","24.4",",0,30,+","","","406.8",",0","160.8",",,,0","76",",,,0","4.83",",0","9.27",",,,0","0.39",",,,0"
"USC00132977","1951-05","43.2844","-93.6305","390.1","FOREST CITY 2 NNE, IA US","13.9","0","12.2",",0","8",",0","6",",0","1",",0","0",",0","0",",0","0",",0","0",",0","0",",0","21",",0","0",",0","","","19510506",",,0","19510531","+,,0","19510531","+,,0","","","19510501",",,0","19510530","+,,0","0.6",",0,06,","0",",,0,31,+","0",",,0,31,+","35.1",",,0,01,","26.7",",0,30,+","","","87.6",",0","76.2",",,,0","0",",,,0","15.90",",0","22.15",",,,0","9.65",",,,0"
"USC00132977","1951-06","43.2844","-93.6305","390.1","FOREST CITY 2 NNE, IA US","32.0","0","18.1","1,0","10",",0","7",",0","3",",0","0",",0","0",",0","0",",0","0",",0","0","1,0","22","1,0","0","1,0","1","","19510605",",,0","19510630","+,,0","19510625","+,,0","","","19510626",",,0","19510613",",1,0","3.3",",0,05,","0",",,0,30,+","0",",T,0,25,+","90.2",",,0,26,","28.3","1,0,13,","","","51.0","1,0","186.3",",,,0","0",",T,,0","17.24","1,0","22.86","1,,,0","11.62",",,,0"
"USC00132977","1951-07","43.2844","-93.6305","390.1","FOREST CITY 2 NNE, IA US","126.2","0","94.2",",0","8","2,0","6","2,0","1","2,0","0",",0","0",",0","0",",0","0",",0","0",",0","30",",0","0",",0","","","19510701",",,0","19510731","+,,0","19510731","+,,0","","","19510708",",2,0","19510723",",,0","8.3",",0,01,","0",",,0,31,+","0",",,0,31,+","36.3","2,,0,08,","31.7",",0,23,","12.3","0","12.3",",0","89.7",",a,,0","0",",,,0","20.97",",0","27.33",",,,0","14.62",",,,0"
"USC00132977","1951-08","43.2844","-93.6305","390.1","FOREST CITY 2 NNE, IA US","169.0","0","42.8",",0","7","2,0","6","2,0","2","2,0","0",",0","0",",0","0",",0","0",",0","0",",0","29",",0","1",",0","3","","19510822","+,,0","19510831","+,,0","19510831","+,,0","","","19510819",",2,0","19510830",",,0","7.2",",0,22,+","0",",,0,31,+","0",",,0,31,+","77.7","2,,0,19,","32.8",",0,30,","36.8","0","24.5",",0","183.3",",a,,0","0",",,,0","18.92",",0","25.29",",,,0","12.55",",,,0"
"USC00132977","1951-09","43.2844","-93.6305","390.1","FOREST CITY 2 NNE, IA US","173.4","0","4.4",",0","5","2,0","3","2,0","1","2,0","0",",0","0",",0","0",",0","2",",0","0",",0","18",",0","0",",0","1","","19510928",",,0","19510930","+,,0","19510930","+,,0","","","19510910",",2,0","19510911",",,0","-3.9",",0,28,","0",",,0,30,+","0",",,0,30,+","29.2","2,,0,10,","29.4",",0,11,","180.3","0","143.5",",0","69.2",",a,,0","0",",,,0","13.70",",0","20.47",",,,0","6.92",",,,0"
"USC00132977","1951-10","43.2844","-93.6305","390.1","FOREST CITY 2 NNE, IA US","177.0","0","3.6",",0","8",",0","4",",0","0",",0","0",",0","0",",0","0",",0","14",",0","0",",0","10",",0","0",",0","1","","19511031",",,0","19511031","+,,0","19511031","+,,0","","","19511022",",,0","19511001",",,0","-9.4",",0,31,","0",",,0,31,+","0",",,0,31,+","17.8",",,0,22,","30.0",",0,01,","480.2","0","299.9",",0","54.9",",,,0","0",",,,0","8.78",",0","15.50",",,,0","2.05",",,,0"
"USC00132977","1951-11","43.2844","-93.6305","390.1","FOREST CITY 2 NNE, IA US","177.0","0","0.0","1,0","6","2,0","5","2,0","0","2,0","2","4,0","2",",0","3","1,0","27","1,0","16",",0","0",",0","0",",0","2","","19511105",",1,0","19511116",",4,0","19511116",",,0","","","19511116",",2,0","19511112",",,0","-22.2","1,0,05,","76","4,,0,16,","76",",,0,16,","7.6","2,,0,16,","15.6",",0,12,","1111.1","0","630.9",",0","29.7",",a,,0","186",",a,,0","-3.54","1,0","2.78",",,,0","-9.86","1,,,0"
"USC00132977","1951-12","43.2844","-93.6305","390.1","FOREST CITY 2 NNE, IA US","177.0","0","0.0","1,0","4","1,0","3","1,0","0","1,0","15","2,0","3","1,0","15","1,0","29","1,0","17",",0","0",",0","0",",0","2","","19511227",",1,0","19511228","+,2,0","19511217",",1,0","","","19511217",",1,0","19511203",",,0","-30.6","1,0,27,","254","2,,0,28,+","114","1,,0,17,","5.6","1,,0,17,","14.4",",0,03,","1938.5","0","827.4",",0","13.7","1,,,0","267","1,,,0","-9.36","1,0","-3.38",",,,0","-15.33","1,,,0"
"USC00132977","1952-01","43.2844","-93.6305","390.1","FOREST CITY 2 NNE, IA US","0.0","0","0.0",",0","","","","","","","","","4",",0","16",",0","31",",0","23",",0","0",",0","0",",0","2","","19520129","+,,0","","","19520123","+,,0","","","","","19520131",",,0","-31.7",",0,29,+","","","102",",,0,23,+","","","7.2",",0,31,","2849.7","0","911.2",",0","69.9",",a,,0","331",",a,,0","-11.06",",0","-4.34",",,,0","-17.78",",,,0"
"USC00132977","1952-02","43.2844","-93.6305","390.1","FOREST CITY 2 NNE, IA US","","","","","3",",0","2",",0","0",",0","","","2",",0","","","","","12",",0","0",",0","0",",0","","","","","","","19520223",",,0","","","19520223",",,0","19520212",",,0","","","","","51",",,0,23,","5.1",",,0,23,","7.8",",0,12,","","","","","8.9",",,,0","89",",,,0","","","1.08",",,,0","",""
"USC00132977","1952-03","43.2844","-93.6305","390.1","FOREST CITY 2 NNE, IA US","","","0.0",",0","7",",0","7",",0","1",",0","","","6",",0","2",",0","29",",0","10",",0","0",",0","0",",0","","","19520304",",,0","","","19520322",",,0","","","19520322",",,0","19520330",",,0","-21.7",",0,04,","","","330",",,0,22,","43.2",",,0,22,","15.6",",0,30,","","","655.4",",0","83.1",",,,0","685",",,,0","-2.81",",0","2.19",",,,0","-7.81",",,,0"
"USC00132977","1952-04","43.2844","-93.6305","390.1","FOREST CITY 2 NNE, IA US","","","3.9",",0","4","2,0","3","2,0","0","2,0","2","2,0","1",",0","0",",0","16",",0","0",",0","9",",0","0",",0","","","19520410",",,0","19520410",",2,0","19520413",",,0","","","19520413",",2,0","19520429",",,0","-7.2",",0,10,","76","2,,0,10,","64",",,0,13,","5.6","2,,0,13,","30.6",",0,29,","","","291.6",",0","24.8",",a,,0","140",",a,,0","8.74",",0","15.50",",,,0","1.99",",,,0"
"USC00132977","1952-05","43.2844","-93.6305","390.1","FOREST CITY 2 NNE, IA US","","","13.9",",0","11",",0","5",",0","1",",0","0",",0","0",",0","0",",0","0",",0","0",",0","10",",0","1",",0","","","19520529",",,0","19520531","+,,0","19520531","+,,0","","","19520507",",,0","19520504",",,0","0.6",",0,29,","0",",,0,31,+","0",",,0,31,+","33.0",",,0,07,","32.2",",0,04,","","","156.9",",0","80.5",",,,0","0",",,,0","13.72",",0","19.74",",,,0","7.70",",,,0"
"USC00132977","1952-07","43.2844","-93.6305","390.1","FOREST CITY 2 NNE, IA US","","","","","","","","","","","0",",0","0",",0","","","","","","","","","","","","","","","19520731","+,,0","19520731","+,,0","","","","","","","","","0",",,0,31,+","0",",,0,31,+","","","","","","","","","","","0",",,,0","","","","","",""
"USC00132977","1952-08","43.2844","-93.6305","390.1","FOREST CITY 2 NNE, IA US","","","72.8",",0","9","2,0","8","2,0","2","2,0","0",",0","0",",0","0",",0","0",",0","0",",0","30",",0","0",",0","","","19520805",",,0","19520831","+,,0","19520831","+,,0","","","19520829",",2,0","19520827","+,,0","7.8",",0,05,","0",",,0,31,+","0",",,0,31,+","54.9","2,,0,29,","31.1",",0,27,+","","","15.0",",0","164.8",",a,,0","0",",,,0","20.20",",0","26.54",",,,0","13.85",",,,0"
"USC00132977","1952-09","43.2844","-93.6305","390.1","FOREST CITY 2 NNE, IA US","","","43.8","1,0","4",",0","2",",0","0",",0","0",",0","0",",0","0",",0","0",",0","0","1,0","23","1,0","3","1,0","","","19520921",",,0","19520930","+,,0","19520930","+,,0","","","19520918",",,0","19520930","+,1,0","2.2",",0,21,","0",",,0,30,+","0",",,0,30,+","4.3",",,0,18,","32.2","1,0,30,+","","","66.2","1,0","10.0",",,,0","0",",,,0","17.59","1,0","25.47","1,,,0","9.70",",,,0"
"USC00132977","1952-10","43.2844","-93.6305","390.1","FOREST CITY 2 NNE, IA US","","","0.0",",0","0",",0","0",",0","0",",0","0",",0","0",",0","0",",0","15",",0","0",",0","7",",0","0",",0","","","19521020",",,0","19521031","+,,0","19521031","+,,0","","","19521031","+,,0","19521024",",,0","-8.3",",0,20,","0",",,0,31,+","0",",,0,31,+","0.0",",,0,31,+","26.1",",0,24,","","","338.2",",0","0.0",",,,0","0",",,,0","7.42",",0","15.21",",,,0","-0.36",",,,0"
"USC00132977","1952-11","43.2844","-93.6305","390.1","FOREST CITY 2 NNE, IA US","","","0.0",",0","3",",0","2",",0","0",",0","","","2",",0","2",",0","20",",0","6",",0","1",",0","0",",0","","","19521128",",,0","","","19521126",",,0","","","19521126",",,0","19521101",",,0","-23.9",",0,28,","","","254",",,0,26,","14.5",",,0,26,","22.2",",0,01,","","","481.4",",0","27.7",",,,0","356",",,,0","2.29",",0","8.25",",,,0","-3.68",",,,0"
"USC00132977","1952-12","43.2844","-93.6305","390.1","FOREST CITY 2 NNE, IA US","","","0.0","1,0","2",",0","2",",0","0",",0","","","2",",0","1","1,0","30","1,0","24",",0","0",",0","0",",0","","","19521227",",1,0","","","19521223",",,0","","","19521223",",,0","19521208",",,0","-18.9","1,0,27,","","","76",",,0,23,","7.6",",,0,23,","5.0",",0,08,","","","708.3",",0","12.7",",,,0","101",",,,0","-5.24","1,0","-1.72",",,,0","-8.76","1,,,0"
"USC00132977","1953-01","43.2844","-93.6305","390.1","FOREST CITY 2 NNE, IA US","0.0","0","0.0",",0","6",",0","2",",0","0",",0","","","2",",0","8",",0","31",",0","29",",0","0",",0","0",",0","","","19530116",",,0","","","19530106",",,0","","","19530116",",,0","19530112","+,,0","-30.0",",0,16,","","","114",",,0,06,","10.2",",,0,16,","3.9",",0,12,+","","","821.0",",0","17.9",",,,0","191",",,,0","-8.15",",0","-3.30",",,,0","-13.00",",,,0"
"USC00132977","1953-02","43.2844","-93.6305","390.1","FOREST CITY 2 NNE, IA US","0.0","0","0.0",",0","2",",0","2",",0","0",",0","","","1",",0","5",",0","28",",0","14",",0","0",",0","0",",0","","","19530221","+,,0","","","19530220",",,0","","","19530220",",,0","19530226",",,0","-20.6",",0,21,+","","","64",",,0,20,","8.9",",,0,20,","5.0",",0,26,","","","670.5",",0","16.5",",,,0","77",",,,0","-5.61",",0","-1.13",",,,0","-10.10",",,,0"
"USC00132977","1953-03","43.2844","-93.6305","390.1","FOREST CITY 2 NNE, IA US","0.0","0","0.0",",0","8",",0","6",",0","0",",0","","","4",",0","0",",0","23",",0","8",",0","0",",0","0",",0","","","19530307","+,,0","","","19530307",",,0","","","19530330",",,0","19530321",",,0","-15.0",",0,07,+","","","76",",,0,07,","13.0",",,0,30,","20.6",",0,21,","","","546.1",",0","39.0",",,,0","229",",,,0","0.72",",0","5.65",",,,0","-4.22",",,,0"
"USC00132977","1953-04","43.2844","-93.6305","390.1","FOREST CITY 2 NNE, IA US","0.0","0","0.0","1,0","12","2,0","8","2,0","0","2,0","0",",0","0",",0","0","1,0","16","1,0","0",",0","3",",0","0",",0","","","19530418",",1,0","19530430","+,,0","19530420","+,,0","","","19530425",",2,0","19530422",",,0","-8.3","1,0,18,","0",",,0,30,+","0",",T,0,20,+","17.3","2,,0,25,","24.4",",0,22,","","","395.1",",0","84.5",",a,,0","0",",T,,0","4.94","1,0","9.80",",,,0","0.08","1,,,0"
"USC00132977","1953-05","43.2844","-93.6305","390.1","FOREST CITY 2 NNE, IA US","26.4","0","26.4",",0","9",",0","6",",0","0",",0","0",",0","0",",0","0",",0","1",",0","0",",0","17",",0","2",",0","","","19530513",",,0","19530531","+,,0","19530531","+,,0","","","19530521",",,0","19530530",",,0","-1.7",",0,13,","0",",,0,31,+","0",",,0,31,+","14.5",",,0,21,","33.3",",0,30,","","","130.0",",0","61.2",",,,0","0",",,,0","14.99",",0","21.26",",,,0","8.73",",,,0"
"USC00132977","1953-06","43.2844","-93.6305","390.1","FOREST CITY 2 NNE, IA US","143.8","0","117.4",",0","8",",0","6",",0","1",",0","0",",0","0",",0","0",",0","0",",0","0",",0","28",",0","7",",0","","","19530606",",,0","19530630","+,,0","19530630","+,,0","","","19530608",",,0","19530618",",,0","5.6",",0,06,","0",",,0,30,+","0",",,0,30,+","44.2",",,0,08,","37.8",",0,18,","","","14.2",",0","115.9",",,,0","0",",,,0","21.77",",0","28.16",",,,0","15.38",",,,0"
"USC00132977","1953-07","43.2844","-93.6305","390.1","FOREST CITY 2 NNE, IA US","249.1","0","105.3","1,0","11",",0","8",",0","2",",0","0",",0","0",",0","0","1,0","0","1,0","0",",0","31",",0","4",",0","","","19530708",",1,0","19530731","+,,0","19530731","+,,0","","","19530729",",,0","19530719",",,0","8.3","1,0,08,","0",",,0,31,+","0",",,0,31,+","42.7",",,0,29,","34.4",",0,19,","5.3","0","5.3",",0","138.1",",,,0","0",",,,0","21.74","1,0","28.06",",,,0","15.42","1,,,0"
"USC00132977","1953-08","43.2844","-93.6305","390.1","FOREST CITY 2 NNE, IA US","365.3","0","116.2",",0","4","2,0","3","2,0","2","2,0","0",",0","0",",0","0",",0","0",",0","0",",0","31",",0","8",",0","","","19530820",",,0","19530831","+,,0","19530831","+,,0","","","19530803",",2,0","19530801",",,0","10.0",",0,20,","0",",,0,31,+","0",",,0,31,+","54.6","2,,0,03,","35.0",",0,01,","6.7","0","1.4",",0","107.7",",a,,0","0",",,,0","22.04",",0","29.00",",,,0","15.08",",,,0"
"USC00132977","1953-09","43.2844","-93.6305","390.1","FOREST CITY 2 NNE, IA US","394.5","0","29.2",",0","3",",0","2",",0","0",",0","0",",0","0",",0","0",",0","0",",0","0",",0","25",",0","2",",0","","","19530922",",,0","19530930","+,,0","19530930","+,,0","","","19530920",",,0","19530902","+,,0","1.1",",0,22,","0",",,0,30,+","0",",,0,30,+","12.2",",,0,20,","33.9",",0,02,+","87.5","0","80.8",",0","20.6",",,,0","0",",,,0","16.61",",0","24.68",",,,0","8.54",",,,0"
"USC00132977","1953-10","43.2844","-93.6305","390.1","FOREST CITY 2 NNE, IA US","413.9","0","19.4",",0","1",",0","0",",0","0",",0","0",",0","0",",0","0",",0","6",",0","0",",0","20",",0","1",",0","","","19531027",",,0","19531031","+,,0","19531031","+,,0","","","19531025",",,0","19531002",",,0","-3.9",",0,27,","0",",,0,31,+","0",",,0,31,+","2.3",",,0,25,","32.8",",0,02,","257.1","0","169.6",",0","2.3",",,,0","0",",,,0","13.49",",0","21.36",",,,0","5.62",",,,0"
"USC00132977","1953-11","43.2844","-93.6305","390.1","FOREST CITY 2 NNE, IA US","413.9","0","0.0",",0","5",",0","4",",0","1",",0","3","1,0","2",",0","0",",0","21",",0","5",",0","2",",0","0",",0","","","19531105",",,0","19531129",",1,0","19531127",",,0","","","19531120",",,0","19531102",",,0","-10.0",",0,05,","102","1,,0,29,","64",",,0,27,","38.1",",,0,20,","24.4",",0,02,","689.0","0","431.9",",0","54.4",",,,0","89",",,,0","3.94",",0","9.83",",,,0","-1.96",",,,0"
"USC00132977","1953-12","43.2844","-93.6305","390.1","FOREST CITY 2 NNE, IA US","413.9","0","0.0",",0","5",",0","2",",0","0",",0","","","1",",0","4",",0","31",",0","9",",0","0",",0","0",",0","","","19531217",",,0","","","19531222",",,0","","","19531204",",,0","19531203",",,0","-23.9",",0,17,","","","25",",,0,22,","15.2",",,0,04,","8.9",",0,03,","1385.3","0","696.3",",0","23.6",",,,0","51",",,,0","-4.13",",0","0.77",",,,0","-9.03",",,,0"
"USC00132977","1954-01","43.2844","-93.6305","390.1","FOREST CITY 2 NNE, IA US","0.0","0","0.0",",0","1","2,0","0","2,0","0","2,0","","","0",",0","14",",0","31",",0","22",",0","0",",0","0",",0","","","19540121",",,0","","","19540114",",,0","","","19540114",",2,0","19540108",",,0","-30.0",",0,21,","","","13",",,0,14,","0.8","2,,0,14,","5.0",",0,08,","2268.9","0","883.6",",0","9.2",",a,,0","178",",a,,0","-10.17",",0","-4.36",",,,0","-15.98",",,,0"
"USC00132977","1954-02","43.2844","-93.6305","390.1","FOREST CITY 2 NNE, IA US","0.0","0","0.0",",0","2",",0","1",",0","0",",0","","","0",",0","1",",0","27",",0","3",",0","0",",0","0",",0","","","19540212",",,0","","","19540223",",,0","","","19540220",",,0","19540214",",,0","-18.9",",0,12,","","","0",",T,0,23,","17.3",",,0,20,","15.0",",0,14,","2749.5","0","480.6",",0","19.1",",,,0","0",",T,,0","1.17",",0","6.28",",,,0","-3.94",",,,0"
"USC00132977","1954-03","43.2844","-93.6305","390.1","FOREST CITY 2 NNE, IA US","0.0","0","0.0",",0","8",",0","4",",0","0",",0","","","4","1,0","3",",0","28",",0","6",",0","0",",0","0",",0","","","19540305","+,,0","","","19540302",",1,0","","","19540313","+,,0","19540317",",,0","-17.8",",0,05,+","","","76","1,,0,02,","6.4",",,0,13,+","12.8",",0,17,","3372.0","0","622.5",",0","29.4",",,,0","177","1,,,0","-1.75",",0","2.95",",,,0","-6.44",",,,0"
"USC00132977","1954-04","43.2844","-93.6305","390.1","FOREST CITY 2 NNE, IA US","2.8","0","2.8",",0","8",",0","8",",0","2",",0","0",",0","0",",0","0",",0","9",",0","2",",0","7",",0","0",",0","","","19540403",",,0","19540430","+,,0","19540430","+,,0","","","19540430",",,0","19540414",",,0","-12.8",",0,03,","0",",,0,30,+","0",",,0,30,+","33.8",",,0,30,","30.6",",0,14,","3632.8","0","260.8",",0","119.7",",,,0","0",",,,0","9.73",",0","16.30",",,,0","3.16",",,,0"
"USC00132977","1954-05","43.2844","-93.6305","390.1","FOREST CITY 2 NNE, IA US","9.7","0","6.9",",0","8",",0","6",",0","1",",0","0",",0","0",",0","0",",0","6",",0","0",",0","13",",0","0",",0","","","19540503",",,0","19540531","+,,0","19540531","+,,0","","","19540524",",,0","19540523",",,0","-3.3",",0,03,","0",",,0,31,+","0",",,0,31,+","25.9",",,0,24,","29.4",",0,23,","3830.9","0","198.1",",0","72.1",",,,0","0",",,,0","12.16",",0","18.56",",,,0","5.77",",,,0"
"USC00132977","1954-06","43.2844","-93.6305","390.1","FOREST CITY 2 NNE, IA US","137.5","0","127.8",",0","12",",0","10",",0","2",",0","0",",0","0",",0","0",",0","0",",0","0",",0","26",",0","6",",0","","","19540604",",,0","19540630","+,,0","19540630","+,,0","","","19540618",",,0","19540625",",,0","6.1",",0,04,","0",",,0,30,+","0",",,0,30,+","89.2",",,0,18,","34.4",",0,25,","3858.9","0","28.0",",0","225.0",",,,0","0",",,,0","21.66",",0","27.37",",,,0","15.94",",,,0"
"USC00132977","1954-07","43.2844","-93.6305","390.1","FOREST CITY 2 NNE, IA US","301.2","0","163.7",",0","12",",0","9",",0","2",",0","0",",0","0",",0","0",",0","0",",0","0",",0","31",",0","6",",0","","","19540701",",,0","19540731","+,,0","19540731","+,,0","","","19540728",",,0","19540706",",,0","12.8",",0,01,","0",",,0,31,+","0",",,0,31,+","33.0",",,0,28,","35.6",",0,06,","0.0","0","0.0",",0","119.8",",,,0","0",",,,0","23.61",",0","29.79",",,,0","17.44",",,,0"
"USC00132977","1954-08","43.2844","-93.6305","390.1","FOREST CITY 2 NNE, IA US","389.7","0","88.5",",0","8",",0","8",",0","2",",0","0",",0","0",",0","0",",0","0",",0","0",",0","31",",0","1",",0","","","19540812",",,0","19540831","+,,0","19540831","+,,0","","","19540823",",,0","19540815",",,0","8.3",",0,12,","0",",,0,31,+","0",",,0,31,+","50.8",",,0,23,","32.2",",0,15,","1.9","0","1.9",",0","139.5",",,,0","0",",,,0","21.13",",0","27.12",",,,0","15.13",",,,0"
"USC00132977","1954-09","43.2844","-93.6305","390.1","FOREST CITY 2 NNE, IA US","420.6","0","30.9",",0","8",",0","7",",0","0",",0","0",",0","0",",0","0",",0","1",",0","0",",0","19",",0","0",",0","","","19540922",",,0","19540930","+,,0","19540930","+,,0","","","19540929",",,0","19540906","+,,0","0.0",",0,22,","0",",,0,30,+","0",",,0,30,+","12.2",",,0,29,","31.1",",0,06,+","67.9","0","66.0",",0","54.9",",,,0","0",",,,0","17.17",",0","23.25",",,,0","11.08",",,,0"
"USC00132977","1954-10","43.2844","-93.6305","390.1","FOREST CITY 2 NNE, IA US","423.1","0","2.5",",0","11",",0","8",",0","0",",0","0",",0","0",",0","0",",0","7",",0","0",",0","7",",0","0",",0","","","19541031",",,0","19541031",",,0","19541031",",,0","","","19541011",",,0","19541003",",,0","-7.2",",0,31,","0",",T,0,31,","0",",T,0,31,","18.0",",,0,11,","25.0",",0,03,","345.1","0","277.2",",0","84.1",",,,0","0",",T,,0","9.47",",0","14.44",",,,0","4.50",",,,0"
"USC00132977","1954-11","43.2844","-93.6305","390.1","FOREST CITY 2 NNE, IA US","423.1","0","0.0",",0","1",",0","1",",0","0",",0","0",",0","0",",0","0",",0","19",",0","4",",0","0",",0","0",",0","","","19541130","+,,0","19541130","+,,0","19541127",",,0","","","19541127",",,0","19541107",",,0","-8.3",",0,30,+","0",",,0,30,+","13",",,0,27,","3.0",",,0,27,","20.0",",0,07,","781.9","0","436.8",",0","3.0",",,,0","13",",,,0","3.77",",0","8.82",",,,0","-1.27",",,,0"
"USC00132977","1954-12","43.2844","-93.6305","390.1","FOREST CITY 2 NNE, IA US","423.1","0","0.0","1,0","5",",0","2",",0","0",",0","","","2",",0","0","1,0","30","1,0","21",",0","0",",0","0",",0","","","19541210",",1,0","","","19541209","+,,0","","","19541201",",,0","19541225",",,0","-15.6","1,0,10,","","","76",",,0,09,+","6.4",",,0,01,","5.6",",0,25,","1447.5","0","665.6",",0","16.1",",,,0","152",",,,0","-3.93","1,0","-0.65",",,,0","-7.21","1,,,0"
"USC00132977","1955-01","43.2844","-93.6305","390.1","FOREST CITY 2 NNE, IA US","0.0","0","0.0",",0","6",",0","1",",0","0",",0","10","1,0","4",",0","6",",0","31",",0","24",",0","0",",0","0",",0","","","19550127",",,0","19550131","+,1,0","19550121",",,0","","","19550121",",,0","19550114","+,,0","-28.3",",0,27,","178","1,,0,31,+","64",",,0,21,","3.8",",,0,21,","3.9",",0,14,+","2274.9","0","827.4",",0","10.0",",,,0","165",",,,0","-8.36",",0","-4.14",",,,0","-12.58",",,,0"
"USC00132977","1955-02","43.2844","-93.6305","390.1","FOREST CITY 2 NNE, IA US","0.0","0","0.0",",0","3",",0","3",",0","0",",0","","","2",",0","7",",0","28",",0","18",",0","0",",0","0",",0","","","19550212",",,0","","","19550205",",,0","","","19550219",",,0","19550215",",,0","-27.8",",0,12,","","","71",",,0,05,","6.9",",,0,19,","7.2",",0,15,","3015.0","0","740.1",",0","17.0",",,,0","122",",,,0","-8.10",",0","-2.62",",,,0","-13.58",",,,0"
"USC00132977","1955-03","43.2844","-93.6305","390.1","FOREST CITY 2 NNE, IA US","0.0","0","0.0","1,0","5",",0","3",",0","0",",0","","","1","2,0","2","1,0","26","1,0","11",",0","0",",0","0",",0","","","19550307",",1,0","","","19550321",",2,0","","","19550321",",,0","19550331",",,0","-21.1","1,0,07,","","","127","2,,0,21,","13.5",",,0,21,","18.3",",0,31,","3616.1","0","601.1",",0","20.9",",,,0","127","2,,,0","-1.68","1,0","3.96",",,,0","-7.32","1,,,0"
"USC00132977","1955-04","43.2844","-93.6305","390.1","FOREST CITY 2 NNE, IA US","0.6","0","0.6",",0","7",",0","5",",0","1",",0","0",",0","0",",0","0",",0","1",",0","0",",0","15",",0","0",",0","","","19550407",",,0","19550430","+,,0","19550430","+,,0","","","19550424",",,0","19550427","+,,0","-3.3",",0,07,","0",",,0,30,+","0",",,0,30,+","54.6",",,0,24,","26.7",",0,27,+","3793.4","0","177.3",",0","88.9",",,,0","0",",,,0","12.44",",0","19.21",",,,0","5.67",",,,0"
"USC00132977","1955-05","43.2844","-93.6305","390.1","FOREST CITY 2 NNE, IA US","30.7","0","30.1",",0","7",",0","6",",0","0",",0","0",",0","0",",0","0",",0","1",",0","0",",0","23",",0","0",",0","","","19550508",",,0","19550531","+,,0","19550531","+,,0","","","19550509",",,0","19550502",",,0","-1.1",",0,08,","0",",,0,31,+","0",",,0,31,+","12.7",",,0,09,","31.7",",0,02,","3859.1","0","65.7",",0","42.9",",,,0","0",",,,0","17.19",",0","24.45",",,,0","9.92",",,,0"
"USC00132977","1955-06","43.2844","-93.6305","390.1","FOREST CITY 2 NNE, IA US","89.2","0","58.5",",0","6",",0","6",",0","2",",0","0",",0","0",",0","0",",0","0",",0","0",",0","27",",0","1",",0","","","19550612",",,0","19550630","+,,0","19550630","+,,0","","","19550602",",,0","19550620",",,0","5.6",",0,12,","0",",,0,30,+","0",",,0,30,+","69.9",",,0,02,","32.2",",0,20,","3882.7","0","23.6",",0","153.4",",,,0","0",",,,0","19.50",",0","25.92",",,,0","13.07",",,,0"
"USC00132977","1955-07","43.2844","-93.6305","390.1","FOREST CITY 2 NNE, IA US","306.1","0","216.9",",0","11",",0","6",",0","1",",0","0",",0","0",",0","0",",0","0",",0","0",",0","31",",0","14",",0","","","19550724",",,0","19550731","+,,0","19550731","+,,0","","","19550705",",,0","19550731",",,0","13.3",",0,24,","0",",,0,31,+","0",",,0,31,+","49.3",",,0,05,","38.3",",0,31,","0.0","0","0.0",",0","114.9",",,,0","0",",,,0","25.33",",0","31.35",",,,0","19.32",",,,0"
"USC00132977","1955-08","43.2844","-93.6305","390.1","FOREST CITY 2 NNE, IA US","501.7","0","195.6",",0","6",",0","4",",0","0",",0","0",",0","0",",0","0",",0","0",",0","0",",0","31",",0","16",",0","","","19550831",",,0","19550831","+,,0","19550831","+,,0","","","19550826",",,0","19550821",",,0","8.9",",0,31,","0",",,0,31,+","0",",,0,31,+","21.3",",,0,26,","37.8",",0,21,","5.0","0","5.0",",0","39.9",",,,0","0",",,,0","24.48",",0","31.92",",,,0","17.04",",,,0"
"USC00132977","1955-09","43.2844","-93.6305","390.1","FOREST CITY 2 NNE, IA US","552.9","0","51.2",",0","7",",0","6",",0","0",",0","0",",0","0",",0","0",",0","0",",0","0",",0","24",",0","5",",0","","","19550911",",,0","19550930","+,,0","19550930","+,,0","","","19550921",",,0","19550909",",,0","1.7",",0,11,","0",",,0,30,+","0",",,0,30,+","14.7",",,0,21,","35.6",",0,09,","71.5","0","66.5",",0","46.5",",,,0","0",",,,0","17.82",",0","25.24",",,,0","10.40",",,,0"
"USC00132977","1955-10","43.2844","-93.6305","390.1","FOREST CITY 2 NNE, IA US","556.8","0","3.9",",0","10",",0","5",",0","0",",0","0",",0","0",",0","0",",0","9",",0","0",",0","11",",0","0",",0","","","19551031","+,,0","19551031","+,,0","19551031","+,,0","","","19551006",",,0","19551026","+,,0","-4.4",",0,31,+","0",",,0,31,+","0",",,0,31,+","6.6",",,0,06,","27.2",",0,26,+","313.3","0","241.8",",0","27.2",",,,0","0",",,,0","10.66",",0","17.16",",,,0","4.16",",,,0"
"USC00132977","1955-11","43.2844","-93.6305","390.1","FOREST CITY 2 NNE, IA US","556.8","0","0.0","1,0","6",",0","1",",0","0",",0","3",",0","2","1,0","2",",0","29",",0","10","1,0","0","1,0","0","1,0","","","19551130","+,,0","19551119",",,0","19551119","+,1,0","","","19551116",",,0","19551104","+,1,0","-18.9",",0,30,+","51",",,0,19,","25","1,,0,19,+","2.8",",,0,16,","12.2","1,0,04,+","935.7","0","622.4","1,0","9.2",",,,0","63","1,,,0","-2.98","1,0","2.03","1,,,0","-7.99",",,,0"
"USC00132977","1955-12","43.2844","-93.6305","390.1","FOREST CITY 2 NNE, IA US","556.8","0","0.0","1,0","5","1,0","2","1,0","0","1,0","","","5","1,0","13","1,0","30","1,0","24","1,0","0","1,0","0","1,0","","","19551219",",1,0","","","19551204",",1,0","","","19551204",",1,0","19551223",",1,0","-28.9","1,0,19,","","","76","1,,0,04,","4.1","1,,0,04,","5.0","1,0,23,","1781.8","0","846.1","1,0","11.0","1,,,0","202","1,,,0","-9.87","1,0","-4.93","1,,,0","-14.81","1,,,0"
"USC00132977","1956-01","43.2844","-93.6305","390.1","FOREST CITY 2 NNE, IA US","0.0","0","0.0",",0","5","2,0","2","2,0","0","2,0","","","3",",0","12",",0","31",",0","23",",0","0",",0","0",",0","","","19560121",",,0","","","19560118","+,,0","","","19560118",",2,0","19560105",",,0","-27.8",",0,21,","","","51",",,0,18,+","3.8","2,,0,18,","7.2",",0,05,","2661.4","0","879.6",",0","19.6",",a,,0","305",",a,,0","-10.04",",0","-5.02",",,,0","-15.06",",,,0"
"USC00132977","1956-02","43.2844","-93.6305","390.1","FOREST CITY 2 NNE, IA US","0.0","0","0.0",",0","3",",0","1",",0","0",",0","","","1",",0","10",",0","29",",0","20",",0","0",",0","0",",0","","","19560203",",,0","","","19560202",",,0","","","19560202",",,0","19560229",",,0","-25.0",",0,03,","","","127",",,0,02,","8.4",",,0,02,","6.1",",0,29,","3433.8","0","772.4",",0","10.2",",,,0","127",",,,0","-8.30",",0","-2.60",",,,0","-14.00",",,,0"
"USC00132977","1956-03","43.2844","-93.6305","390.1","FOREST CITY 2 NNE, IA US","0.0","0","0.0",",0","7","2,0","4","2,0","1","2,0","","","5",",0","2",",0","30",",0","9",",0","0",",0","0",",0","","","19560312",",,0","","","19560311",",,0","","","19560328",",2,0","19560326",",,0","-23.3",",0,12,","","","254",",,0,11,","46.0","2,,0,28,","12.2",",0,26,","4076.8","0","643.0",",0","94.2",",a,,0","685",",a,,0","-2.41",",0","2.45",",,,0","-7.26",",,,0"
"USC00132977","1956-04","43.2844","-93.6305","390.1","FOREST CITY 2 NNE, IA US","0.0","0","0.0",",0","6",",0","4",",0","0",",0","1",",0","1",",0","0",",0","18",",0","1",",0","2",",0","0",",0","","","19560408",",,0","19560429",",,0","19560429",",,0","","","19560427",",,0","19560402",",,0","-6.7",",0,08,","25",",,0,29,","25",",,0,29,","21.6",",,0,27,","25.6",",0,02,","4436.9","0","360.1",",0","51.2",",,,0","25",",,,0","6.33",",0","12.94",",,,0","-0.28",",,,0"
"USC00132977","1956-05","43.2844","-93.6305","390.1","FOREST CITY 2 NNE, IA US","33.3","0","33.3",",0","10",",0","8",",0","0",",0","0",",0","0",",0","0",",0","2",",0","0",",0","19",",0","0",",0","","","19560516","+,,0","19560531","+,,0","19560531","+,,0","","","19560529",",,0","19560521",",,0","0.0",",0,16,+","0",",,0,31,+","0",",,0,31,+","23.4",",,0,29,","31.7",",0,21,","4558.5","0","121.6",",0","100.0",",,,0","0",",,,0","15.48",",0","22.07",",,,0","8.89",",,,0"
"USC00132977","1956-06","43.2844","-93.6305","390.1","FOREST CITY 2 NNE, IA US","178.7","0","145.4",",0","6",",0","6",",0","2",",0","0",",0","0",",0","0",",0","0",",0","0",",0","29",",0","11",",0","","","19560602","+,,0","19560630","+,,0","19560630","+,,0","","","19560618",",,0","19560613",",,0","6.7",",0,02,+","0",",,0,30,+","0",",,0,30,+","38.6",",,0,18,","36.1",",0,13,","4568.2","0","9.7",",0","98.5",",,,0","0",",,,0","22.86",",0","29.80",",,,0","15.91",",,,0"
"USC00132977","1956-07","43.2844","-93.6305","390.1","FOREST CITY 2 NNE, IA US","257.2","0","78.5",",0","11",",0","11",",0","2",",0","0",",0","0",",0","0",",0","0",",0","0",",0","30",",0","2",",0","","","19560711","+,,0","19560731","+,,0","19560731","+,,0","","","19560731",",,0","19560715",",,0","11.1",",0,11,+","0",",,0,31,+","0",",,0,31,+","94.7",",,0,31,","32.8",",0,15,","4.0","0","4.0",",0","180.5",",,,0","0",",,,0","20.74",",0","26.93",",,,0","14.55",",,,0"
"USC00132977","1956-08","43.2844","-93.6305","390.1","FOREST CITY 2 NNE, IA US","371.3","0","114.1",",0","12",",0","6",",0","1",",0","0",",0","0",",0","0",",0","0",",0","0",",0","30",",0","5",",0","","","19560820",",,0","19560831","+,,0","19560831","+,,0","","","19560816",",,0","19560827",",,0","6.7",",0,20,","0",",,0,31,+","0",",,0,31,+","33.5",",,0,16,","35.0",",0,27,","18.7","0","14.7",",0","81.8",",,,0","0",",,,0","21.54",",0","27.69",",,,0","15.38",",,,0"
"USC00132977","1956-09","43.2844","-93.6305","390.1","FOREST CITY 2 NNE, IA US","389.3","0","18.0",",0","6",",0","3",",0","0",",0","0",",0","0",",0","0",",0","1",",0","0",",0","19",",0","1",",0","","","19560930",",,0","19560930","+,,0","19560930","+,,0","","","19560905",",,0","19560925",",,0","-1.1",",0,30,","0",",,0,30,+","0",",,0,30,+","9.9",",,0,05,","32.2",",0,25,","111.9","0","93.2",",0","20.1",",,,0","0",",,,0","15.83",",0","23.32",",,,0","8.34",",,,0"
"USC00132977","1956-10","43.2844","-93.6305","390.1","FOREST CITY 2 NNE, IA US","398.5","0","9.2",",0","5",",0","4",",0","0",",0","0",",0","0",",0","0",",0","5",",0","0",",0","15",",0","0",",0","","","19561009",",,0","19561031","+,,0","19561031","+,,0","","","19561015",",,0","19561012",",,0","-2.2",",0,09,","0",",,0,31,+","0",",,0,31,+","7.1",",,0,15,","30.6",",0,12,","258.1","0","146.2",",0","23.1",",,,0","0",",,,0","13.91",",0","21.07",",,,0","6.75",",,,0"
"USC00132977","1956-11","43.2844","-93.6305","390.1","FOREST CITY 2 NNE, IA US","398.5","0","0.0",",0","8",",0","4",",0","0",",0","","","3",",0","0",",0","23",",0","7",",0","0",",0","0",",0","","","19561123",",,0","","","19561121",",,0","","","19561121",",,0","19561103",",,0","-16.7",",0,23,","","","127",",,0,21,","11.2",",,0,21,","16.7",",0,03,","788.7","0","530.6",",0","36.9",",,,0","203",",,,0","0.65",",0","5.46",",,,0","-4.17",",,,0"
"USC00132977","1956-12","43.2844","-93.6305","390.1","FOREST CITY 2 NNE, IA US","398.5","0","0.0",",0","4",",0","2",",0","0",",0","4","5,0","1",",0","4",",0","31",",0","11",",0","0",",0","0",",0","","","19561213",",,0","19561216","+,5,0","19561213",",,0","","","19561213",",,0","19561203",",,0","-25.0",",0,13,","102","5,,0,16,+","102",",,0,13,","6.4",",,0,13,","10.6",",0,03,","1484.1","0","695.4",",0","11.0",",,,0","128",",,,0","-4.10",",0","0.67",",,,0","-8.87",",,,0"
"USC00132977","1957-01","43.2844","-93.6305","390.1","FOREST CITY 2 NNE, IA US","0.0","0","0.0",",0","4",",0","2",",0","0",",0","","","3",",0","15",",0","31",",0","25",",0","0",",0","0",",0","","","19570126",",,0","","","19570110",",,0","","","19570110",",,0","19570121",",,0","-26.7",",0,26,","","","102",",,0,10,","5.8",",,0,10,","4.4",",0,21,","2413.8","0","929.7",",0","12.1",",,,0","247",",,,0","-11.66",",0","-6.16",",,,0","-17.15",",,,0"
"USC00132977","1957-02","43.2844","-93.6305","390.1","FOREST CITY 2 NNE, IA US","0.0","0","0.0",",0","4",",0","1",",0","0",",0","","","1",",0","3",",0","27",",0","12",",0","0",",0","0",",0","","","19570222",",,0","","","19570222",",,0","","","19570222",",,0","19570213",",,0","-21.1",",0,22,","","","76",",,0,22,","6.4",",,0,22,","7.8",",0,13,","3033.8","0","620.0",",0","8.2",",,,0","76",",,,0","-3.81",",0","1.16",",,,0","-8.79",",,,0"
"USC00132977","1957-03","43.2844","-93.6305","390.1","FOREST CITY 2 NNE, IA US","0.0","0","0.0",",0","7",",0","5",",0","0",",0","4","5,0","3",",0","0",",0","28",",0","7",",0","0",",0","0",",0","","","19570307","+,,0","19570319",",5,0","19570318",",,0","","","19570318",",,0","19570313",",,0","-15.6",",0,07,+","178","5,,0,19,","127",",,0,18,","14.0",",,0,18,","15.6",",0,13,","3604.4","0","570.6",",0","38.9",",,,0","247",",,,0","-0.07",",0","5.28",",,,0","-5.43",",,,0"
"USC00132977","1957-04","43.2844","-93.6305","390.1","FOREST CITY 2 NNE, IA US","4.5","0","4.5",",0","7",",0","4",",0","0",",0","3",",0","2",",0","0",",0","13",",0","0",",0","12",",0","0",",0","","","19570412",",,0","19570406","+,,0","19570405","+,,0","","","19570426",",,0","19570430",",,0","-8.9",",0,12,","51",",,0,06,+","25",",,0,05,+","11.7",",,0,26,","28.9",",0,30,","3893.9","0","289.5",",0","31.1",",,,0","50",",,,0","8.83",",0","15.37",",,,0","2.29",",,,0"
"USC00132977","1957-05","43.2844","-93.6305","390.1","FOREST CITY 2 NNE, IA US","13.4","0","8.9",",0","13",",0","10",",0","3",",0","0",",0","0",",0","0",",0","1",",0","0",",0","13",",0","0",",0","","","19570504",",,0","19570531","+,,0","19570531","+,,0","","","19570514",",,0","19570501",",,0","-0.6",",0,04,","0",",,0,31,+","0",",,0,31,+","44.2",",,0,14,","28.9",",0,01,","4038.7","0","144.8",",0","200.4",",,,0","0",",,,0","13.95",",0","19.77",",,,0","8.14",",,,0"
"USC00132977","1957-06","43.2844","-93.6305","390.1","FOREST CITY 2 NNE, IA US","71.1","0","57.7",",0","10",",0","9",",0","1",",0","0",",0","0",",0","0",",0","0",",0","0",",0","27",",0","0",",0","","","19570602",",,0","19570630","+,,0","19570630","+,,0","","","19570622",",,0","19570621","+,,0","7.2",",0,02,","0",",,0,30,+","0",",,0,30,+","43.9",",,0,22,","31.1",",0,21,+","4065.1","0","26.4",",0","117.4",",,,0","0",",,,0","19.37",",0","25.34",",,,0","13.40",",,,0"
"USC00132977","1957-07","43.2844","-93.6305","390.1","FOREST CITY 2 NNE, IA US","280.4","0","209.3",",0","7",",0","4",",0","0",",0","0",",0","0",",0","0",",0","0",",0","0",",0","31",",0","15",",0","","","19570705",",,0","19570731","+,,0","19570731","+,,0","","","19570703",",,0","19570718","+,,0","13.3",",0,05,","0",",,0,31,+","0",",,0,31,+","23.6",",,0,03,","36.1",",0,18,+","0.0","0","0.0",",0","43.2",",,,0","0",",,,0","25.09",",0","31.04",",,,0","19.14",",,,0"
"USC00132977","1957-08","43.2844","-93.6305","390.1","FOREST CITY 2 NNE, IA US","386.8","0","106.4",",0","7",",0","6",",0","2",",0","0",",0","0",",0","0",",0","0",",0","0",",0","29",",0","3",",0","","","19570805",",,0","19570831","+,,0","19570831","+,,0","","","19570814",",,0","19570802",",,0","8.9",",0,05,","0",",,0,31,+","0",",,0,31,+","42.7",",,0,14,","34.4",",0,02,","7.2","0","7.2",",0","113.2",",,,0","0",",,,0","21.53",",0","27.43",",,,0","15.64",",,,0"
"USC00132977","1957-09","43.2844","-93.6305","390.1","FOREST CITY 2 NNE, IA US","396.9","0","10.1",",0","10",",0","7",",0","0",",0","0",",0","0",",0","0",",0","0",",0","0",",0","15",",0","0",",0","","","19570928","+,,0","19570930","+,,0","19570930","+,,0","","","19570921",",,0","19570901",",,0","3.3",",0,28,+","0",",,0,30,+","0",",,0,30,+","10.7",",,0,21,","30.6",",0,01,","106.3","0","99.1",",0","49.7",",,,0","0",",,,0","15.36",",0","21.63",",,,0","9.10",",,,0"
"USC00132977","1957-10","43.2844","-93.6305","390.1","FOREST CITY 2 NNE, IA US","396.9","0","0.0",",0","10",",0","5",",0","0",",0","0",",0","0",",0","0",",0","12",",0","0",",0","5",",0","0",",0","","","19571025",",,0","19571031","+,,0","19571031","+,,0","","","19571023",",,0","19571001",",,0","-6.7",",0,25,","0",",,0,31,+","0",",,0,31,+","21.6",",,0,23,","24.4",",0,01,","403.0","0","296.7",",0","43.3",",,,0","0",",,,0","8.76",",0","14.17",",,,0","3.36",",,,0"
"USC00132977","1957-11","43.2844","-93.6305","390.1","FOREST CITY 2 NNE, IA US","396.9","0","0.0",",0","8",",0","5",",0","0",",0","","","2",",0","0",",0","21",",0","9",",0","0",",0","0",",0","","","19571130",",,0","","","19571119",",,0","","","19571102",",,0","19571111",",,0","-15.6",",0,30,","","","178",",,0,19,","24.6",",,0,02,","12.8",",0,11,","951.4","0","548.4",",0","85.3",",,,0","331",",,,0","0.05",",0","3.83",",,,0","-3.73",",,,0"
"USC00132977","1957-12","43.2844","-93.6305","390.1","FOREST CITY 2 NNE, IA US","396.9","0","0.0",",0","3",",0","3",",0","0",",0","","","2",",0","2",",0","29",",0","8",",0","0",",0","0",",0","","","19571211",",,0","","","19571225","+,,0","","","19571219",",,0","19571215",",,0","-20.0",",0,11,","","","51",",,0,25,+","4.6",",,0,19,","7.8",",0,15,","1608.7","0","657.3",",0","10.9",",,,0","102",",,,0","-2.87",",0","1.56",",,,0","-7.31",",,,0"
"USC00132977","1958-01","43.2844","-93.6305","390.1","FOREST CITY 2 NNE, IA US","0.0","0","0.0",",0","3",",0","2",",0","0",",0","","","2",",0","5",",0","31",",0","22",",0","0",",0","0",",0","","","19580131","+,,0","","","19580126",",,0","","","19580126",",,0","19580109",",,0","-20.0",",0,31,+","","","76",",,0,26,","5.8",",,0,26,","7.8",",0,09,","2348.7","0","740.0",",0","11.9",",,,0","140",",,,0","-5.54",",0","-1.90",",,,0","-9.17",",,,0"
"USC00132977","1958-02","43.2844","-93.6305","390.1","FOREST CITY 2 NNE, IA US","0.0","0","0.0",",0","3",",0","1",",0","0",",0","","","0",",0","14",",0","26",",0","20",",0","0",",0","0",",0","","","19580216",",,0","","","19580215","+,,0","","","19580227",",,0","19580223",",,0","-29.4",",0,16,","","","13",",,0,15,+","2.5",",,0,27,","12.2",",0,23,","3123.1","0","774.4",",0","5.1",",,,0","26",",,,0","-9.33",",0","-3.59",",,,0","-15.06",",,,0"
"USC00132977","1958-03","43.2844","-93.6305","390.1","FOREST CITY 2 NNE, IA US","0.0","0","0.0",",0","4",",0","3",",0","0",",0","","","3",",0","0",",0","29",",0","6",",0","0",",0","0",",0","","","19580310","+,,0","","","19580308",",,0","","","19580308",",,0","19580331",",,0","-8.9",",0,10,+","","","102",",,0,08,","6.4",",,0,08,","15.0",",0,31,","3689.6","0","566.5",",0","13.4",",,,0","165",",,,0","0.06",",0","4.66",",,,0","-4.54",",,,0"
"USC00132977","1958-04","43.2844","-93.6305","390.1","FOREST CITY 2 NNE, IA US","1.4","0","1.4",",0","8",",0","6",",0","0",",0","0",",0","0",",0","0",",0","11",",0","0",",0","5",",0","0",",0","","","19580429",",,0","19580430","+,,0","19580430","+,,0","","","19580424",",,0","19580416",",,0","-5.6",",0,29,","0",",,0,30,+","0",",,0,30,+","19.8",",,0,24,","27.8",",0,16,","3976.0","0","286.4",",0","61.1",",,,0","0",",,,0","8.83",",0","15.40",",,,0","2.27",",,,0"
"USC00132977","1958-05","43.2844","-93.6305","390.1","FOREST CITY 2 NNE, IA US","20.1","0","18.7",",0","6",",0","4",",0","1",",0","0",",0","0",",0","0",",0","0",",0","0",",0","23",",0","0",",0","","","19580505",",,0","19580531","+,,0","19580531","+,,0","","","19580531",",,0","19580524","+,,0","1.7",",0,05,","0",",,0,31,+","0",",,0,31,+","27.2",",,0,31,","29.4",",0,24,+","4059.8","0","83.8",",0","57.7",",,,0","0",",,,0","16.23",",0","23.63",",,,0","8.84",",,,0"
"USC00132977","1958-06","43.2844","-93.6305","390.1","FOREST CITY 2 NNE, IA US","50.6","0","30.5",",0","13",",0","9",",0","1",",0","0",",0","0",",0","0",",0","0",",0","0",",0","24",",0","1",",0","","","19580625","+,,0","19580630","+,,0","19580630","+,,0","","","19580604",",,0","19580630",",,0","5.6",",0,25,+","0",",,0,30,+","0",",,0,30,+","56.1",",,0,04,","32.8",",0,30,","4113.7","0","53.9",",0","109.7",",,,0","0",",,,0","17.56",",0","24.02",",,,0","11.09",",,,0"
"USC00132977","1958-07","43.2844","-93.6305","390.1","FOREST CITY 2 NNE, IA US","132.8","0","82.2",",0","8",",0","4",",0","0",",0","0",",0","0",",0","0",",0","0",",0","0",",0","30",",0","1",",0","","","19580716",",,0","19580731","+,,0","19580731","+,,0","","","19580715",",,0","19580701",",,0","8.9",",0,16,","0",",,0,31,+","0",",,0,31,+","20.3",",,0,15,","32.2",",0,01,","5.0","0","5.0",",0","65.2",",,,0","0",",,,0","20.82",",0","26.70",",,,0","14.95",",,,0"
"USC00132977","1958-08","43.2844","-93.6305","390.1","FOREST CITY 2 NNE, IA US","279.6","0","146.8",",0","8",",0","3",",0","0",",0","0",",0","0",",0","0",",0","0",",0","0",",0","28",",0","11",",0","","","19580825",",,0","19580831","+,,0","19580831","+,,0","","","19580815",",,0","19580803",",,0","4.4",",0,25,","0",",,0,31,+","0",",,0,31,+","15.0",",,0,15,","35.0",",0,03,","19.5","0","14.5",",0","30.5",",,,0","0",",,,0","22.60",",0","29.41",",,,0","15.79",",,,0"
"USC00132977","1958-09","43.2844","-93.6305","390.1","FOREST CITY 2 NNE, IA US","311.3","0","31.7",",0","5",",0","3",",0","0",",0","0",",0","0",",0","0",",0","0",",0","0",",0","24",",0","0",",0","","","19580930",",,0","19580930","+,,0","19580930","+,,0","","","19580915",",,0","19580903",",,0","3.3",",0,30,","0",",,0,30,+","0",",,0,30,+","14.7",",,0,15,","31.1",",0,03,","78.0","0","58.5",",0","34.5",",,,0","0",",,,0","17.44",",0","24.15",",,,0","10.73",",,,0"
"USC00132977","1958-10","43.2844","-93.6305","390.1","FOREST CITY 2 NNE, IA US","318.3","0","7.0",",0","2",",0","2",",0","0",",0","0",",0","0",",0","0",",0","7",",0","0",",0","11",",0","0",",0","","","19581001",",,0","19581031","+,,0","19581031","+,,0","","","19581008",",,0","19581015",",,0","-2.8",",0,01,","0",",,0,31,+","0",",,0,31,+","4.6",",,0,08,","31.7",",0,15,","274.6","0","196.6",",0","7.1",",,,0","0",",,,0","12.22",",0","19.35",",,,0","5.09",",,,0"
"USC00132977","1958-11","43.2844","-93.6305","390.1","FOREST CITY 2 NNE, IA US","318.3","0","0.0",",0","4",",0","2",",0","0",",0","1",",0","0",",0","3",",0","19",",0","5",",0","0",",0","0",",0","","","19581130",",,0","19581124",",,0","19581124",",,0","","","19581118",",,0","19581103",",,0","-20.0",",0,30,","25",",,0,24,","13",",,0,24,","13.5",",,0,18,","20.0",",0,03,","738.1","0","463.5",",0","18.9",",,,0","13",",,,0","2.88",",0","9.26",",,,0","-3.49",",,,0"
"USC00132977","1958-12","43.2844","-93.6305","390.1","FOREST CITY 2 NNE, IA US","318.3","0","0.0",",0","3",",0","1",",0","0",",0","","","2",",0","11",",0","31",",0","18",",0","0",",0","0",",0","","","19581209",",,0","","","19581208",",,0","","","19581208",",,0","19581227",",,0","-28.9",",0,09,","","","76",",,0,08,","4.6",",,0,08,","8.9",",0,27,","1574.6","0","836.5",",0","7.2",",,,0","140",",,,0","-8.65",",0","-3.21",",,,0","-14.10",",,,0"
"USC00132977","1959-01","43.2844","-93.6305","390.1","FOREST CITY 2 NNE, IA US","0.0","0","0.0",",0","6",",0","3",",0","0",",0","","","6",",0","16",",0","31",",0","26",",0","0",",0","0",",0","","","19590104",",,0","","","19590130","+,,0","","","19590121",",,0","19590113",",,0","-28.3",",0,04,","","","51",",,0,30,+","3.8",",,0,21,","6.7",",0,13,","2496.4","0","921.8",",0","12.7",",,,0","241",",,,0","-11.40",",0","-5.75",",,,0","-17.06",",,,0"
"USC00132977","1959-02","43.2844","-93.6305","390.1","FOREST CITY 2 NNE, IA US","0.0","0","0.0",",0","8",",0","4",",0","0",",0","","","4",",0","8",",0","28",",0","20",",0","0",",0","0",",0","","","19590219",",,0","","","19590223",",,0","","","19590210",",,0","19590227",",,0","-28.9",",0,19,","","","254",",,0,23,","23.6",",,0,10,","4.4",",0,27,","3275.3","0","778.9",",0","56.4",",,,0","588",",,,0","-9.48",",0","-3.65",",,,0","-15.32",",,,0"
"USC00132977","1959-03","43.2844","-93.6305","390.1","FOREST CITY 2 NNE, IA US","0.0","0","0.0",",0","9",",0","8",",0","0",",0","","","6",",0","0",",0","25",",0","6",",0","0",",0","0",",0","","","19590317",",,0","","","19590306",",,0","","","19590327",",,0","19590331",",,0","-15.0",",0,17,","","","203",",,0,06,","21.6",",,0,27,","14.4",",0,31,","3855.6","0","580.3",",0","73.9",",,,0","431",",,,0","-0.39",",0","4.41",",,,0","-5.18",",,,0"
"USC00132977","1959-04","43.2844","-93.6305","390.1","FOREST CITY 2 NNE, IA US","0.0","0","0.0",",0","4",",0","3",",0","1",",0","0",",0","0",",0","0",",0","9",",0","0",",0","5",",0","0",",0","","","19590413","+,,0","19590430","+,,0","19590430","+,,0","","","19590417",",,0","19590430",",,0","-3.3",",0,13,+","0",",,0,30,+","0",",,0,30,+","25.4",",,0,17,","26.7",",0,30,","4135.4","0","279.8",",0","41.9",",,,0","0",",,,0","9.01",",0","15.68",",,,0","2.33",",,,0"
"USC00132977","1959-05","43.2844","-93.6305","390.1","FOREST CITY 2 NNE, IA US","35.4","0","35.4","1,0","11",",0","9",",0","4",",0","0",",0","0",",0","0",",0","0",",0","0","1,0","18","1,0","0","1,0","","","19590514",",,0","19590531","+,,0","19590531","+,,0","","","19590521",",,0","19590504",",1,0","2.2",",0,14,","0",",,0,31,+","0",",,0,31,+","155.4",",,0,21,","31.1","1,0,04,","4225.4","0","90.0","1,0","307.4",",,,0","0",",,,0","16.42","1,0","22.36","1,,,0","10.48",",,,0"
"USC00132977","1959-06","43.2844","-93.6305","390.1","FOREST CITY 2 NNE, IA US","141.9","0","106.5",",0","9",",0","7",",0","1",",0","0",",0","0",",0","0",",0","0",",0","0",",0","28",",0","5",",0","","","19590613","+,,0","19590630","+,,0","19590630","+,,0","","","19590630",",,0","19590624",",,0","8.9",",0,13,+","0",",,0,30,+","0",",,0,30,+","31.2",",,0,30,","34.4",",0,24,","4239.4","0","14.0",",0","77.5",",,,0","0",",,,0","21.42",",0","27.93",",,,0","14.90",",,,0"
"USC00132977","1959-07","43.2844","-93.6305","390.1","FOREST CITY 2 NNE, IA US","260.7","0","118.8",",0","7",",0","5",",0","1",",0","0","1,0","0",",0","0",",0","0",",0","0",",0","30",",0","3",",0","","","19590713","+,,0","19590731","+,1,0","19590713",",,0","","","19590709",",,0","19590729",",,0","10.0",",0,13,+","0","1,,0,31,+","0",",T,0,13,","29.5",",,0,09,","33.9",",0,29,","6.0","0","6.0",",0","63.3",",,,0","0",",T,,0","21.97",",0","28.67",",,,0","15.27",",,,0"
"USC00132977","1959-08","43.2844","-93.6305","390.1","FOREST CITY 2 NNE, IA US","441.4","0","180.7",",0","9",",0","8",",0","2",",0","0",",0","0",",0","0",",0","0",",0","0",",0","31",",0","13",",0","","","19590809",",,0","19590831","+,,0","19590831","+,,0","","","19590823",",,0","19590821",",,0","10.0",",0,09,","0",",,0,31,+","0",",,0,31,+","144.5",",,0,23,","36.1",",0,21,","7.1","0","1.1",",0","277.3",",,,0","0",",,,0","24.12",",0","30.06",",,,0","18.19",",,,0"
"USC00132977","1959-09","43.2844","-93.6305","390.1","FOREST CITY 2 NNE, IA US","488.6","0","47.2","1,0","9",",0","8",",0","1",",0","0",",0","0",",0","0","1,0","0","1,0","0","1,0","18","1,0","2","1,0","","","19590929","+,1,0","19590930","+,,0","19590930","+,,0","","","19590926",",,0","19590908","+,1,0","2.8","1,0,29,+","0",",,0,30,+","0",",,0,30,+","27.4",",,0,26,","32.2","1,0,08,+","103.2","0","96.1","1,0","105.3",",,,0","0",",,,0","16.65","1,0","22.44","1,,,0","10.85","1,,,0"
"USC00132977","1959-10","43.2844","-93.6305","390.1","FOREST CITY 2 NNE, IA US","488.6","0","0.0",",0","8",",0","8",",0","0",",0","0",",0","0",",0","0",",0","11",",0","0",",0","2",",0","0",",0","","","19591012",",,0","19591031","+,,0","19591031","+,,0","","","19591024","+,,0","19591019","+,,0","-4.4",",0,12,","0",",,0,31,+","0",",,0,31,+","6.9",",,0,24,+","21.7",",0,19,+","440.1","0","336.9",",0","47.9",",,,0","0",",,,0","7.47",",0","12.56",",,,0","2.37",",,,0"
"USC00132977","1959-11","43.2844","-93.6305","390.1","FOREST CITY 2 NNE, IA US","488.6","0","0.0",",0","6",",0","6",",0","0",",0","","","4",",0","5",",0","27",",0","12",",0","0",",0","0",",0","","","19591117",",,0","","","19591126","+,,0","","","19591113",",,0","19591101",",,0","-22.8",",0,17,","","","127",",,0,26,+","12.7",",,0,13,","16.1",",0,01,","1109.7","0","669.6",",0","38.8",",,,0","356",",,,0","-3.99",",0","1.11",",,,0","-9.09",",,,0"
"USC00132977","1959-12","43.2844","-93.6305","390.1","FOREST CITY 2 NNE, IA US","488.6","0","0.0",",0","7",",0","4",",0","0",",0","","","1",",0","0",",0","29",",0","9",",0","0",",0","0",",0","","","19591207",",,0","","","19591223",",,0","","","19591228",",,0","19591216",",,0","-11.7",",0,07,","","","76",",,0,23,","15.2",",,0,28,","11.7",",0,16,","1691.8","0","582.1",",0","30.4",",,,0","76",",,,0","-0.44",",0","3.35",",,,0","-4.24",",,,0"
"USC00132977","1960-01","43.2844","-93.6305","390.1","FOREST CITY 2 NNE, IA US","0.0","0","0.0",",0","4",",0","1",",0","0",",0","","","1",",0","6",",0","31",",0","22",",0","0",",0","0",",0","","","19600105",",,0","","","19600102",",,0","","","19600102",",,0","19600131",",,0","-27.8",",0,05,","","","127",",,0,02,","6.6",",,0,02,","6.7",",0,31,","2478.2","0","786.4",",0","8.4",",,,0","151",",,,0","-7.03",",0","-2.65",",,,0","-11.41",",,,0"
"USC00132977","1960-02","43.2844","-93.6305","390.1","FOREST CITY 2 NNE, IA US","0.0","0","0.0",",0","5",",0","2",",0","0",",0","","","2",",0","4",",0","29",",0","23",",0","0",",0","0",",0","","","19600229",",,0","","","19600205",",,0","","","19600221",",,0","19600216",",,0","-22.2",",0,29,","","","127",",,0,05,","8.1",",,0,21,","6.7",",0,16,","3210.2","0","732.0",",0","18.6",",,,0","280",",,,0","-6.91",",0","-2.16",",,,0","-11.66",",,,0"
"USC00132977","1960-03","43.2844","-93.6305","390.1","FOREST CITY 2 NNE, IA US","0.0","0","0.0",",0","11",",0","6",",0","0",",0","","","4","3,0","7",",0","28",",0","20",",0","0",",0","0",",0","","","19600307","+,,0","","","19600311",",3,0","","","19600310",",,0","19600327",",,0","-26.1",",0,07,+","","","64","3,,0,11,","6.4",",,0,10,","11.1",",0,27,","3993.7","0","783.5",",0","26.4",",,,0","198","3,,,0","-6.94",",0","-1.38",",,,0","-12.50",",,,0"
"USC00132977","1960-04","43.2844","-93.6305","390.1","FOREST CITY 2 NNE, IA US","7.7","0","7.7",",0","9",",0","6",",0","0",",0","0",",0","0",",0","0",",0","11",",0","0",",0","7",",0","0",",0","","","19600409",",,0","19600430","+,,0","19600405",",,0","","","19600429","+,,0","19600422",",,0","-8.3",",0,09,","0",",,0,30,+","0",",T,0,05,","10.4",",,0,29,+","31.1",",0,22,","4287.3","0","293.6",",0","50.7",",,,0","0",",T,,0","8.80",",0","14.92",",,,0","2.68",",,,0"
"USC00132977","1960-05","43.2844","-93.6305","390.1","FOREST CITY 2 NNE, IA US","14.7","0","7.0",",0","13",",0","9",",0","0",",0","0",",0","0",",0","0",",0","4",",0","0",",0","16",",0","0",",0","","","19600508",",,0","19600531","+,,0","19600531","+,,0","","","19600519",",,0","19600514",",,0","-1.1",",0,08,","0",",,0,31,+","0",",,0,31,+","19.3",",,0,19,","29.4",",0,14,","4402.7","0","115.4",",0","83.3",",,,0","0",",,,0","14.83",",0","21.28",",,,0","8.39",",,,0"
"USC00132977","1960-06","43.2844","-93.6305","390.1","FOREST CITY 2 NNE, IA US","60.7","0","46.0",",0","10",",0","7",",0","1",",0","0",",0","0",",0","0",",0","0",",0","0",",0","27",",0","0",",0","","","19600617",",,0","19600630","+,,0","19600630","+,,0","","","19600616",",,0","19600627",",,0","5.0",",0,17,","0",",,0,30,+","0",",,0,30,+","36.8",",,0,16,","30.6",",0,27,","4427.8","0","25.1",",0","77.5",",,,0","0",",,,0","19.03",",0","25.48",",,,0","12.58",",,,0"
"USC00132977","1960-07","43.2844","-93.6305","390.1","FOREST CITY 2 NNE, IA US","195.6","0","134.9",",0","6",",0","2",",0","0",",0","0",",0","0",",0","0",",0","0",",0","0",",0","31",",0","11",",0","","","19600731","+,,0","19600731","+,,0","19600731","+,,0","","","19600726",",,0","19600722",",,0","9.4",",0,31,+","0",",,0,31,+","0",",,0,31,+","8.1",",,0,26,","37.2",",0,22,","1.1","0","1.1",",0","15.8",",,,0","0",",,,0","22.65",",0","29.81",",,,0","15.49",",,,0"
"USC00132977","1960-08","43.2844","-93.6305","390.1","FOREST CITY 2 NNE, IA US","326.2","0","130.6",",0","9",",0","6",",0","1",",0","0",",0","0",",0","0",",0","0",",0","0",",0","31",",0","5",",0","","","19600815",",,0","19600831","+,,0","19600831","+,,0","","","19600829",",,0","19600802",",,0","11.1",",0,15,","0",",,0,31,+","0",",,0,31,+","37.8",",,0,29,","35.0",",0,02,","2.8","0","1.7",",0","86.6",",,,0","0",",,,0","22.49",",0","28.93",",,,0","16.06",",,,0"
"USC00132977","1960-09","43.2844","-93.6305","390.1","FOREST CITY 2 NNE, IA US","390.3","0","64.1",",0","8",",0","7",",0","1",",0","0",",0","0",",0","0",",0","0",",0","0",",0","17",",0","7",",0","","","19600930",",,0","19600930","+,,0","19600930","+,,0","","","19600922",",,0","19600904",",,0","3.3",",0,30,","0",",,0,30,+","0",",,0,30,+","30.2",",,0,22,","35.0",",0,04,","93.6","0","90.8",",0","85.3",",,,0","0",",,,0","17.44",",0","23.20",",,,0","11.69",",,,0"
"USC00132977","1960-10","43.2844","-93.6305","390.1","FOREST CITY 2 NNE, IA US","390.9","0","0.6",",0","0","2,0","0","2,0","0","2,0","0",",0","0",",0","0",",0","6",",0","0",",0","10",",0","0",",0","","","19601020",",,0","19601031","+,,0","19601031","+,,0","","","19601031","+,2,0","19601011",",,0","-7.2",",0,20,","0",",,0,31,+","0",",,0,31,+","0.0","2,,0,31,+","27.8",",0,11,","328.3","0","234.7",",0","16.0",",a,,0","0",",,,0","10.78",",0","17.69",",,,0","3.87",",,,0"
"USC00132977","1960-11","43.2844","-93.6305","390.1","FOREST CITY 2 NNE, IA US","","","","","2",",0","2",",0","0",",0","0",",0","0",",0","","","","","2",",0","0",",0","0",",0","","","","","19601130","+,,0","19601128",",,0","","","19601128",",,0","19601125",",,0","","","0",",,0,30,+","0",",T,0,28,","11.2",",,0,28,","20.6",",0,25,","","","","","15.3",",,,0","0",",T,,0","","","8.14",",,,0","",""
"USC00132977","1960-12","43.2844","-93.6305","390.1","FOREST CITY 2 NNE, IA US","","","0.0","1,0","3","1,0","2","1,0","0","1,0","","","2",",0","6","1,0","29","1,0","22",",0","0",",0","0",",0","","","19601222",",1,0","","","19601220",",,0","","","19601220",",1,0","19601204",",,0","-27.2","1,0,22,","","","152",",,0,20,","7.1","1,,0,20,","11.1",",0,04,","","","765.0",",0","11.4","1,,,0","203",",,,0","-7.19","1,0","-1.68",",,,0","-12.69","1,,,0"
"USC00132977","1961-01","43.2844","-93.6305","390.1","FOREST CITY 2 NNE, IA US","0.0","0","0.0",",0","3",",0","1",",0","0",",0","","","2",",0","12",",0","31",",0","20",",0","0",",0","0",",0","","","19610124",",,0","","","19610101",",,0","","","19610101",",,0","19610112","+,,0","-28.9",",0,24,","","","76",",,0,01,","6.1",",,0,01,","5.0",",0,12,+","","","851.5",",0","9.1",",,,0","114",",,,0","-9.14",",0","-3.63",",,,0","-14.65",",,,0"
"USC00132977","1961-02","43.2844","-93.6305","390.1","FOREST CITY 2 NNE, IA US","0.0","0","0.0",",0","7",",0","6",",0","1",",0","","","5",",0","2",",0","28",",0","11",",0","0",",0","0",",0","","","19610219",",,0","","","19610218",",,0","","","19610218",",,0","19610222","+,,0","-20.6",",0,19,","","","178",",,0,18,","26.7",",,0,18,","7.2",",0,22,+","","","626.6",",0","72.7",",,,0","470",",,,0","-4.04",",0","0.80",",,,0","-8.89",",,,0"
"USC00132977","1961-03","43.2844","-93.6305","390.1","FOREST CITY 2 NNE, IA US","0.0","0","0.0",",0","10","2,0","9","2,0","1","2,0","","","7","2,0","0",",0","28",",0","2",",0","0",",0","0",",0","","","19610316",",,0","","","19610308",",2,0","","","19610308",",2,0","19610325",",,0","-10.0",",0,16,","","","305","2,,0,08,","34.3","2,,0,08,","14.4",",0,25,","","","556.6",",0","105.7","2,,,0","610","2,,,0","0.38",",0","4.13",",,,0","-3.37",",,,0"
"USC00132977","1961-04","43.2844","-93.6305","390.1","FOREST CITY 2 NNE, IA US","0.0","0","0.0",",0","9",",0","5",",0","0",",0","1",",0","1",",0","0",",0","19",",0","1",",0","0",",0","0",",0","","","19610402",",,0","19610417",",,0","19610417",",,0","","","19610412",",,0","19610422",",,0","-8.3",",0,02,","51",",,0,17,","51",",,0,17,","14.0",",,0,12,","20.6",",0,22,","","","409.1",",0","49.7",",,,0","51",",,,0","4.70",",0","9.89",",,,0","-0.50",",,,0"
"USC00132977","1961-05","43.2844","-93.6305","390.1","FOREST CITY 2 NNE, IA US","13.7","0","13.7",",0","10",",0","8",",0","0",",0","0",",0","0",",0","0",",0","3",",0","0",",0","15",",0","1",",0","","","19610501",",,0","19610531","+,,0","19610531","+,,0","","","19610518",",,0","19610531",",,0","-3.3",",0,01,","0",",,0,31,+","0",",,0,31,+","22.9",",,0,18,","32.8",",0,31,","","","162.3",",0","81.1",",,,0","0",",,,0","13.54",",0","20.31",",,,0","6.77",",,,0"
"USC00132977","1961-06","43.2844","-93.6305","390.1","FOREST CITY 2 NNE, IA US","96.2","0","82.5",",0","8",",0","7",",0","1",",0","0",",0","0",",0","0",",0","0",",0","0",",0","30",",0","5",",0","","","19610603",",,0","19610630","+,,0","19610630","+,,0","","","19610613",",,0","19610610",",,0","7.2",",0,03,","0",",,0,30,+","0",",,0,30,+","43.7",",,0,13,","34.4",",0,10,","","","12.3",",0","86.5",",,,0","0",",,,0","20.67",",0","27.49",",,,0","13.85",",,,0"
"USC00132977","1961-07","43.2844","-93.6305","390.1","FOREST CITY 2 NNE, IA US","195.2","0","99.0",",0","14",",0","10",",0","2",",0","0",",0","0",",0","0",",0","0",",0","0",",0","31",",0","0",",0","","","19610703",",,0","19610731","+,,0","19610731","+,,0","","","19610705",",,0","19610730","+,,0","10.6",",0,03,","0",",,0,31,+","0",",,0,31,+","54.9",",,0,05,","31.1",",0,30,+","0.0","0","0.0",",0","161.3",",,,0","0",",,,0","21.53",",0","27.60",",,,0","15.45",",,,0"
"USC00132977","1961-08","43.2844","-93.6305","390.1","FOREST CITY 2 NNE, IA US","315.8","0","120.6",",0","7",",0","4",",0","1",",0","0",",0","0",",0","0",",0","0",",0","0",",0","31",",0","3",",0","","","19610820",",,0","19610831","+,,0","19610831","+,,0","","","19610804",",,0","19610826",",,0","10.6",",0,20,","0",",,0,31,+","0",",,0,31,+","40.6",",,0,04,","33.3",",0,26,","1.9","0","1.9",",0","74.5",",,,0","0",",,,0","22.16",",0","28.51",",,,0","15.81",",,,0"
"USC00132977","1961-09","43.2844","-93.6305","390.1","FOREST CITY 2 NNE, IA US","353.3","0","37.5",",0","11",",0","10",",0","2",",0","0","1,0","1",",0","0",",0","2",",0","0",",0","18",",0","1",",0","","","19610928",",,0","19610930","+,1,0","19610930",",,0","","","19610930",",,0","19610902",",,0","-2.2",",0,28,","0","1,,0,30,+","25",",,0,30,","33.5",",,0,30,","32.2",",0,02,","119.1","0","117.2",",0","135.4",",,,0","25",",,,0","15.68",",0","21.66",",,,0","9.69",",,,0"
"USC00132977","1961-10","43.2844","-93.6305","390.1","FOREST CITY 2 NNE, IA US","355.5","0","2.2",",0","7",",0","6",",0","2",",0","0",",0","0",",0","0",",0","5",",0","0",",0","11",",0","0",",0","","","19611026","+,,0","19611031","+,,0","19611031","+,,0","","","19611011",",,0","19611005",",,0","-3.9",",0,26,+","0",",,0,31,+","0",",,0,31,+","53.8",",,0,11,","28.9",",0,05,","321.6","0","202.5",",0","118.4",",,,0","0",",,,0","11.87",",0","18.79",",,,0","4.96",",,,0"
"USC00132977","1961-11","43.2844","-93.6305","390.1","FOREST CITY 2 NNE, IA US","355.5","0","0.0",",0","7",",0","5",",0","0",",0","2","1,0","1",",0","0",",0","25",",0","2",",0","0",",0","0",",0","","","19611118",",,0","19611116",",1,0","19611116",",,0","","","19611103",",,0","19611102",",,0","-12.2",",0,18,","51","1,,0,16,","51",",,0,16,","13.0",",,0,03,","16.7",",0,02,","829.1","0","507.5",",0","36.8",",,,0","64",",,,0","1.42",",0","6.13",",,,0","-3.30",",,,0"
"USC00132977","1961-12","43.2844","-93.6305","390.1","FOREST CITY 2 NNE, IA US","355.5","0","0.0",",0","7",",0","5",",0","0",",0","","","5",",0","9",",0","28",",0","24",",0","0",",0","0",",0","","","19611213",",,0","","","19611212",",,0","","","19611212",",,0","19611204","+,,0","-27.2",",0,13,","","","178",",,0,12,","12.7",",,0,12,","13.3",",0,04,+","1648.5","0","819.4",",0","42.9",",,,0","509",",,,0","-8.10",",0","-3.50",",,,0","-12.70",",,,0"
"USC00132977","1962-01","43.2844","-93.6305","390.1","FOREST CITY 2 NNE, IA US","0.0","0","0.0","2,0","3",",0","1",",0","0",",0","","","2",",0","19","1,0","30","1,0","20","2,0","0","2,0","0","2,0","","","19620120",",1,0","","","19620112",",,0","","","19620112",",,0","19620103",",2,0","-30.0","1,0,20,","","","38",",,0,12,","3.0",",,0,12,","6.7","2,0,03,","2520.3","0","871.8","2,0","6.3",",,,0","76",",,,0","-11.88","2,0","-6.19","2,,,0","-17.58","1,,,0"
"USC00132977","1962-02","43.2844","-93.6305","390.1","FOREST CITY 2 NNE, IA US","0.0","0","0.0",",0","13",",0","9",",0","0",",0","","","10",",0","9",",0","28",",0","19",",0","0",",0","0",",0","","","19620228",",,0","","","19620218",",,0","","","19620218",",,0","19620204",",,0","-32.2",",0,28,","","","178",",,0,18,","15.2",",,0,18,","7.8",",0,04,","3275.1","0","754.8",",0","63.1",",,,0","776",",,,0","-8.62",",0","-4.57",",,,0","-12.68",",,,0"
"USC00132977","1962-03","43.2844","-93.6305","390.1","FOREST CITY 2 NNE, IA US","0.0","0","0.0",",0","8",",0","7",",0","0",",0","","","7",",0","3",",0","30",",0","9",",0","0",",0","0",",0","","","19620301",",,0","","","19620312",",,0","","","19620312",",,0","19620328",",,0","-32.2",",0,01,","","","152",",,0,12,","15.2",",,0,12,","12.8",",0,28,","3958.2","0","683.1",",0","51.5",",,,0","508",",,,0","-3.70",",0","0.72",",,,0","-8.12",",,,0"
"USC00132977","1962-04","43.2844","-93.6305","390.1","FOREST CITY 2 NNE, IA US","5.0","0","5.0",",0","14",",0","9",",0","0",",0","","","2",",0","0",",0","17",",0","0",",0","7",",0","0",",0","","","19620413",",,0","","","19620412",",,0","","","19620412",",,0","19620425","+,,0","-9.4",",0,13,","","","76",",,0,12,","16.5",",,0,12,","29.4",",0,25,+","4306.9","0","348.7",",0","58.9",",,,0","166",",,,0","6.87",",0","13.17",",,,0","0.58",",,,0"
"USC00132977","1962-05","43.2844","-93.6305","390.1","FOREST CITY 2 NNE, IA US","59.5","0","54.5",",0","9",",0","9",",0","1",",0","0",",0","0",",0","0",",0","0",",0","0",",0","22",",0","2",",0","","","19620509","+,,0","19620531","+,,0","19620531","+,,0","","","19620512",",,0","19620516","+,,0","5.0",",0,09,+","0",",,0,31,+","0",",,0,31,+","30.0",",,0,12,","32.2",",0,16,+","4378.3","0","71.4",",0","111.4",",,,0","0",",,,0","17.79",",0","23.71",",,,0","11.86",",,,0"
"USC00132977","1962-06","43.2844","-93.6305","390.1","FOREST CITY 2 NNE, IA US","132.1","0","72.6",",0","5",",0","4",",0","0",",0","0",",0","0",",0","0",",0","0",",0","0",",0","27",",0","5",",0","","","19620601",",,0","19620630","+,,0","19620630","+,,0","","","19620629",",,0","19620617",",,0","7.2",",0,01,","0",",,0,30,+","0",",,0,30,+","23.9",",,0,29,","32.8",",0,17,","4404.6","0","26.3",",0","40.9",",,,0","0",",,,0","19.88",",0","26.35",",,,0","13.41",",,,0"
"USC00132977","1962-07","43.2844","-93.6305","390.1","FOREST CITY 2 NNE, IA US","225.1","0","93.0",",0","12",",0","7",",0","3",",0","0",",0","0",",0","0",",0","0",",0","0",",0","27",",0","3",",0","","","19620726",",,0","19620731","+,,0","19620731","+,,0","","","19620720",",,0","19620710","+,,0","8.9",",0,26,","0",",,0,31,+","0",",,0,31,+","57.2",",,0,20,","32.2",",0,10,+","11.7","0","11.7",",0","198.4",",,,0","0",",,,0","20.95",",0","26.61",",,,0","15.30",",,,0"
"USC00132977","1962-08","43.2844","-93.6305","390.1","FOREST CITY 2 NNE, IA US","318.1","0","93.0",",0","6",",0","5",",0","2",",0","0",",0","0",",0","0",",0","0",",0","0",",0","30",",0","1",",0","","","19620825",",,0","19620831","+,,0","19620831","+,,0","","","19620831",",,0","19620808",",,0","9.4",",0,25,","0",",,0,31,+","0",",,0,31,+","190.8",",,0,31,","32.8",",0,08,","13.3","0","1.6",",0","251.8",",,,0","0",",,,0","21.28",",0","27.63",",,,0","14.93",",,,0"
"USC00132977","1962-09","43.2844","-93.6305","390.1","FOREST CITY 2 NNE, IA US","334.3","0","16.2",",0","7",",0","6",",0","0",",0","0",",0","0",",0","0",",0","0",",0","0",",0","14",",0","0",",0","","","19620920",",,0","19620930","+,,0","19620930","+,,0","","","19620904",",,0","19620912",",,0","1.7",",0,20,","0",",,0,30,+","0",",,0,30,+","12.7",",,0,04,","31.7",",0,12,","124.1","0","110.8",",0","46.2",",,,0","0",",,,0","15.18",",0","21.26",",,,0","9.10",",,,0"
"USC00132977","1962-10","43.2844","-93.6305","390.1","FOREST CITY 2 NNE, IA US","341.3","0","7.0","1,0","6",",0","5",",0","0",",0","0",",0","0",",0","0",",0","8",",0","0","1,0","9","1,0","0","1,0","","","19621026",",,0","19621031","+,,0","19621025",",,0","","","19621002",",,0","19621011",",1,0","-5.6",",0,26,","0",",,0,31,+","0",",T,0,25,","11.9",",,0,02,","28.3","1,0,11,","330.9","0","206.8","1,0","28.6",",,,0","0",",T,,0","11.65","1,0","17.57","1,,,0","5.73",",,,0"
"USC00132977","1962-11","43.2844","-93.6305","390.1","FOREST CITY 2 NNE, IA US","341.3","0","0.0",",0","3",",0","0",",0","0",",0","0",",0","0",",0","0",",0","21",",0","0",",0","0",",0","0",",0","","","19621105",",,0","19621130","+,,0","19621130","+,,0","","","19621104",",,0","19621113",",,0","-7.8",",0,05,","0",",,0,30,+","0",",,0,30,+","1.8",",,0,04,","16.1",",0,13,","773.7","0","442.8",",0","4.1",",,,0","0",",,,0","3.57",",0","8.43",",,,0","-1.29",",,,0"
"USC00132977","1962-12","43.2844","-93.6305","390.1","FOREST CITY 2 NNE, IA US","341.3","0","0.0","1,0","2",",0","1",",0","0",",0","","","1",",0","6",",0","27",",0","19","1,0","0","1,0","0","1,0","","","19621226",",,0","","","19621225",",,0","","","19621225",",,0","19621201",",1,0","-28.9",",0,26,","","","127",",,0,25,","7.1",",,0,25,","16.7","1,0,01,","1479.2","0","705.5","1,0","8.4",",,,0","135",",,,0","-5.38","1,0","0.02","1,,,0","-10.77",",,,0"
"USC00132977","1963-01","43.2844","-93.6305","390.1","FOREST CITY 2 NNE, IA US","0.0","0","0.0",",0","4",",0","2",",0","0",",0","","","2",",0","20",",0","31",",0","25",",0","0",",0","0",",0","","","19630123",",,0","","","19630112",",,0","","","19630112",",,0","19630108",",,0","-32.8",",0,23,","","","178",",,0,12,","16.5",",,0,12,","10.6",",0,08,","2472.8","0","993.6",",0","21.1",",,,0","250",",,,0","-13.72",",0","-8.55",",,,0","-18.88",",,,0"
"USC00132977","1963-02","43.2844","-93.6305","390.1","FOREST CITY 2 NNE, IA US","0.0","0","0.0",",0","10",",0","4",",0","0",",0","","","7","1,0","12",",0","28",",0","19",",0","0",",0","0",",0","","","19630221",",,0","","","19630219",",1,0","","","19630219",",,0","19630205",",,0","-26.7",",0,21,","","","76","1,,0,19,","5.6",",,0,19,","8.9",",0,05,","3220.4","0","747.6",",0","24.3",",,,0","330","1,,,0","-8.37",",0","-2.48",",,,0","-14.25",",,,0"
"USC00132977","1963-03","43.2844","-93.6305","390.1","FOREST CITY 2 NNE, IA US","0.0","0","0.0",",0","9",",0","7",",0","0",",0","10","4,0","2",",0","0",",0","23",",0","3",",0","5",",0","0",",0","","","19630310",",,0","19630306","+,4,0","19630306","+,,0","","","19630326",",,0","19630324",",,0","-14.4",",0,10,","152","4,,0,06,+","76",",,0,06,+","12.7",",,0,26,","25.6",",0,24,","3704.1","0","483.7",",0","50.1",",,,0","165",",,,0","2.73",",0","8.18",",,,0","-2.72",",,,0"
"USC00132977","1963-04","43.2844","-93.6305","390.1","FOREST CITY 2 NNE, IA US","0.3","0","0.3",",0","11",",0","5",",0","1",",0","0",",0","0",",0","0",",0","14",",0","0",",0","7",",0","0",",0","","","19630404",",,0","19630430","+,,0","19630422",",,0","","","19630429",",,0","19630416",",,0","-3.9",",0,04,","0",",,0,30,+","0",",T,0,22,","34.0",",,0,29,","26.1",",0,16,","3970.1","0","266.0",",0","67.2",",,,0","0",",T,,0","9.48",",0","16.42",",,,0","2.54",",,,0"
"USC00132977","1963-05","43.2844","-93.6305","390.1","FOREST CITY 2 NNE, IA US","18.1","0","17.8",",0","12",",0","8",",0","1",",0","0",",0","0",",0","0",",0","3",",0","0",",0","16",",0","0",",0","","","19630523",",,0","19630531","+,,0","19630531","+,,0","","","19630510",",,0","19630531",",,0","-2.2",",0,23,","0",",,0,31,+","0",",,0,31,+","48.5",",,0,10,","30.0",",0,31,","4106.7","0","136.6",",0","107.5",",,,0","0",",,,0","14.50",",0","20.91",",,,0","8.09",",,,0"
"USC00132977","1963-06","43.2844","-93.6305","390.1","FOREST CITY 2 NNE, IA US","138.7","0","120.6",",0","11",",0","5",",0","1",",0","0",",0","0",",0","0",",0","0",",0","0",",0","29",",0","6",",0","","","19630621",",,0","19630630","+,,0","19630630","+,,0","1","","19630609",",,0","19630628",",,0","6.7",",0,21,","0",",,0,30,+","0",",,0,30,+","62.0",",,0,09,","36.1",",0,28,","4115.0","0","8.3",",0","110.4",",,,0","0",",,,0","22.07",",0","29.05",",,,0","15.10",",,,0"
"USC00132977","1963-07","43.2844","-93.6305","390.1","FOREST CITY 2 NNE, IA US","256.2","0","117.5",",0","11",",0","10",",0","5",",0","0",",0","0",",0","0",",0","0",",0","0",",0","29",",0","2",",0","","","19630729","+,,0","19630731","+,,0","19630731","+,,0","","","19630719",",,0","19630701",",,0","12.2",",0,29,+","0",",,0,31,+","0",",,0,31,+","99.6",",,0,19,","35.0",",0,01,","1.9","0","1.9",",0","312.4",",,,0","0",",,,0","22.06",",0","27.76",",,,0","16.36",",,,0"
"USC00132977","1963-08","43.2844","-93.6305","390.1","FOREST CITY 2 NNE, IA US","341.6","0","85.4","1,0","9",",0","6",",0","1",",0","0",",0","0",",0","0","1,0","0","1,0","0",",0","29",",0","1",",0","","","19630819",",1,0","19630831","+,,0","19630831","+,,0","","","19630807",",,0","19630808",",,0","7.2","1,0,19,","0",",,0,31,+","0",",,0,31,+","34.8",",,0,07,","32.2",",0,08,","18.0","0","16.1",",0","86.7",",,,0","0",",,,0","20.60","1,0","26.84",",,,0","14.36","1,,,0"
"USC00132977","1963-09","43.2844","-93.6305","390.1","FOREST CITY 2 NNE, IA US","368.3","0","26.7","1,0","6",",0","3",",0","0",",0","0",",0","0",",0","0","1,0","0","1,0","0",",0","25",",0","0",",0","","","19630913",",1,0","19630930","+,,0","19630930","+,,0","","","19630923",",,0","19630918",",,0","2.2","1,0,13,","0",",,0,30,+","0",",,0,30,+","11.4",",,0,23,","30.6",",0,18,","70.5","0","52.5",",0","28.0",",,,0","0",",,,0","17.38","1,0","24.05",",,,0","10.71","1,,,0"
"USC00132977","1963-10","43.2844","-93.6305","390.1","FOREST CITY 2 NNE, IA US","381.6","0","13.3",",0","5",",0","2",",0","0",",0","0",",0","0",",0","0",",0","2",",0","0",",0","23",",0","2",",0","","","19631029",",,0","19631031","+,,0","19631031","+,,0","","","19631017",",,0","19631005",",,0","-5.0",",0,29,","0",",,0,31,+","0",",,0,31,+","6.6",",,0,17,","36.1",",0,05,","158.5","0","88.0",",0","16.3",",,,0","0",",,,0","15.92",",0","23.37",",,,0","8.47",",,,0"
"USC00132977","1963-11","43.2844","-93.6305","390.1","FOREST CITY 2 NNE, IA US","381.6","0","0.0",",0","3",",0","2",",0","1",",0","0",",0","0",",0","0",",0","20",",0","1",",0","0",",0","0",",0","","","19631123",",,0","19631130","+,,0","19631130",",,0","","","19631122",",,0","19631108",",,0","-10.0",",0,23,","0",",,0,30,+","0",",T,0,30,","29.0",",,0,22,","17.2",",0,08,","577.6","0","419.1",",0","34.6",",,,0","0",",T,,0","4.36",",0","10.16",",,,0","-1.44",",,,0"
"USC00132977","1963-12","43.2844","-93.6305","390.1","FOREST CITY 2 NNE, IA US","381.6","0","0.0",",0","3",",0","2",",0","0",",0","24",",0","3",",0","13",",0","31",",0","21",",0","0",",0","0",",0","","","19631221",",,0","19631224","+,,0","19631208",",,0","","","19631208",",,0","19631206",",,0","-29.4",",0,21,","102",",,0,24,+","51",",,0,08,","4.3",",,0,08,","12.8",",0,06,","1488.5","0","910.9",",0","8.3",",,,0","112",",,,0","-11.05",",0","-5.92",",,,0","-16.18",",,,0"
"USC00132977","1964-01","43.2844","-93.6305","390.1","FOREST CITY 2 NNE, IA US","0.0","0","0.0",",0","5",",0","2",",0","0",",0","24",",0","3",",0","5",",0","31",",0","11",",0","0",",0","0",",0","","","19640113",",,0","19640116","+,,0","19640108",",,0","","","19640108",",,0","19640130",",,0","-26.7",",0,13,","152",",,0,16,+","97",",,0,08,","4.8",",,0,08,","9.4",",0,30,","2201.9","0","713.4",",0","13.6",",,,0","248",",,,0","-4.68",",0","1.07",",,,0","-10.43",",,,0"
"USC00132977","1964-02","43.2844","-93.6305","390.1","FOREST CITY 2 NNE, IA US","0.0","0","0.0",",0","3",",0","0",",0","0",",0","1",",0","1",",0","3",",0","29",",0","7",",0","0",",0","0",",0","","","19640223",",,0","19640210",",,0","19640210",",,0","","","19640218",",,0","19640229","+,,0","-20.0",",0,23,","51",",,0,10,","38",",,0,10,","2.0",",,0,18,","12.8",",0,29,+","2820.3","0","618.4",",0","3.8",",,,0","51",",,,0","-2.99",",0","4.21",",,,0","-10.19",",,,0"
"USC00132977","1964-03","43.2844","-93.6305","390.1","FOREST CITY 2 NNE, IA US","0.0","0","0.0","1,0","11",",0","6",",0","0",",0","17","1,0","6",",0","1","1,0","29","1,0","8","1,0","0","1,0","0","1,0","","","19640330",",1,0","19640327","+,1,0","19640320",",,0","","","19640325",",,0","19640313",",1,0","-17.8","1,0,30,","127","1,,0,27,+","89",",,0,20,","9.7",",,0,25,","14.4","1,0,13,","3454.7","0","634.4","1,0","40.4",",,,0","382",",,,0","-2.81","1,0","3.39","1,,,0","-9.02","1,,,0"
"USC00132977","1964-04","43.2844","-93.6305","390.1","FOREST CITY 2 NNE, IA US","0.0","0","0.0",",0","11",",0","9",",0","3",",0","0",",0","0",",0","0",",0","10",",0","0",",0","5",",0","0",",0","","","19640409","+,,0","19640430","+,,0","19640430","+,,0","","","19640421",",,0","19640416",",,0","-3.9",",0,09,+","0",",,0,30,+","0",",,0,30,+","49.8",",,0,21,","31.1",",0,16,","3743.0","0","288.3",",0","174.1",",,,0","0",",,,0","8.72",",0","14.73",",,,0","2.72",",,,0"
"USC00132977","1964-05","43.2844","-93.6305","390.1","FOREST CITY 2 NNE, IA US","49.3","0","49.3","1,0","10",",0","8",",0","1",",0","0",",0","0",",0","0",",0","0",",0","0","1,0","26","1,0","2","1,0","","","19640513","+,,0","19640531","+,,0","19640531","+,,0","","","19640524",",,0","19640523",",1,0","5.0",",0,13,+","0",",,0,31,+","0",",,0,31,+","33.8",",,0,24,","32.8","1,0,23,","3796.0","0","53.0","1,0","102.5",",,,0","0",",,,0","18.13","1,0","25.28","1,,,0","10.97",",,,0"
"USC00132977","1964-06","43.2844","-93.6305","390.1","FOREST CITY 2 NNE, IA US","146.5","0","97.2",",0","10",",0","4",",0","0",",0","0",",0","0",",0","0",",0","0",",0","0",",0","28",",0","7",",0","","","19640601",",,0","19640630","+,,0","19640630","+,,0","","","19640611",",,0","19640629","+,,0","2.8",",0,01,","0",",,0,30,+","0",",,0,30,+","9.1",",,0,11,","33.3",",0,29,+","3818.7","0","22.7",",0","33.3",",,,0","0",",,,0","20.82",",0","28.22",",,,0","13.42",",,,0"
"USC00132977","1964-07","43.2844","-93.6305","390.1","FOREST CITY 2 NNE, IA US","307.5","0","161.0","2,0","9",",0","6",",0","1",",0","0",",0","0",",0","0","2,0","0","2,0","0",",0","31",",0","16",",0","","","19640713",",2,0","19640731","+,,0","19640731","+,,0","","","19640711",",,0","19640718",",,0","11.7","2,0,13,","0",",,0,31,+","0",",,0,31,+","51.3",",,0,11,","34.4",",0,18,","0.6","0","0.6",",0","102.0",",,,0","0",",,,0","23.97","2,0","30.89",",,,0","17.04","2,,,0"
"USC00132977","1964-08","43.2844","-93.6305","390.1","FOREST CITY 2 NNE, IA US","392.3","0","84.8",",0","10",",0","8",",0","2",",0","0",",0","0",",0","0",",0","0",",0","0",",0","29",",0","5",",0","","","19640814","+,,0","19640831","+,,0","19640831","+,,0","","","19640820",",,0","19640802",",,0","5.0",",0,14,+","0",",,0,31,+","0",",,0,31,+","40.4",",,0,20,","34.4",",0,02,","31.2","0","30.6",",0","137.0",",,,0","0",",,,0","20.08",",0","26.97",",,,0","13.20",",,,0"
"USC00132977","1964-09","43.2844","-93.6305","390.1","FOREST CITY 2 NNE, IA US","427.0","0","34.7","2,0","10",",0","8",",0","1",",0","0",",0","0",",0","0","2,0","0","2,0","0",",0","17",",0","0",",0","","","19640928",",2,0","19640930","+,,0","19640930","+,,0","","","19640908",",,0","19640902",",,0","0.6","2,0,28,","0",",,0,30,+","0",",,0,30,+","146.3",",,0,08,","31.7",",0,02,","132.3","0","101.1",",0","214.3",",,,0","0",",,,0","15.95","2,0","22.03",",,,0","9.88","2,,,0"
"USC00132977","1964-10","43.2844","-93.6305","390.1","FOREST CITY 2 NNE, IA US","427.0","0","0.0","1,0","2",",0","1",",0","0",",0","0",",0","0",",0","0","1,0","11","1,0","0","1,0","9","1,0","0","1,0","","","19641020",",1,0","19641031","+,,0","19641031","+,,0","","","19641002",",,0","19641024",",1,0","-5.6","1,0,20,","0",",,0,31,+","0",",,0,31,+","10.4",",,0,02,","28.3","1,0,24,","394.9","0","262.6","1,0","12.4",",,,0","0",",,,0","9.58","1,0","17.01","1,,,0","2.15","1,,,0"
"USC00132977","1964-11","43.2844","-93.6305","390.1","FOREST CITY 2 NNE, IA US","427.0","0","0.0","1,0","7",",0","4",",0","0",",0","11",",0","1",",0","3","1,0","16","1,0","7","1,0","0","1,0","0","1,0","","","19641130",",1,0","19641121","+,,0","19641120",",,0","","","19641104",",,0","19641114",",1,0","-23.9","1,0,30,","76",",,0,21,+","76",",,0,20,","12.7",",,0,04,","20.6","1,0,14,","862.7","0","467.8","1,0","32.5",",,,0","79",",,,0","2.20","1,0","7.82","1,,,0","-3.41","1,,,0"
"USC00132977","1964-12","43.2844","-93.6305","390.1","FOREST CITY 2 NNE, IA US","427.0","0","0.0","1,0","9",",0","3",",0","0",",0","24",",0","4",",0","7",",0","31",",0","20","1,0","0","1,0","0","1,0","","","19641217",",,0","19641231","+,,0","19641225",",,0","","","19641210",",,0","19641211",",1,0","-26.1",",0,17,","76",",,0,31,+","64",",,0,25,","13.7",",,0,10,","6.1","1,0,11,","1634.7","0","772.0","1,0","28.6",",,,0","204",",,,0","-7.62","1,0","-2.53","1,,,0","-12.72",",,,0"
"USC00132977","1965-01","43.2844","-93.6305","390.1","FOREST CITY 2 NNE, IA US","0.0","0","0.0",",0","5",",0","3",",0","0",",0","27",",0","4",",0","14",",0","30",",0","22",",0","0",",0","0",",0","","","19650129",",,0","19650131",",,0","19650123",",,0","","","19650123",",,0","19650121",",,0","-32.8",",0,29,","305",",,0,31,","229",",,0,23,","19.6",",,0,23,","5.6",",0,21,","2540.6","0","905.9",",0","31.3",",,,0","470",",,,0","-10.89",",0","-4.78",",,,0","-17.00",",,,0"
"USC00132977","1965-02","43.2844","-93.6305","390.1","FOREST CITY 2 NNE, IA US","0.0","0","0.0","1,0","5",",0","5",",0","0",",0","27","1,0","3",",0","12","1,0","26","1,0","18","1,0","0","1,0","0","1,0","","","19650202",",1,0","19650213","+,1,0","19650211",",,0","","","19650211",",,0","19650227",",1,0","-33.9","1,0,02,","381","1,,0,13,+","203",",,0,11,","12.7",",,0,11,","7.8","1,0,27,","3304.9","0","764.3","1,0","37.8",",,,0","379",",,,0","-9.98","1,0","-3.43","1,,,0","-16.52","1,,,0"
"USC00132977","1965-03","43.2844","-93.6305","390.1","FOREST CITY 2 NNE, IA US","0.0","0","0.0",",0","15",",0","6",",0","1",",0","31",",0","5",",0","6",",0","31",",0","19",",0","0",",0","0",",0","","","19650320",",,0","19650318","+,,0","19650317","+,,0","","","19650301",",,0","19650301",",,0","-25.6",",0,20,","508",",,0,18,+","178",",,0,17,+","30.2",",,0,01,","5.0",",0,01,","4103.1","0","798.2",",0","78.9",",,,0","653",",,,0","-7.41",",0","-2.38",",,,0","-12.45",",,,0"
"USC00132977","1965-04","43.2844","-93.6305","390.1","FOREST CITY 2 NNE, IA US","0.0","0","0.0",",0","14",",0","9",",0","0",",0","6",",0","1",",0","0",",0","13",",0","0",",0","4",",0","0",",0","","","19650409",",,0","19650402","+,,0","19650417",",,0","","","19650408",",,0","19650429",",,0","-3.3",",0,09,","254",",,0,02,+","51",",,0,17,","18.8",",,0,08,","26.7",",0,29,","4463.1","0","360.0",",0","90.7",",,,0","51",",,,0","6.33",",0","11.55",",,,0","1.12",",,,0"
"USC00132977","1965-05","43.2844","-93.6305","390.1","FOREST CITY 2 NNE, IA US","23.1","0","23.1",",0","14",",0","12",",0","2",",0","0",",0","0",",0","0",",0","0",",0","0",",0","23",",0","0",",0","","","19650528",",,0","19650531","+,,0","19650531","+,,0","","","19650505",",,0","19650502",",,0","0.6",",0,28,","0",",,0,31,+","0",",,0,31,+","42.2",",,0,05,","30.6",",0,02,","4542.6","0","79.5",",0","166.4",",,,0","0",",,,0","16.51",",0","22.99",",,,0","10.04",",,,0"
"USC00132977","1965-06","43.2844","-93.6305","390.1","FOREST CITY 2 NNE, IA US","84.4","0","61.3",",0","10",",0","8",",0","1",",0","0",",0","0",",0","0",",0","0",",0","0",",0","30",",0","0",",0","","","19650617","+,,0","19650630","+,,0","19650630","+,,0","","","19650623",",,0","19650619",",,0","7.8",",0,17,+","0",",,0,30,+","0",",,0,30,+","31.8",",,0,23,","31.7",",0,19,","4549.0","0","6.4",",0","90.3",",,,0","0",",,,0","20.16",",0","26.87",",,,0","13.45",",,,0"
"USC00132977","1965-07","43.2844","-93.6305","390.1","FOREST CITY 2 NNE, IA US","210.7","0","126.3",",0","10",",0","4",",0","1",",0","0",",0","0",",0","0",",0","0",",0","0",",0","31",",0","3",",0","","","19650710",",,0","19650731","+,,0","19650731","+,,0","","","19650709",",,0","19650724","+,,0","10.0",",0,10,","0",",,0,31,+","0",",,0,31,+","62.7",",,0,09,","35.0",",0,24,+","1.4","0","1.4",",0","87.0",",,,0","0",",,,0","22.36",",0","28.80",",,,0","15.93",",,,0"
"USC00132977","1965-08","43.2844","-93.6305","390.1","FOREST CITY 2 NNE, IA US","311.1","0","100.4",",0","9",",0","9",",0","0",",0","0",",0","0",",0","0",",0","0",",0","0",",0","28",",0","6",",0","","","19650828",",,0","19650831","+,,0","19650831","+,,0","","","19650807",",,0","19650813",",,0","5.6",",0,28,","0",",,0,31,+","0",",,0,31,+","20.8",",,0,07,","35.0",",0,13,","18.8","0","17.4",",0","69.0",",,,0","0",",,,0","21.01",",0","27.45",",,,0","14.57",",,,0"
"USC00132977","1965-09","43.2844","-93.6305","390.1","FOREST CITY 2 NNE, IA US","318.6","0","7.5",",0","7","3,0","7","3,0","1","3,0","0",",0","0",",0","0",",0","1",",0","0",",0","10",",0","0",",0","","","19650926",",,0","19650930","+,,0","19650930","+,,0","","","19650928",",3,0","19650909",",,0","0.0",",0,26,","0",",,0,30,+","0",",,0,30,+","26.7","3,,0,28,","27.8",",0,09,","172.7","0","153.9",",0","179.7",",a,,0","0",",,,0","13.45",",0","18.54",",,,0","8.37",",,,0"
"USC00132977","1965-10","43.2844","-93.6305","390.1","FOREST CITY 2 NNE, IA US","322.2","0","3.6",",0","2",",0","1",",0","0",",0","0",",0","0",",0","0",",0","6",",0","0",",0","6",",0","0",",0","","","19651024",",,0","19651031","+,,0","19651031","+,,0","","","19651020",",,0","19651018",",,0","-4.4",",0,24,","0",",,0,31,+","0",",,0,31,+","6.4",",,0,20,","26.1",",0,18,","400.3","0","227.6",",0","7.7",",,,0","0",",,,0","11.11",",0","17.28",",,,0","4.94",",,,0"
"USC00132977","1965-11","43.2844","-93.6305","390.1","FOREST CITY 2 NNE, IA US","322.2","0","0.0",",0","","","","","","","0",",0","0",",0","0",",0","22",",0","4",",0","1",",0","0",",0","","","19651130",",,0","19651130","+,,0","19651130","+,,0","","","","","19651102",",,0","-16.1",",0,30,","0",",,0,30,+","0",",,0,30,+","","","21.1",",0,02,","895.9","0","495.6",",0","","","0",",,,0","1.81",",0","7.13",",,,0","-3.50",",,,0"
"USC00132977","1965-12","43.2844","-93.6305","390.1","FOREST CITY 2 NNE, IA US","322.2","0","0.0",",0","","","","","","","0",",0","0",",0","1",",0","29",",0","11",",0","0",",0","0",",0","","","19651227",",,0","19651231","+,,0","19651231","+,,0","","","","","19651231","+,,0","-17.8",",0,27,","0",",,0,31,+","0",",,0,31,+","","","11.7",",0,31,+","1506.1","0","610.2",",0","","","0",",,,0","-1.35",",0","2.77",",,,0","-5.47",",,,0"
"USC00132977","1966-01","43.2844","-93.6305","390.1","FOREST CITY 2 NNE, IA US","0.0","0","0.0",",0","3",",0","2",",0","0",",0","","","2",",0","20",",0","31",",0","25",",0","0",",0","0",",0","","","19660129",",,0","","","19660102",",,0","","","19660102",",,0","19660101",",,0","-33.3",",0,29,","","","152",",,0,02,","15.2",",,0,02,","4.4",",0,01,","2510.3","0","1004.2",",0","23.1",",,,0","231",",,,0","-14.06",",0","-8.91",",,,0","-19.21",",,,0"
"USC00132977","1966-02","43.2844","-93.6305","390.1","FOREST CITY 2 NNE, IA US","0.0","0","0.0","1,0","3","1,0","2","1,0","0","1,0","","","1",",0","12",",0","26",",0","12","1,0","0","1,0","0","1,0","","","19660220","+,,0","","","19660215",",,0","","","19660208",",1,0","19660209",",1,0","-23.3",",0,20,+","","","58",",,0,15,","5.1","1,,0,08,","10.6","1,0,09,","3192.0","0","681.7","1,0","10.2","1,,,0","58",",,,0","-7.06","1,0","-0.87","1,,,0","-13.26",",,,0"
"USC00132977","1966-03","43.2844","-93.6305","390.1","FOREST CITY 2 NNE, IA US","0.0","0","0.0",",0","3","4,0","3","4,0","0","4,0","5",",0","1",",0","0",",0","19",",0","5",",0","3",",0","0",",0","","","19660307",",,0","19660324","+,,0","19660323",",,0","","","19660323",",4,0","19660316",",,0","-15.0",",0,07,","254",",,0,24,+","254",",,0,23,","25.1","4,,0,23,","22.8",",0,16,","3662.3","0","470.3",",0","51.3","4,,,0","254",",,,0","3.16",",0","9.17",",,,0","-2.85",",,,0"
"USC00132977","1966-04","43.2844","-93.6305","390.1","FOREST CITY 2 NNE, IA US","0.0","0","0.0",",0","3",",0","3",",0","0",",0","1",",0","2",",0","0",",0","14",",0","0",",0","2",",0","0",",0","","","19660421",",,0","19660410",",,0","19660419","+,,0","","","19660428",",,0","19660426","+,,0","-5.6",",0,21,","51",",,0,10,","64",",,0,19,+","7.6",",,0,28,","22.2",",0,26,+","4044.1","0","381.8",",0","20.4",",,,0","128",",,,0","5.61",",0","10.47",",,,0","0.74",",,,0"
"USC00132977","1966-05","43.2844","-93.6305","390.1","FOREST CITY 2 NNE, IA US","14.1","0","14.1",",0","","","","","","","0",",0","0",",0","0",",0","6",",0","0",",0","19",",0","1",",0","","","19660509",",,0","19660531","+,,0","19660531","+,,0","","","","","19660526",",,0","-3.9",",0,09,","0",",,0,31,+","0",",,0,31,+","","","32.2",",0,26,","4222.2","0","178.1",",0","","","0",",,,0","13.04",",0","20.68",",,,0","5.41",",,,0"
"USC00132977","1966-06","43.2844","-93.6305","390.1","FOREST CITY 2 NNE, IA US","","","","","8",",0","7",",0","3",",0","0",",0","0",",0","","","","","0",",0","28",",0","2",",0","","","","","19660630","+,,0","19660630","+,,0","","","19660627",",,0","19660625","+,,0","","","0",",,0,30,+","0",",,0,30,+","35.6",",,0,27,","32.2",",0,25,+","","","","","142.3",",,,0","0",",,,0","","","27.03",",,,0","",""
"USC00132977","1966-07","43.2844","-93.6305","390.1","FOREST CITY 2 NNE, IA US","","","156.9","2,0","5",",0","5",",0","2",",0","0",",0","0",",0","0","2,0","0","2,0","0",",0","31",",0","11",",0","","","19660720",",2,0","19660731","+,,0","19660731","+,,0","","","19660714",",,0","19660711","+,,0","11.1","2,0,20,","0",",,0,31,+","0",",,0,31,+","33.0",",,0,14,","35.0",",0,11,+","0.0","0","0.0",",0","88.9",",,,0","0",",,,0","23.82","2,0","29.99",",,,0","17.66","2,,,0"
"USC00132977","1966-08","43.2844","-93.6305","390.1","FOREST CITY 2 NNE, IA US","","","63.2",",0","6",",0","4",",0","0",",0","0",",0","0",",0","0",",0","0",",0","0",",0","28",",0","0",",0","","","19660823",",,0","19660831","+,,0","19660831","+,,0","","","19660806",",,0","19660806",",,0","6.7",",0,23,","0",",,0,31,+","0",",,0,31,+","20.6",",,0,06,","31.7",",0,06,","20.3","0","20.3",",0","53.1",",,,0","0",",,,0","19.72",",0","26.19",",,,0","13.25",",,,0"
"USC00132977","1966-09","43.2844","-93.6305","390.1","FOREST CITY 2 NNE, IA US","","","20.6",",0","2",",0","2",",0","1",",0","0",",0","0",",0","0",",0","0",",0","0",",0","22",",0","0",",0","","","19660930",",,0","19660930","+,,0","19660930","+,,0","","","19660902",",,0","19660901",",,0","2.8",",0,30,","0",",,0,30,+","0",",,0,30,+","43.2",",,0,02,","29.4",",0,01,","105.7","0","85.4",",0","50.8",",,,0","0",",,,0","16.17",",0","22.86",",,,0","9.48",",,,0"
"USC00132977","1966-10","43.2844","-93.6305","390.1","FOREST CITY 2 NNE, IA US","","","2.7",",0","2",",0","2",",0","0",",0","0",",0","0",",0","0",",0","8",",0","0",",0","10",",0","0",",0","","","19661029",",,0","19661031","+,,0","19661031","+,,0","","","19661014",",,0","19661007",",,0","-3.3",",0,29,","0",",,0,31,+","0",",,0,31,+","12.7",",,0,14,","28.3",",0,07,","344.8","0","239.1",",0","20.3",",,,0","0",",,,0","10.71",",0","17.94",",,,0","3.47",",,,0"
"USC00132977","1966-11","43.2844","-93.6305","390.1","FOREST CITY 2 NNE, IA US","","","0.0",",0","1",",0","1",",0","0",",0","0",",0","0","1,0","1",",0","24",",0","4",",0","0",",0","0",",0","","","19661112",",,0","19661130","+,,0","19661130","+,1,0","","","19661111",",,0","19661122",",,0","-17.8",",0,12,","0",",,0,30,+","0","1,,0,30,+","6.4",",,0,11,","17.2",",0,22,","873.3","0","528.5",",0","6.4",",,,0","0","1,,,0","0.72",",0","6.04",",,,0","-4.61",",,,0"
"USC00132977","1966-12","43.2844","-93.6305","390.1","FOREST CITY 2 NNE, IA US","","","0.0",",0","4",",0","3",",0","0",",0","1","3,0","1",",0","3",",0","31",",0","19",",0","0",",0","0",",0","","","19661211",",,0","19661228",",3,0","19661228",",,0","","","19661228",",,0","19661216",",,0","-19.4",",0,11,","254","3,,0,28,","262",",,0,28,","19.1",",,0,28,","7.8",",0,16,","1632.9","0","759.6",",0","25.4",",,,0","262",",,,0","-6.17",",0","-2.00",",,,0","-10.34",",,,0"
"USC00132977","1967-01","43.2844","-93.6305","390.1","FOREST CITY 2 NNE, IA US","0.0","0","0.0",",0","3","2,0","2","2,0","0","2,0","","","0","4,0","6",",0","31",",0","23",",0","0",",0","0",",0","","","19670118",",,0","","","19670131","+,4,0","","","19670116",",2,0","19670123",",,0","-32.8",",0,18,","","","0","4,,0,31,+","7.6","2,,0,16,","5.0",",0,23,","2438.4","0","805.5",",0","30.5",",a,,0","0","4,,,0","-7.65",",0","-2.63",",,,0","-12.67",",,,0"
"USC00132977","1967-02","43.2844","-93.6305","390.1","FOREST CITY 2 NNE, IA US","0.0","0","0.0",",0","5",",0","3",",0","0",",0","","","1","4,0","12",",0","28",",0","17",",0","0",",0","0",",0","","","19670225",",,0","","","19670205",",4,0","","","19670215","+,,0","19670214","+,,0","-26.1",",0,25,","","","64","4,,0,05,","6.4",",,0,15,+","7.8",",0,14,+","3201.4","0","763.0",",0","20.7",",,,0","64","4,,,0","-8.92",",0","-2.76",",,,0","-15.08",",,,0"
"USC00132977","1967-03","43.2844","-93.6305","390.1","FOREST CITY 2 NNE, IA US","0.8","0","0.8",",0","3",",0","2",",0","0",",0","0",",0","0",",0","1",",0","22",",0","5",",0","4",",0","0",",0","","","19670307",",,0","19670331","+,,0","19670331","+,,0","","","19670326",",,0","19670324",",,0","-21.1",",0,07,","0",",,0,31,+","0",",,0,31,+","17.8",",,0,26,","26.1",",0,24,","3695.8","0","494.4",",0","21.6",",,,0","0",",,,0","2.41",",0","8.35",",,,0","-3.54",",,,0"
"USC00132977","1967-04","43.2844","-93.6305","390.1","FOREST CITY 2 NNE, IA US","3.0","0","2.2",",0","5","2,0","5","2,0","1","2,0","0",",0","0",",0","0",",0","11",",0","0",",0","4",",0","0",",0","","","19670424",",,0","19670430","+,,0","19670430","+,,0","","","19670402",",2,0","19670416",",,0","-5.0",",0,24,","0",",,0,30,+","0",",,0,30,+","38.1","2,,0,02,","28.9",",0,16,","3982.6","0","286.8",",0","81.3",",a,,0","0",",,,0","8.85",",0","15.09",",,,0","2.60",",,,0"
"USC00132977","1967-05","43.2844","-93.6305","390.1","FOREST CITY 2 NNE, IA US","24.9","0","21.9",",0","1","4,0","1","4,0","1","4,0","0",",0","0",",0","0",",0","5",",0","0",",0","12",",0","3",",0","","","19670503",",,0","19670531","+,,0","19670531","+,,0","","","19670528",",4,0","19670526","+,,0","-5.6",",0,03,","0",",,0,31,+","0",",,0,31,+","27.9","4,,0,28,","33.3",",0,26,+","4187.5","0","204.9",",0","82.5",",a,,0","0",",,,0","12.43",",0","19.13",",,,0","5.73",",,,0"
"USC00132977","1967-06","43.2844","-93.6305","390.1","FOREST CITY 2 NNE, IA US","79.3","0","54.4",",0","","","","","","","0",",0","0",",0","0",",0","0",",0","0",",0","29",",0","1",",0","","","19670624","+,,0","19670630","+,,0","19670630","+,,0","","","","","19670630",",,0","9.4",",0,24,+","0",",,0,30,+","0",",,0,30,+","","","32.8",",0,30,","4197.8","0","10.3",",0","","","0",",,,0","19.80",",0","25.53",",,,0","14.07",",,,0"
"USC00132977","1967-07","43.2844","-93.6305","390.1","FOREST CITY 2 NNE, IA US","183.7","0","104.4",",0","3",",0","3",",0","0",",0","0",",0","0",",0","0",",0","0",",0","0",",0","29",",0","1",",0","","","19670704","+,,0","19670731","+,,0","19670731","+,,0","","","19670701",",,0","19670722",",,0","7.2",",0,04,+","0",",,0,31,+","0",",,0,31,+","17.8",",,0,01,","32.8",",0,22,","18.1","0","18.1",",0","23.9",",,,0","0",",,,0","21.12",",0","27.60",",,,0","14.63",",,,0"
"USC00132977","1967-08","43.2844","-93.6305","390.1","FOREST CITY 2 NNE, IA US","250.8","0","67.1",",0","7",",0","6",",0","1",",0","0",",0","0",",0","0",",0","0",",0","0",",0","30",",0","0",",0","","","19670819",",,0","19670831","+,,0","19670831","+,,0","","","19670822",",,0","19670802",",,0","5.6",",0,19,","0",",,0,31,+","0",",,0,31,+","50.8",",,0,22,","31.1",",0,02,","38.6","0","20.5",",0","97.1",",,,0","0",",,,0","19.84",",0","26.55",",,,0","13.13",",,,0"
"USC00132977","1967-09","43.2844","-93.6305","390.1","FOREST CITY 2 NNE, IA US","255.3","0","4.5",",0","2",",0","2",",0","1",",0","0",",0","0",",0","0",",0","0",",0","0",",0","21",",0","0",",0","","","19670929",",,0","19670930","+,,0","19670930","+,,0","","","19670914",",,0","19670930",",,0","0.6",",0,29,","0",",,0,30,+","0",",,0,30,+","27.9",",,0,14,","28.3",",0,30,","130.5","0","91.9",",0","38.1",",,,0","0",",,,0","15.42",",0","22.42",",,,0","8.42",",,,0"
"USC00132977","1967-10","43.2844","-93.6305","390.1","FOREST CITY 2 NNE, IA US","","","","","1","4,0","1","4,0","0","4,0","0",",0","0",",0","","","","","0","3,0","5","3,0","0","3,0","","","","","19671031","+,,0","19671031","+,,0","","","19671009",",4,0","19671004",",3,0","","","0",",,0,31,+","0",",,0,31,+","2.5","4,,0,09,","26.7","3,0,04,","","","","","14.7","2,a,,0","0",",,,0","","","14.20","3,,,0","",""
"USC00132977","1967-11","43.2844","-93.6305","390.1","FOREST CITY 2 NNE, IA US","","","0.0",",0","0",",0","0",",0","0",",0","0",",0","0",",0","0",",0","24",",0","4",",0","0",",0","0",",0","","","19671128",",,0","19671129","+,,0","19671129","+,,0","","","19671129","+,,0","19671111",",,0","-15.0",",0,28,","0",",T,0,29,+","0",",T,0,29,+","0.0",",T,0,29,+","19.4",",0,11,","","","533.3",",0","0.0",",T,,0","0",",T,,0","0.56",",0","5.32",",,,0","-4.21",",,,0"
"USC00132977","1967-12","43.2844","-93.6305","390.1","FOREST CITY 2 NNE, IA US","","","0.0",",0","","","","","","","","","","","6",",0","30",",0","13",",0","0",",0","0",",0","","","19671231",",,0","","","","","","","","","19671221","+,,0","-27.8",",0,31,","","","","","","","10.6",",0,21,+","","","701.6",",0","","","","","-4.30",",0","0.51",",,,0","-9.11",",,,0"
"USC00132977","1968-01","43.2844","-93.6305","390.1","FOREST CITY 2 NNE, IA US","0.0","0","0.0","2,0","1","4,0","1","4,0","0","4,0","","","1","2,0","10","2,0","29","2,0","17",",0","0",",0","0",",0","","","19680107",",2,0","","","19680112",",2,0","","","19680112",",4,0","19680120",",,0","-28.3","2,0,07,","","","36","2,,0,12,","6.4","4,,0,12,","7.8",",0,20,","","","784.5",",0","6.4","4,,,0","36","2,,,0","-8.66","2,0","-3.54",",,,0","-13.78","2,,,0"
"USC00132977","1968-02","43.2844","-93.6305","390.1","FOREST CITY 2 NNE, IA US","0.0","0","0.0",",0","1",",0","0",",0","0",",0","0",",0","0",",0","11",",0","29",",0","21",",0","0",",0","0",",0","","","19680221",",,0","19680228",",,0","19680228",",,0","","","19680228",",,0","19680205",",,0","-23.3",",0,21,","0",",T,0,28,","10",",,0,28,","1.3",",,0,28,","7.2",",0,05,","","","773.0",",0","1.3",",,,0","10",",,,0","-8.32",",0","-2.30",",,,0","-14.34",",,,0"
"USC00132977","1968-03","43.2844","-93.6305","390.1","FOREST CITY 2 NNE, IA US","0.0","0","0.0","3,0","0",",0","0",",0","0",",0","0",",0","0",",0","0","2,0","19","2,0","3","1,0","8","1,0","0","1,0","","","19680303",",2,0","19680331","+,,0","19680331","+,,0","","","19680331","+,,0","19680330",",1,0","-13.3","2,0,03,","0",",,0,31,+","0",",,0,31,+","0.0",",,0,31,+","28.3","1,0,30,","","","368.4","1,0","0.0",",,,0","0",",,,0","5.02","3,0","13.25","1,,,0","-3.22","2,,,0"
"USC00132977","1968-05","43.2844","-93.6305","390.1","FOREST CITY 2 NNE, IA US","","","4.7",",0","8",",0","8",",0","1",",0","0",",0","0",",0","0",",0","3",",0","0",",0","10",",0","0",",0","","","19680505",",,0","19680531","+,,0","19680531","+,,0","","","19680526",",,0","19680501",",,0","-0.6",",0,05,","0",",,0,31,+","0",",,0,31,+","27.9",",,0,26,","30.0",",0,01,","","","174.3",",0","92.8",",,,0","0",",,,0","12.86",",0","19.95",",,,0","5.78",",,,0"
"USC00132977","1968-06","43.2844","-93.6305","390.1","FOREST CITY 2 NNE, IA US","","","75.0",",0","8",",0","7",",0","4",",0","0",",0","0",",0","0",",0","0",",0","0",",0","28",",0","7",",0","","","19680628","+,,0","19680630","+,,0","19680630","+,,0","","","19680609",",,0","19680604",",,0","6.7",",0,28,+","0",",,0,30,+","0",",,0,30,+","92.2",",,0,09,","33.9",",0,04,","","","23.5",",0","312.2",",,,0","0",",,,0","20.05",",0","27.36",",,,0","12.75",",,,0"
"USC00132977","1968-07","43.2844","-93.6305","390.1","FOREST CITY 2 NNE, IA US","","","114.4",",0","10",",0","10",",0","1",",0","0",",0","0",",0","0",",0","0",",0","0",",0","30",",0","1",",0","","","19680703",",,0","19680731","+,,0","19680731","+,,0","","","19680723",",,0","19680714",",,0","9.4",",0,03,","0",",,0,31,+","0",",,0,31,+","34.3",",,0,23,","32.2",",0,14,","3.9","0","3.9",",0","100.8",",,,0","0",",,,0","21.90",",0","27.88",",,,0","15.91",",,,0"
"USC00132977","1968-08","43.2844","-93.6305","390.1","FOREST CITY 2 NNE, IA US","","","106.7",",0","6",",0","5",",0","1",",0","0",",0","0",",0","0",",0","0",",0","0",",0","31",",0","8",",0","","","19680826",",,0","19680831","+,,0","19680831","+,,0","","","19680806",",,0","19680806",",,0","6.7",",0,26,","0",",,0,31,+","0",",,0,31,+","29.2",",,0,06,","34.4",",0,06,","18.3","0","14.4",",0","69.3",",,,0","0",",,,0","21.31",",0","27.79",",,,0","14.82",",,,0"
"USC00132977","1968-11","43.2844","-93.6305","390.1","FOREST CITY 2 NNE, IA US","","","0.0",",0","3",",0","3",",0","0",",0","0",",0","0",",0","0",",0","26",",0","4",",0","1",",0","0",",0","","","19681120",",,0","19681130","+,,0","19681129",",,0","","","19681105",",,0","19681101",",,0","-11.1",",0,20,","0",",,0,30,+","0",",T,0,29,","5.1",",,0,05,","21.1",",0,01,","","","510.0",",0","10.1",",,,0","0",",T,,0","1.33",",0","5.48",",,,0","-2.81",",,,0"
"USC00132977","1968-12","43.2844","-93.6305","390.1","FOREST CITY 2 NNE, IA US","","","0.0","5,0","6",",0","6",",0","1",",0","","","5","1,0","7","4,0","26","4,0","17","3,0","0","3,0","0","3,0","","","19681230",",4,0","","","19681222",",1,0","","","19681212",",,0","19681212",",3,0","-26.1","4,0,30,","","","152","1,,0,22,","33.0",",,0,12,","15.6","3,0,12,","","","625.0","3,0","72.3",",,,0","393","1,,,0","-6.35","5,0","-1.53","3,,,0","-11.17","4,,,0"
"USC00132977","1969-01","43.2844","-93.6305","390.1","FOREST CITY 2 NNE, IA US","0.0","0","0.0","1,0","7",",0","6",",0","0",",0","","","3",",0","17","1,0","30","1,0","28",",0","0",",0","0",",0","","","19690102",",1,0","","","19690129",",,0","","","19690129",",,0","19690116",",,0","-27.8","1,0,02,","","","102",",,0,29,","10.2",",,0,29,","5.6",",0,16,","","","918.6",",0","34.8",",,,0","229",",,,0","-12.18","1,0","-7.14",",,,0","-17.22","1,,,0"
"USC00132977","1969-02","43.2844","-93.6305","390.1","FOREST CITY 2 NNE, IA US","0.0","0","0.0",",0","1",",0","1",",0","0",",0","","","1",",0","6",",0","28",",0","21",",0","0",",0","0",",0","","","19690201",",,0","","","19690228",",,0","","","19690228",",,0","19690225","+,,0","-25.0",",0,01,","","","102",",,0,28,","10.2",",,0,28,","3.9",",0,25,+","","","705.2",",0","10.2",",,,0","102",",,,0","-6.85",",0","-2.64",",,,0","-11.06",",,,0"
"USC00132977","1969-03","43.2844","-93.6305","390.1","FOREST CITY 2 NNE, IA US","0.0","0","0.0",",0","4",",0","2",",0","0",",0","","","0","1,0","5",",0","31",",0","13",",0","0",",0","0",",0","","","19690311",",,0","","","19690310",",1,0","","","19690324",",,0","19690318",",,0","-22.2",",0,11,","","","0","1,T,0,10,","11.4",",,0,24,","8.9",",0,18,","","","729.7",",0","23.4",",,,0","0","1,T,,0","-5.20",",0","0.25",",,,0","-10.66",",,,0"
"USC00132977","1969-04","43.2844","-93.6305","390.1","FOREST CITY 2 NNE, IA US","0.0","0","0.0",",0","5",",0","4",",0","0",",0","0",",0","0",",0","0",",0","7",",0","0",",0","1",",0","0",",0","","","19690401",",,0","19690430","+,,0","19690430","+,,0","","","19690415",",,0","19690425",",,0","-2.8",",0,01,","0",",,0,30,+","0",",,0,30,+","14.0",",,0,15,","24.4",",0,25,","","","275.4",",0","39.2",",,,0","0",",,,0","9.15",",0","15.53",",,,0","2.77",",,,0"
"USC00132977","1969-05","43.2844","-93.6305","390.1","FOREST CITY 2 NNE, IA US","33.6","0","33.6","1,0","8",",0","6",",0","0",",0","0",",0","0",",0","0",",0","1",",0","0","1,0","18","1,0","2","1,0","","","19690511",",,0","19690531","+,,0","19690531","+,,0","","","19690522",",,0","19690527",",1,0","0.0",",0,11,","0",",,0,31,+","0",",,0,31,+","24.1",",,0,22,","32.8","1,0,27,","","","92.1","1,0","86.7",",,,0","0",",,,0","16.36","1,0","23.63","1,,,0","9.09",",,,0"
"USC00132977","1969-06","43.2844","-93.6305","390.1","FOREST CITY 2 NNE, IA US","61.2","0","27.6",",0","10",",0","9",",0","2",",0","0",",0","0",",0","0",",0","0",",0","0",",0","20",",0","2",",0","","","19690603",",,0","19690630","+,,0","19690630","+,,0","","","19690625",",,0","19690605",",,0","3.3",",0,03,","0",",,0,30,+","0",",,0,30,+","66.0",",,0,25,","32.8",",0,05,","","","66.1",",0","215.1",",,,0","0",",,,0","17.05",",0","23.30",",,,0","10.80",",,,0"
"USC00132977","1969-07","43.2844","-93.6305","390.1","FOREST CITY 2 NNE, IA US","","","","","","","","","","","0",",0","0",",0","","","","","","","","","","","","","","","19690731","+,,0","19690731","+,,0","","","","","","","","","0",",,0,31,+","0",",,0,31,+","","","","","","","","","","","0",",,,0","","","","","",""
"USC00132977","1969-08","43.2844","-93.6305","390.1","FOREST CITY 2 NNE, IA US","","","103.1",",0","5",",0","3",",0","0",",0","0",",0","0",",0","0",",0","0",",0","0",",0","31",",0","1",",0","","","19690823","+,,0","19690831","+,,0","19690831","+,,0","","","19690818",",,0","19690831",",,0","11.1",",0,23,+","0",",,0,31,+","0",",,0,31,+","16.8",",,0,18,","32.2",",0,31,","","","0.8",",0","26.0",",,,0","0",",,,0","21.63",",0","28.99",",,,0","14.27",",,,0"
"USC00132977","1969-09","43.2844","-93.6305","390.1","FOREST CITY 2 NNE, IA US","","","17.1",",0","7",",0","7",",0","0",",0","0",",0","0",",0","0",",0","0",",0","0",",0","21",",0","0",",0","","","19690924","+,,0","19690930","+,,0","19690930","+,,0","","","19690925",",,0","19690906",",,0","3.3",",0,24,+","0",",,0,30,+","0",",,0,30,+","20.3",",,0,25,","28.3",",0,06,","","","92.3",",0","66.2",",,,0","0",",,,0","15.83",",0","22.80",",,,0","8.85",",,,0"
"USC00132977","1969-10","43.2844","-93.6305","390.1","FOREST CITY 2 NNE, IA US","","","0.0","1,0","10",",0","5",",0","1",",0","0",",0","0",",0","0","1,0","11","1,0","0",",0","6",",0","0",",0","","","19691028",",1,0","19691031","+,,0","19691031","+,,0","","","19691013",",,0","19691005",",,0","-7.8","1,0,28,","0",",,0,31,+","0",",,0,31,+","27.9",",,0,13,","28.9",",0,05,","","","328.1",",0","77.0",",,,0","0",",,,0","7.44","1,0","13.68",",,,0","1.19","1,,,0"
"USC00132977","1969-11","43.2844","-93.6305","390.1","FOREST CITY 2 NNE, IA US","","","0.0",",0","2",",0","2",",0","0",",0","0",",0","0",",0","0",",0","21",",0","6",",0","0",",0","0",",0","","","19691121",",,0","19691130","+,,0","19691130","+,,0","","","19691101",",,0","19691107",",,0","-13.3",",0,21,","0",",,0,30,+","0",",,0,30,+","4.8",",,0,01,","18.9",",0,07,","","","520.5",",0","8.4",",,,0","0",",,,0","0.98",",0","6.06",",,,0","-4.09",",,,0"
"USC00132977","1969-12","43.2844","-93.6305","390.1","FOREST CITY 2 NNE, IA US","","","0.0",",0","6",",0","6",",0","0",",0","","","6",",0","6",",0","31",",0","29",",0","0",",0","0",",0","","","19691211",",,0","","","19691207",",,0","","","19691207",",,0","19691201",",,0","-20.0",",0,11,","","","229",",,0,07,","22.9",",,0,07,","9.4",",0,01,","","","827.7",",0","65.3",",,,0","653",",,,0","-8.37",",0","-3.72",",,,0","-13.02",",,,0"
"USC00132977","1970-01","43.2844","-93.6305","390.1","FOREST CITY 2 NNE, IA US","0.0","0","0.0","1,0","1",",0","1",",0","0",",0","","","","","20","1,0","30","1,0","28",",0","0",",0","0",",0","","","19700121","+,1,0","","","","","","","19700102",",,0","19700128",",,0","-34.4","1,0,21,+","","","","","6.4",",,0,02,","2.2",",0,28,","","","1020.5",",0","6.4",",,,0","","","-15.63","1,0","-9.59",",,,0","-21.66","1,,,0"
"USC00132977","1970-02","43.2844","-93.6305","390.1","FOREST CITY 2 NNE, IA US","0.0","0","0.0",",0","1",",0","1",",0","0",",0","","","1",",0","12",",0","28",",0","17",",0","0",",0","0",",0","","","19700204","+,,0","","","19700211",",,0","","","19700211",",,0","19700223","+,,0","-27.8",",0,04,+","","","33",",,0,11,","3.3",",,0,11,","5.0",",0,23,+","","","771.1",",0","3.3",",,,0","33",",,,0","-9.21",",0","-2.98",",,,0","-15.43",",,,0"
"USC00132977","1970-03","43.2844","-93.6305","390.1","FOREST CITY 2 NNE, IA US","0.0","0","0.0","1,0","4",",0","3",",0","0",",0","","","3",",0","0","1,0","30","1,0","8","1,0","0","1,0","0","1,0","","","19700327",",1,0","","","19700320",",,0","","","19700320",",,0","19700304",",1,0","-16.7","1,0,27,","","","201",",,0,20,","20.1",",,0,20,","8.3","1,0,04,","","","655.5","1,0","33.6",",,,0","336",",,,0","-3.52","1,0","1.67","1,,,0","-8.70","1,,,0"
"USC00132977","1970-04","43.2844","-93.6305","390.1","FOREST CITY 2 NNE, IA US","3.9","0","3.9",",0","8",",0","7",",0","0",",0","0",",0","0",",0","0",",0","13",",0","0",",0","8",",0","0",",0","","","19700401",",,0","19700430","+,,0","19700430","+,,0","","","19700430","+,,0","19700428",",,0","-9.4",",0,01,","0",",,0,30,+","0",",,0,30,+","11.2",",,0,30,+","31.7",",0,28,","","","321.5",",0","51.2",",,,0","0",",,,0","7.75",",0","14.89",",,,0","0.60",",,,0"
"USC00132977","1970-05","43.2844","-93.6305","390.1","FOREST CITY 2 NNE, IA US","27.9","0","24.0","2,0","11",",0","8",",0","1",",0","0",",0","0",",0","0","2,0","1","2,0","0","1,0","18","1,0","1","1,0","","","19700502",",2,0","19700531","+,,0","19700531","+,,0","","","19700513",",,0","19700521",",1,0","0.0","2,0,02,","0",",,0,31,+","0",",,0,31,+","44.5",",,0,13,","32.2","1,0,21,","","","112.7","1,0","132.7",",,,0","0",",,,0","14.99","2,0","22.11","1,,,0","7.86","2,,,0"
"USC00132977","1970-06","43.2844","-93.6305","390.1","FOREST CITY 2 NNE, IA US","108.8","0","80.9","2,0","6",",0","3",",0","1",",0","0",",0","0",",0","0","2,0","0","2,0","0","2,0","23","2,0","5","2,0","","","19700605",",2,0","19700630","+,,0","19700630","+,,0","","","19700616",",,0","19700629",",2,0","5.6","2,0,05,","0",",,0,30,+","0",",,0,30,+","47.0",",,0,16,","36.7","2,0,29,","","","34.2","2,0","57.1",",,,0","0",",,,0","20.00","2,0","26.92","2,,,0","13.08","2,,,0"
"USC00132977","1970-07","43.2844","-93.6305","390.1","FOREST CITY 2 NNE, IA US","209.6","0","100.8","1,0","8",",0","7",",0","1",",0","0",",0","0",",0","0","1,0","0","1,0","0","1,0","30","1,0","5","1,0","","","19700704",",1,0","19700731","+,,0","19700731","+,,0","","","19700727",",,0","19700702",",1,0","8.9","1,0,04,","0",",,0,31,+","0",",,0,31,+","30.2",",,0,27,","33.9","1,0,02,","7.2","0","7.2","1,0","119.1",",,,0","0",",,,0","21.45","1,0","28.27","1,,,0","14.63","1,,,0"
"USC00132977","1970-08","43.2844","-93.6305","390.1","FOREST CITY 2 NNE, IA US","279.9","0","70.3","3,0","6",",0","4",",0","1",",0","0",",0","0",",0","0","3,0","0","3,0","0","1,0","29","1,0","1","1,0","","","19700821","+,3,0","19700831","+,,0","19700831","+,,0","","","19700808",",,0","19700827",",1,0","7.8","3,0,21,+","0",",,0,31,+","0",",,0,31,+","53.3",",,0,08,","32.2","1,0,27,","12.0","0","4.8","1,0","67.5",",,,0","0",",,,0","20.55","3,0","27.49","1,,,0","13.62","3,,,0"
"USC00132977","1970-09","43.2844","-93.6305","390.1","FOREST CITY 2 NNE, IA US","324.1","0","44.2","2,0","7",",0","5",",0","1",",0","0",",0","0",",0","0","2,0","0","2,0","0","1,0","15","1,0","1","1,0","","","19700927",",2,0","19700930","+,,0","19700930","+,,0","","","19700915",",,0","19700906",",1,0","2.2","2,0,27,","0",",,0,30,+","0",",,0,30,+","27.9",",,0,15,","33.3","1,0,06,","125.1","0","113.1","1,0","69.3",",,,0","0",",,,0","15.84","2,0","21.74","1,,,0","9.94","2,,,0"
"USC00132977","1970-10","43.2844","-93.6305","390.1","FOREST CITY 2 NNE, IA US","327.4","0","3.3",",0","9",",0","9",",0","0",",0","0",",0","0",",0","0",",0","15",",0","0",",0","4",",0","0",",0","","","19701010",",,0","19701031","+,,0","19701031","+,,0","","","19701008",",,0","19701006",",,0","-3.9",",0,10,","0",",,0,31,+","0",",,0,31,+","24.6",",,0,08,","28.9",",0,06,","430.0","0","304.9",",0","120.6",",,,0","0",",,,0","8.60",",0","15.01",",,,0","2.20",",,,0"
"USC00132977","1970-11","43.2844","-93.6305","390.1","FOREST CITY 2 NNE, IA US","327.4","0","0.0","2,0","7",",0","5",",0","0",",0","","","1",",0","0","2,0","25","2,0","5",",0","0",",0","0",",0","","","19701122",",2,0","","","19701119",",,0","","","19701109",",,0","19701130",",,0","-16.7","2,0,22,","","","76",",,0,19,","23.1",",,0,09,","15.0",",0,30,","919.3","0","489.3",",0","54.7",",,,0","76",",,,0","0.61","2,0","5.28",",,,0","-4.05","2,,,0"
"USC00132977","1970-12","43.2844","-93.6305","390.1","FOREST CITY 2 NNE, IA US","327.4","0","0.0","3,0","4",",0","3",",0","1",",0","","","2",",0","11","2,0","29","2,0","21","3,0","0","3,0","0","3,0","","","19701225","+,2,0","","","19701222",",,0","","","19701222",",,0","19701201",",3,0","-25.0","2,0,25,+","","","254",",,0,22,","25.4",",,0,22,","13.9","3,0,01,","1681.1","0","761.8","3,0","34.1",",,,0","305",",,,0","-8.93","3,0","-3.00","3,,,0","-14.85","2,,,0"
"USC00132977","1971-01","43.2844","-93.6305","390.1","FOREST CITY 2 NNE, IA US","0.0","0","0.0","2,0","3",",0","3",",0","1",",0","","","3",",0","18","2,0","29","2,0","25","1,0","0","1,0","0","1,0","","","19710106","+,2,0","","","19710104",",,0","","","19710104",",,0","19710130",",1,0","-27.8","2,0,06,+","","","343",",,0,04,","34.3",",,0,04,","3.9","1,0,30,","2606.4","0","925.3","1,0","39.3",",,,0","393",",,,0","-13.47","2,0","-7.35","1,,,0","-19.58","2,,,0"
"USC00132977","1971-02","43.2844","-93.6305","390.1","FOREST CITY 2 NNE, IA US","0.0","0","0.0","1,0","5",",0","5",",0","1",",0","","","3",",0","8","1,0","26","1,0","19","1,0","0","1,0","0","1,0","","","19710208","+,1,0","","","19710205",",,0","","","19710219",",,0","19710217",",1,0","-28.9","1,0,08,+","","","229",",,0,05,","35.6",",,0,19,","7.8","1,0,17,","3346.0","0","739.6","1,0","93.0",",,,0","447",",,,0","-9.06","1,0","-4.20","1,,,0","-13.93","1,,,0"
"USC00132977","1971-04","43.2844","-93.6305","390.1","FOREST CITY 2 NNE, IA US","","","","","4",",0","4",",0","1",",0","0",",0","0",",0","0","1,0","17","1,0","","","","","","","","","19710402","+,1,0","19710430","+,,0","19710430","+,,0","","","19710402",",,0","","","-7.8","1,0,02,+","0",",,0,30,+","0",",,0,30,+","25.4",",,0,02,","","","","","","","49.5",",,,0","0",",,,0","","","","","0.34","1,,,0"
"USC00132977","1971-05","43.2844","-93.6305","390.1","FOREST CITY 2 NNE, IA US","","","6.7","1,0","7",",0","5",",0","0",",0","0",",0","0",",0","0","1,0","0","1,0","0",",0","16",",0","0",",0","","","19710526","+,1,0","19710531","+,,0","19710531","+,,0","","","19710519",",,0","19710516","+,,0","1.1","1,0,26,+","0",",,0,31,+","0",",,0,31,+","23.4",",,0,19,","28.9",",0,16,+","","","159.9",",0","65.3",",,,0","0",",,,0","13.15","1,0","20.12",",,,0","6.18","1,,,0"
"USC00132977","1971-09","43.2844","-93.6305","390.1","FOREST CITY 2 NNE, IA US","","","62.4",",0","10",",0","5",",0","1",",0","0",",0","0",",0","0",",0","0",",0","0",",0","20",",0","3",",0","","","19710923",",,0","19710930","+,,0","19710930","+,,0","","","19710909",",,0","19710907",",,0","1.7",",0,23,","0",",,0,30,+","0",",,0,30,+","35.3",",,0,09,","35.0",",0,07,","","","78.7",",0","67.4",",,,0","0",",,,0","17.79",",0","24.51",",,,0","11.07",",,,0"
"USC00132977","1971-10","43.2844","-93.6305","390.1","FOREST CITY 2 NNE, IA US","","","9.4",",0","11",",0","9",",0","2",",0","0",",0","0",",0","0",",0","3",",0","0",",0","10",",0","0",",0","","","19711031",",,0","19711031","+,,0","19711031","+,,0","","","19711027",",,0","19711001",",,0","-2.8",",0,31,","0",",,0,31,+","0",",,0,31,+","39.6",",,0,27,","27.2",",0,01,","","","180.1",",0","127.1",",,,0","0",",,,0","12.83",",0","18.47",",,,0","7.18",",,,0"
"USC00132977","1971-11","43.2844","-93.6305","390.1","FOREST CITY 2 NNE, IA US","","","0.0",",0","8",",0","8",",0","1",",0","8",",0","4",",0","0",",0","23",",0","7",",0","0",",0","0",",0","","","19711107",",,0","19711129",",,0","19711123",",,0","","","19711116",",,0","19711111",",,0","-12.8",",0,07,","127",",,0,29,","104",",,0,23,","28.2",",,0,16,","20.6",",0,11,","","","488.3",",0","80.5",",,,0","229",",,,0","2.06",",0","6.45",",,,0","-2.34",",,,0"
"USC00132977","1971-12","43.2844","-93.6305","390.1","FOREST CITY 2 NNE, IA US","","","0.0",",0","5",",0","5",",0","0",",0","31",",0","4",",0","3",",0","31",",0","20",",0","0",",0","0",",0","","","19711217",",,0","19711231","+,,0","19711230",",,0","","","19711230",",,0","19711211",",,0","-20.6",",0,17,","203",",,0,31,+","152",",,0,30,","14.7",",,0,30,","2.8",",0,11,","","","754.7",",0","28.4",",,,0","289",",,,0","-6.01",",0","-1.63",",,,0","-10.40",",,,0"
"USC00132977","1972-01","43.2844","-93.6305","390.1","FOREST CITY 2 NNE, IA US","0.0","0","0.0",",0","3",",0","2",",0","0",",0","31",",0","2",",0","14",",0","31",",0","23",",0","0",",0","0",",0","","","19720115",",,0","19720128","+,,0","19720124",",,0","","","19720124",",,0","19720112",",,0","-32.2",",0,15,","203",",,0,28,+","79",",,0,24,","7.1",",,0,24,","3.9",",0,12,","","","951.9",",0","11.9",",,,0","137",",,,0","-12.37",",0","-7.08",",,,0","-17.67",",,,0"
"USC00132977","1972-02","43.2844","-93.6305","390.1","FOREST CITY 2 NNE, IA US","0.0","0","0.0",",0","7",",0","2",",0","0",",0","29",",0","5",",0","10",",0","29",",0","23",",0","0",",0","0",",0","","","19720209",",,0","19720219","+,,0","19720217",",,0","","","19720217",",,0","19720228",",,0","-26.7",",0,09,","254",",,0,19,+","38",",,0,17,","3.3",",,0,17,","7.2",",0,28,","","","811.6",",0","12.0",",,,0","156",",,,0","-9.65",",0","-4.42",",,,0","-14.89",",,,0"
"USC00132977","1972-03","43.2844","-93.6305","390.1","FOREST CITY 2 NNE, IA US","0.0","0","0.0",",0","5",",0","3",",0","0",",0","11",",0","2",",0","2",",0","27",",0","7",",0","0",",0","0",",0","","","19720302",",,0","19720305","+,,0","19720327",",,0","","","19720327",",,0","19720319",",,0","-20.6",",0,02,","127",",,0,05,+","38",",,0,27,","16.5",",,0,27,","17.8",",0,19,","","","574.3",",0","24.9",",,,0","63",",,,0","-0.19",",0","4.95",",,,0","-5.33",",,,0"
"USC00132977","1972-04","43.2844","-93.6305","390.1","FOREST CITY 2 NNE, IA US","0.0","0","0.0",",0","6",",0","4",",0","0",",0","0",",0","0",",0","0",",0","12",",0","0",",0","2",",0","0",",0","","","19720408",",,0","19720430","+,,0","19720407",",,0","","","19720421",",,0","19720417",",,0","-8.3",",0,08,","0",",,0,30,+","13",",,0,07,","20.3",",,0,21,","25.0",",0,17,","","","346.3",",0","37.6",",,,0","13",",,,0","6.79",",0","12.49",",,,0","1.09",",,,0"
"USC00132977","1972-05","43.2844","-93.6305","390.1","FOREST CITY 2 NNE, IA US","42.6","0","42.6",",0","10",",0","9",",0","1",",0","0",",0","0",",0","0",",0","0",",0","0",",0","17",",0","2",",0","","","19720505","+,,0","19720531","+,,0","19720531","+,,0","","","19720528",",,0","19720521",",,0","2.8",",0,05,+","0",",,0,31,+","0",",,0,31,+","27.2",",,0,28,","32.8",",0,21,","","","106.6",",0","101.2",",,,0","0",",,,0","16.27",",0","22.50",",,,0","10.04",",,,0"
"USC00132977","1972-06","43.2844","-93.6305","390.1","FOREST CITY 2 NNE, IA US","117.5","0","74.9",",0","8",",0","8",",0","2",",0","0",",0","0",",0","0",",0","0",",0","0",",0","28",",0","0",",0","","","19720611",",,0","19720630","+,,0","19720630","+,,0","","","19720628",",,0","19720612",",,0","5.6",",0,11,","0",",,0,30,+","0",",,0,30,+","41.4",",,0,28,","31.7",",0,12,","","","27.8",",0","109.5",",,,0","0",",,,0","19.91",",0","26.62",",,,0","13.19",",,,0"
"USC00132977","1972-07","43.2844","-93.6305","390.1","FOREST CITY 2 NNE, IA US","218.7","0","101.2",",0","10",",0","7",",0","5",",0","0",",0","0",",0","0",",0","0",",0","0",",0","29",",0","4",",0","","","19720705",",,0","19720731","+,,0","19720731","+,,0","","","19720702",",,0","19720701",",,0","7.8",",0,05,","0",",,0,31,+","0",",,0,31,+","51.6",",,0,02,","33.3",",0,01,","12.8","0","12.8",",0","188.7",",,,0","0",",,,0","21.19",",0","26.56",",,,0","15.81",",,,0"
"USC00132977","1972-08","43.2844","-93.6305","390.1","FOREST CITY 2 NNE, IA US","348.2","0","129.5",",0","8",",0","5",",0","0",",0","0",",0","0",",0","0",",0","0",",0","0",",0","27",",0","8",",0","","","19720807",",,0","19720831","+,,0","19720831","+,,0","","","19720825",",,0","19720820","+,,0","7.2",",0,07,","0",",,0,31,+","0",",,0,31,+","24.1",",,0,25,","35.0",",0,20,+","30.9","0","18.1",",0","47.8",",,,0","0",",,,0","21.93",",0","27.51",",,,0","16.34",",,,0"
"USC00132977","1972-09","43.2844","-93.6305","390.1","FOREST CITY 2 NNE, IA US","368.4","0","20.2",",0","10",",0","8",",0","2",",0","0",",0","0",",0","0",",0","1",",0","0",",0","19",",0","0",",0","","","19720930",",,0","19720930","+,,0","19720930","+,,0","","","19720911",",,0","19720916",",,0","-1.7",",0,30,","0",",,0,30,+","0",",,0,30,+","78.2",",,0,11,","30.0",",0,16,","115.3","0","84.4",",0","186.4",",,,0","0",",,,0","16.19",",0","22.09",",,,0","10.29",",,,0"
"USC00132977","1972-10","43.2844","-93.6305","390.1","FOREST CITY 2 NNE, IA US","368.4","0","0.0",",0","9",",0","8",",0","0",",0","1",",0","1",",0","0",",0","10",",0","0",",0","5",",0","0",",0","","","19721019",",,0","19721018",",,0","19721018",",,0","","","19721006",",,0","19721002",",,0","-10.0",",0,19,","25",",,0,18,","30",",,0,18,","22.4",",,0,06,","26.7",",0,02,","429.7","0","314.4",",0","88.2",",,,0","30",",,,0","8.19",",0","13.73",",,,0","2.65",",,,0"
"USC00132977","1972-11","43.2844","-93.6305","390.1","FOREST CITY 2 NNE, IA US","368.4","0","0.0",",0","6",",0","4",",0","0",",0","0",",0","0",",0","0",",0","21",",0","6",",0","0",",0","0",",0","","","19721129","+,,0","19721128","+,,0","19721128","+,,0","","","19721107","+,,0","19721105",",,0","-9.4",",0,29,+","0",",T,0,28,+","0",",T,0,28,+","7.4",",,0,07,+","15.0",",0,05,","964.4","0","534.7",",0","23.6",",,,0","0",",T,,0","0.51",",0","3.57",",,,0","-2.55",",,,0"
"USC00132977","1972-12","43.2844","-93.6305","390.1","FOREST CITY 2 NNE, IA US","368.4","0","0.0",",0","5",",0","3",",0","0",",0","27",",0","3",",0","13",",0","31",",0","27",",0","0",",0","0",",0","","","19721207",",,0","19721212",",,0","19721212",",,0","","","19721229",",,0","19721230",",,0","-27.8",",0,07,","254",",,0,12,","152",",,0,12,","20.3",",,0,29,","6.1",",0,30,","1854.9","0","890.5",",0","41.9",",,,0","338",",,,0","-10.39",",0","-6.11",",,,0","-14.67",",,,0"
"USC00132977","1973-01","43.2844","-93.6305","390.1","FOREST CITY 2 NNE, IA US","0.0","0","0.0",",0","7",",0","2",",0","0",",0","31",",0","4",",0","9",",0","31",",0","20",",0","0",",0","0",",0","","","19730109",",,0","19730122",",,0","19730122",",,0","","","19730103",",,0","19730125",",,0","-27.8",",0,09,","330",",,0,22,","254",",,0,22,","25.1",",,0,03,","6.7",",0,25,","2661.0","0","806.1",",0","53.6",",,,0","508",",,,0","-7.67",",0","-3.14",",,,0","-12.21",",,,0"
"USC00132977","1973-02","43.2844","-93.6305","390.1","FOREST CITY 2 NNE, IA US","0.0","0","0.0",",0","6",",0","3",",0","0",",0","28",",0","5",",0","6",",0","28",",0","14",",0","0",",0","0",",0","","","19730216",",,0","19730216","+,,0","19730213",",,0","","","19730201",",,0","19730223","+,,0","-26.1",",0,16,","330",",,0,16,+","102",",,0,13,","11.4",",,0,01,","5.0",",0,23,+","3322.7","0","661.7",",0","28.7",",,,0","292",",,,0","-5.30",",0","-0.88",",,,0","-9.72",",,,0"
"USC00132977","1973-03","43.2844","-93.6305","390.1","FOREST CITY 2 NNE, IA US","0.0","0","0.0",",0","11",",0","7",",0","0",",0","4","2,0","0","1,0","0",",0","14",",0","0",",0","0",",0","0",",0","","","19730318",",,0","19730303",",2,0","19730331","+,1,0","","","19730311",",,0","19730313",",,0","-5.6",",0,18,","51","2,,0,03,","0","1,,0,31,+","20.3",",,0,11,","16.1",",0,13,","3744.3","0","421.6",",0","103.7",",,,0","0","1,,,0","4.73",",0","8.80",",,,0","0.67",",,,0"
"USC00132977","1973-04","43.2844","-93.6305","390.1","FOREST CITY 2 NNE, IA US","0.0","0","0.0",",0","10",",0","10",",0","1",",0","5",",0","2",",0","0",",0","12",",0","1",",0","3",",0","0",",0","","","19730411",",,0","19730409",",,0","19730409",",,0","","","19730415",",,0","19730420",",,0","-8.3",",0,11,","330",",,0,09,","254",",,0,09,","46.0",",,0,15,","22.8",",0,20,","4076.3","0","332.0",",0","111.4",",,,0","318",",,,0","7.27",",0","12.79",",,,0","1.75",",,,0"
"USC00132977","1973-05","43.2844","-93.6305","390.1","FOREST CITY 2 NNE, IA US","4.4","0","4.4",",0","14",",0","10",",0","1",",0","0",",0","0",",0","0",",0","2",",0","0",",0","15",",0","0",",0","","","19730503",",,0","19730531","+,,0","19730531","+,,0","","","19730527",",,0","19730518",",,0","-0.6",",0,03,","0",",,0,31,+","0",",,0,31,+","33.3",",,0,27,","28.3",",0,18,","4232.3","0","156.0",",0","123.8",",,,0","0",",,,0","13.44",",0","19.85",",,,0","7.03",",,,0"
"USC00132977","1973-06","43.2844","-93.6305","390.1","FOREST CITY 2 NNE, IA US","103.8","0","99.4",",0","10",",0","6",",0","0",",0","0",",0","0",",0","0",",0","0",",0","0",",0","30",",0","3",",0","","","19730629","+,,0","19730630","+,,0","19730630","+,,0","","","19730618",",,0","19730609",",,0","10.0",",0,29,+","0",",,0,30,+","0",",,0,30,+","18.5",",,0,18,","35.0",",0,09,","4237.8","0","5.5",",0","67.9",",,,0","0",",,,0","21.46",",0","27.95",",,,0","14.97",",,,0"
"USC00132977","1973-07","43.2844","-93.6305","390.1","FOREST CITY 2 NNE, IA US","246.3","0","142.5",",0","9",",0","5",",0","2",",0","0",",0","0",",0","0",",0","0",",0","0",",0","30",",0","6",",0","","","19730716",",,0","19730731","+,,0","19730731","+,,0","","","19730719",",,0","19730712","+,,0","9.4",",0,16,","0",",,0,31,+","0",",,0,31,+","38.6",",,0,19,","33.9",",0,12,+","0.8","0","0.8",",0","102.9",",,,0","0",",,,0","22.90",",0","28.66",",,,0","17.15",",,,0"
"USC00132977","1973-08","43.2844","-93.6305","390.1","FOREST CITY 2 NNE, IA US","380.4","0","134.1",",0","8",",0","5",",0","0",",0","0",",0","0",",0","0",",0","0",",0","0",",0","31",",0","4",",0","","","19730802",",,0","19730831","+,,0","19730831","+,,0","","","19730823",",,0","19730827",",,0","11.1",",0,02,","0",",,0,31,+","0",",,0,31,+","15.2",",,0,23,","32.8",",0,27,","2.5","0","1.7",",0","60.4",",,,0","0",",,,0","22.61",",0","28.43",",,,0","16.79",",,,0"
"USC00132977","1973-09","43.2844","-93.6305","390.1","FOREST CITY 2 NNE, IA US","402.4","0","22.0",",0","13",",0","11",",0","1",",0","0",",0","0",",0","0",",0","0",",0","0",",0","18",",0","0",",0","","","19730918",",,0","19730930","+,,0","19730930","+,,0","","","19730926",",,0","19730902","+,,0","1.1",",0,18,","0",",,0,30,+","0",",,0,30,+","97.8",",,0,26,","27.8",",0,02,+","85.3","0","82.8",",0","188.0",",,,0","0",",,,0","16.31",",0","21.62",",,,0","10.99",",,,0"
"USC00132977","1973-10","43.2844","-93.6305","390.1","FOREST CITY 2 NNE, IA US","409.9","0","7.5",",0","6",",0","6",",0","0",",0","0",",0","0",",0","0",",0","3",",0","0",",0","15",",0","0",",0","","","19731030","+,,0","19731031","+,,0","19731031","+,,0","","","19731003",",,0","19731014",",,0","-0.6",",0,30,+","0",",,0,31,+","0",",,0,31,+","17.0",",,0,03,","26.7",",0,14,","243.6","0","158.3",",0","64.2",",,,0","0",",,,0","13.47",",0","19.27",",,,0","7.67",",,,0"
"USC00132977","1973-11","43.2844","-93.6305","390.1","FOREST CITY 2 NNE, IA US","409.9","0","0.0",",0","6",",0","5",",0","2",",0","0",",0","0",",0","0",",0","23",",0","1",",0","0",",0","0",",0","","","19731109",",,0","19731130","+,,0","19731130","+,,0","","","19731120",",,0","19731113",",,0","-12.2",",0,09,","0",",,0,30,+","0",",,0,30,+","38.1",",,0,20,","18.3",",0,13,","727.0","0","483.4",",0","85.1",",,,0","0",",,,0","2.22",",0","6.59",",,,0","-2.15",",,,0"
"USC00132977","1973-12","43.2844","-93.6305","390.1","FOREST CITY 2 NNE, IA US","409.9","0","0.0",",0","8",",0","7",",0","0",",0","27","1,0","7",",0","7",",0","31",",0","23",",0","0",",0","0",",0","","","19731231",",,0","19731224","+,1,0","19731204",",,0","","","19731204",",,0","19731202",",,0","-28.9",",0,31,","305","1,,0,24,+","221",",,0,04,","21.6",",,0,04,","13.3",",0,02,","1546.1","0","819.1",",0","58.4",",,,0","564",",,,0","-8.09",",0","-3.84",",,,0","-12.34",",,,0"
"USC00132977","1974-01","43.2844","-93.6305","390.1","FOREST CITY 2 NNE, IA US","0.0","0","0.0","1,0","4",",0","1",",0","0",",0","29","2,0","2",",0","14","1,0","30","1,0","16",",0","0",",0","0",",0","","","19740101",",1,0","19740108",",2,0","19740108",",,0","","","19740120",",,0","19740116",",,0","-31.7","1,0,01,","305","2,,0,08,","38",",,0,08,","2.5",",,0,20,","7.2",",0,16,","2404.9","0","858.8",",0","6.9",",,,0","76",",,,0","-10.16","1,0","-4.90",",,,0","-15.41","1,,,0"
"USC00132977","1974-02","43.2844","-93.6305","390.1","FOREST CITY 2 NNE, IA US","0.0","0","0.0",",0","6",",0","2",",0","0",",0","28",",0","5",",0","5",",0","28",",0","16",",0","0",",0","0",",0","","","19740204",",,0","19740210","+,,0","19740221",",,0","","","19740221",",,0","19740213","+,,0","-25.0",",0,04,","254",",,0,10,+","38",",,0,21,","6.9",",,0,21,","7.8",",0,13,+","3089.1","0","684.2",",0","15.1",",,,0","138",",,,0","-6.10",",0","-1.36",",,,0","-10.84",",,,0"
"USC00132977","1974-03","43.2844","-93.6305","390.1","FOREST CITY 2 NNE, IA US","0.0","0","0.0",",0","7",",0","4",",0","0",",0","3",",0","2",",0","2",",0","26",",0","6",",0","0",",0","0",",0","","","19740324",",,0","19740301",",,0","19740322","+,,0","","","19740311",",,0","19740306",",,0","-19.4",",0,24,","51",",,0,01,","25",",,0,22,+","17.3",",,0,11,","18.3",",0,06,","3641.7","0","552.6",",0","37.1",",,,0","50",",,,0","0.51",",0","5.03",",,,0","-4.02",",,,0"
"USC00132977","1974-04","43.2844","-93.6305","390.1","FOREST CITY 2 NNE, IA US","2.0","0","2.0",",0","9",",0","5",",0","1",",0","0",",0","0",",0","0",",0","9",",0","0",",0","7",",0","0",",0","","","19740408",",,0","19740430","+,,0","19740430","+,,0","","","19740403",",,0","19740428",",,0","-5.6",",0,08,","0",",,0,30,+","0",",,0,30,+","27.4",",,0,03,","27.2",",0,28,","3914.2","0","272.5",",0","69.6",",,,0","0",",,,0","9.32",",0","15.67",",,,0","2.96",",,,0"
"USC00132977","1974-05","43.2844","-93.6305","390.1","FOREST CITY 2 NNE, IA US","14.2","0","12.2",",0","9",",0","8",",0","1",",0","0",",0","0",",0","0",",0","2",",0","0",",0","13",",0","0",",0","","","19740506",",,0","19740531","+,,0","19740531","+,,0","","","19740507",",,0","19740520",",,0","-1.7",",0,06,","0",",,0,31,+","0",",,0,31,+","35.3",",,0,07,","28.9",",0,20,","4079.2","0","165.0",",0","119.6",",,,0","0",",,,0","13.40",",0","19.18",",,,0","7.63",",,,0"
"USC00132977","1974-06","43.2844","-93.6305","390.1","FOREST CITY 2 NNE, IA US","69.2","0","55.0","2,0","5",",0","4",",0","3",",0","0",",0","0",",0","0","2,0","0","2,0","0","2,0","25","2,0","1","2,0","","","19740617",",2,0","19740630","+,,0","19740630","+,,0","","","19740622",",,0","19740620",",2,0","6.7","2,0,17,","0",",,0,30,+","0",",,0,30,+","45.7",",,0,22,","33.9","2,0,20,","4103.3","0","24.1","2,0","108.5",",,,0","0",",,,0","19.44","2,0","26.22","2,,,0","12.66","2,,,0"
"USC00132977","1974-07","43.2844","-93.6305","390.1","FOREST CITY 2 NNE, IA US","271.2","0","202.0",",0","5",",0","1",",0","0",",0","0",",0","0",",0","0",",0","0",",0","0",",0","31",",0","15",",0","","","19740730",",,0","19740731","+,,0","19740731","+,,0","","","19740710",",,0","19740708",",,0","11.1",",0,30,","0",",,0,31,+","0",",,0,31,+","15.2",",,0,10,","35.6",",0,08,","0.0","0","0.0",",0","21.6",",,,0","0",",,,0","24.85",",0","31.20",",,,0","18.50",",,,0"
"USC00132977","1974-08","43.2844","-93.6305","390.1","FOREST CITY 2 NNE, IA US","335.8","0","64.6",",0","10",",0","8",",0","1",",0","0",",0","0",",0","0",",0","0",",0","0",",0","29",",0","0",",0","","","19740831",",,0","19740831","+,,0","19740831","+,,0","","","19740810",",,0","19740820",",,0","6.1",",0,31,","0",",,0,31,+","0",",,0,31,+","40.4",",,0,10,","31.1",",0,20,","20.6","0","20.6",",0","99.2",",,,0","0",",,,0","19.75",",0","25.39",",,,0","14.12",",,,0"
"USC00132977","1974-09","43.2844","-93.6305","390.1","FOREST CITY 2 NNE, IA US","350.6","0","14.8",",0","5",",0","2",",0","0",",0","0",",0","0",",0","0",",0","3",",0","0",",0","17",",0","0",",0","","","19740922",",,0","19740930","+,,0","19740930","+,,0","","","19740912",",,0","19740926",",,0","-3.3",",0,22,","0",",,0,30,+","0",",,0,30,+","12.7",",,0,12,","30.0",",0,26,","146.8","0","126.2",",0","18.3",",,,0","0",",,,0","14.62",",0","21.89",",,,0","7.34",",,,0"
"USC00132977","1974-10","43.2844","-93.6305","390.1","FOREST CITY 2 NNE, IA US","350.6","0","0.0",",0","6",",0","5",",0","1",",0","0",",0","0",",0","0",",0","7",",0","0",",0","7",",0","0",",0","","","19741007",",,0","19741031","+,,0","19741031","+,,0","","","19741031",",,0","19741010",",,0","-5.6",",0,07,","0",",,0,31,+","0",",,0,31,+","26.2",",,0,31,","26.1",",0,10,","376.4","0","229.6",",0","61.0",",,,0","0",",,,0","10.93",",0","17.61",",,,0","4.24",",,,0"
"USC00132977","1974-11","43.2844","-93.6305","390.1","FOREST CITY 2 NNE, IA US","350.6","0","0.0",",0","6",",0","5",",0","0",",0","2",",0","2",",0","0",",0","23",",0","7",",0","0",",0","0",",0","","","19741125",",,0","19741130",",,0","19741130",",,0","","","19741109",",,0","19741101",",,0","-11.1",",0,25,","102",",,0,30,","76",",,0,30,","7.4",",,0,09,","16.7",",0,01,","879.9","0","503.5",",0","24.9",",,,0","101",",,,0","1.55",",0","5.77",",,,0","-2.67",",,,0"
"USC00132977","1974-12","43.2844","-93.6305","390.1","FOREST CITY 2 NNE, IA US","350.6","0","0.0","1,0","5",",0","1",",0","0",",0","29",",0","3",",0","1",",0","31",",0","21","1,0","0","1,0","0","1,0","","","19741225",",,0","19741227",",,0","19741215",",,0","","","19741215",",,0","19741210",",1,0","-17.8",",0,25,","203",",,0,27,","127",",,0,15,","15.2",",,0,15,","6.7","1,0,10,","1584.1","0","704.2","1,0","21.6",",,,0","241",",,,0","-5.01","1,0","-1.17","1,,,0","-8.85",",,,0"
"USC00132977","1975-01","43.2844","-93.6305","390.1","FOREST CITY 2 NNE, IA US","0.0","0","0.0",",0","11",",0","6",",0","0",",0","28","3,0","7",",0","10",",0","31",",0","25",",0","0",",0","0",",0","","","19750122",",,0","19750129",",3,0","19750102",",,0","","","19750110",",,0","19750124",",,0","-26.7",",0,22,","381","3,,0,29,","130",",,0,02,","19.1",",,0,10,","2.2",",0,24,","2424.7","0","840.6",",0","56.5",",,,0","451",",,,0","-8.78",",0","-3.65",",,,0","-13.91",",,,0"
"USC00132977","1975-02","43.2844","-93.6305","390.1","FOREST CITY 2 NNE, IA US","0.0","0","0.0",",0","2",",0","1",",0","0",",0","28",",0","2",",0","7",",0","28",",0","21",",0","0",",0","0",",0","","","19750209",",,0","19750219","+,,0","19750204",",,0","","","19750204",",,0","19750221",",,0","-29.4",",0,09,","457",",,0,19,+","127",",,0,04,","11.4",",,0,04,","4.4",",0,21,","3155.3","0","730.6",",0","13.4",",,,0","152",",,,0","-7.76",",0","-3.18",",,,0","-12.34",",,,0"
"USC00132977","1975-03","43.2844","-93.6305","390.1","FOREST CITY 2 NNE, IA US","0.0","0","0.0",",0","7",",0","6",",0","0",",0","26",",0","6",",0","3",",0","28",",0","18",",0","0",",0","0",",0","","","19750313",",,0","19750307",",,0","19750307",",,0","","","19750327",",,0","19750319",",,0","-21.7",",0,13,","533",",,0,07,","140",",,0,07,","23.1",",,0,27,","12.8",",0,19,","3843.4","0","688.1",",0","46.5",",,,0","407",",,,0","-3.86",",0","0.69",",,,0","-8.42",",,,0"
"USC00132977","1975-04","43.2844","-93.6305","390.1","FOREST CITY 2 NNE, IA US","0.0","0","0.0",",0","14",",0","12",",0","1",",0","6",",0","3",",0","0",",0","15",",0","3",",0","0",",0","0",",0","","","19750403",",,0","19750403","+,,0","19750409",",,0","","","19750428",",,0","19750428",",,0","-12.8",",0,03,","76",",,0,03,+","64",",,0,09,","63.8",",,0,28,","19.4",",0,28,","4252.6","0","409.2",",0","142.1",",,,0","127",",,,0","4.69",",0","8.85",",,,0","0.53",",,,0"
"USC00132977","1975-05","43.2844","-93.6305","390.1","FOREST CITY 2 NNE, IA US","43.6","0","43.6",",0","7",",0","5",",0","0",",0","0",",0","0",",0","0",",0","0",",0","0",",0","19",",0","2",",0","","","19750531","+,,0","19750531","+,,0","19750531","+,,0","","","19750511",",,0","19750520","+,,0","5.6",",0,31,+","0",",,0,31,+","0",",,0,31,+","24.9",",,0,11,","32.8",",0,20,+","4335.4","0","82.8",",0","95.3",",,,0","0",",,,0","17.07",",0","23.42",",,,0","10.72",",,,0"
"USC00132977","1975-06","43.2844","-93.6305","390.1","FOREST CITY 2 NNE, IA US","132.5","0","88.9",",0","14",",0","10",",0","3",",0","0",",0","0",",0","0",",0","0",",0","0",",0","26",",0","2",",0","","","19750601",",,0","19750630","+,,0","19750630","+,,0","","","19750604",",,0","19750629","+,,0","7.2",",0,01,","0",",,0,30,+","0",",,0,30,+","29.2",",,0,04,","32.8",",0,29,+","4361.5","0","26.1",",0","154.4",",,,0","0",",,,0","20.43",",0","25.99",",,,0","14.87",",,,0"
"USC00132977","1975-07","43.2844","-93.6305","390.1","FOREST CITY 2 NNE, IA US","303.5","0","171.0",",0","2",",0","1",",0","1",",0","0",",0","0",",0","0",",0","0",",0","0",",0","30",",0","12",",0","","","19750712",",,0","19750731","+,,0","19750731","+,,0","","","19750705",",,0","19750703",",,0","8.9",",0,12,","0",",,0,31,+","0",",,0,31,+","25.9",",,0,05,","33.9",",0,03,","7.2","0","7.2",",0","27.2",",,,0","0",",,,0","23.62",",0","30.14",",,,0","17.09",",,,0"
"USC00132977","1975-08","43.2844","-93.6305","390.1","FOREST CITY 2 NNE, IA US","437.4","0","133.9",",0","11",",0","6",",0","2",",0","0",",0","0",",0","0",",0","0",",0","0",",0","31",",0","3",",0","","","19750807",",,0","19750831","+,,0","19750831","+,,0","","","19750822",",,0","19750821",",,0","10.6",",0,07,","0",",,0,31,+","0",",,0,31,+","61.7",",,0,22,","32.8",",0,21,","8.3","0","1.1",",0","148.1",",,,0","0",",,,0","22.62",",0","28.53",",,,0","16.71",",,,0"
"USC00132977","1975-09","43.2844","-93.6305","390.1","FOREST CITY 2 NNE, IA US","456.8","0","19.4",",0","5",",0","4",",0","0",",0","0",",0","0",",0","0",",0","1",",0","0",",0","14",",0","0",",0","","","19750924",",,0","19750930","+,,0","19750930","+,,0","","","19750928",",,0","19750902",",,0","0.0",",0,24,","0",",,0,30,+","0",",,0,30,+","12.2",",,0,28,","31.1",",0,02,","131.9","0","123.6",",0","33.0",",,,0","0",",,,0","14.86",",0","21.15",",,,0","8.57",",,,0"
"USC00132977","1975-10","43.2844","-93.6305","390.1","FOREST CITY 2 NNE, IA US","468.8","0","12.0",",0","2",",0","2",",0","0",",0","0",",0","0",",0","0",",0","6",",0","0",",0","14",",0","0",",0","","","19751029",",,0","19751031","+,,0","19751031","+,,0","","","19751009",",,0","19751013","+,,0","-5.0",",0,29,","0",",,0,31,+","0",",,0,31,+","10.9",",,0,09,","31.1",",0,13,+","312.4","0","180.5",",0","15.7",",,,0","0",",,,0","12.90",",0","20.58",",,,0","5.21",",,,0"
"USC00132977","1975-11","43.2844","-93.6305","390.1","FOREST CITY 2 NNE, IA US","468.8","0","0.0",",0","9",",0","9",",0","1",",0","11",",0","4","1,0","0",",0","16",",0","9",",0","2",",0","0",",0","","","19751130",",,0","19751130","+,,0","19751124","+,1,0","","","19751109",",,0","19751104",",,0","-12.8",",0,30,","76",",,0,30,+","25","1,,0,24,+","37.1",",,0,09,","22.8",",0,04,","760.1","0","447.7",",0","98.6",",,,0","100","1,,,0","3.41",",0","8.71",",,,0","-1.89",",,,0"
"USC00132977","1975-12","43.2844","-93.6305","390.1","FOREST CITY 2 NNE, IA US","468.8","0","0.0",",0","3",",0","1",",0","1",",0","4",",0","0",",0","3",",0","31",",0","21",",0","0",",0","0",",0","","","19751218","+,,0","19751203","+,,0","19751220",",,0","","","19751214",",,0","19751205",",,0","-21.7",",0,18,+","76",",,0,03,+","13",",,0,20,","26.2",",,0,14,","11.1",",0,05,","1477.4","0","717.3",",0","28.8",",,,0","13",",,,0","-4.81",",0","-0.95",",,,0","-8.66",",,,0"
"USC00132977","1976-01","43.2844","-93.6305","390.1","FOREST CITY 2 NNE, IA US","0.0","0","0.0",",0","2",",0","2",",0","0",",0","20",",0","2",",0","8",",0","31",",0","20",",0","0",",0","0",",0","","","19760107",",,0","19760111","+,,0","19760106",",,0","","","19760106",",,0","19760128",",,0","-27.2",",0,07,","51",",,0,11,+","51",",,0,06,","5.3",",,0,06,","6.1",",0,28,","2301.7","0","824.3",",0","9.1",",,,0","81",",,,0","-8.26",",0","-2.38",",,,0","-14.14",",,,0"
"USC00132977","1976-02","43.2844","-93.6305","390.1","FOREST CITY 2 NNE, IA US","0.0","0","0.0",",0","2",",0","1",",0","0",",0","4",",0","2",",0","3",",0","25",",0","6",",0","0",",0","0",",0","","","19760206","+,,0","19760222","+,,0","19760221","+,,0","","","19760215",",,0","19760212",",,0","-20.0",",0,06,+","25",",,0,22,+","25",",,0,21,+","16.8",",,0,15,","16.7",",0,12,","2850.6","0","548.9",",0","18.6",",,,0","50",",,,0","-0.59",",0","5.38",",,,0","-6.57",",,,0"
"USC00132977","1976-03","43.2844","-93.6305","390.1","FOREST CITY 2 NNE, IA US","0.0","0","0.0",",0","7",",0","6",",0","2",",0","8",",0","2",",0","1",",0","23",",0","8",",0","0",",0","0",",0","","","19760306",",,0","19760309","+,,0","19760304",",,0","","","19760330",",,0","19760325","+,,0","-18.3",",0,06,","127",",,0,09,+","102",",,0,04,","33.0",",,0,30,","20.6",",0,25,+","3375.3","0","524.7",",0","97.0",",,,0","127",",,,0","1.41",",0","6.55",",,,0","-3.74",",,,0"
"USC00132977","1976-04","43.2844","-93.6305","390.1","FOREST CITY 2 NNE, IA US","6.4","0","6.4",",0","8",",0","7",",0","1",",0","0",",0","0",",0","0",",0","8",",0","0",",0","6",",0","0",",0","","","19760412","+,,0","19760430","+,,0","19760430","+,,0","","","19760418",",,0","19760413",",,0","-2.8",",0,12,+","0",",,0,30,+","0",",,0,30,+","34.0",",,0,18,","28.3",",0,13,","3601.7","0","226.4",",0","98.7",",,,0","0",",,,0","11.00",",0","17.78",",,,0","4.22",",,,0"
"USC00132977","1976-05","43.2844","-93.6305","390.1","FOREST CITY 2 NNE, IA US","12.9","0","6.5",",0","8",",0","7",",0","1",",0","0",",0","0",",0","0",",0","3",",0","0",",0","19",",0","0",",0","","","19760503",",,0","19760531","+,,0","19760531","+,,0","","","19760516",",,0","19760520","+,,0","-1.7",",0,03,","0",",,0,31,+","0",",,0,31,+","33.0",",,0,16,","28.9",",0,20,+","3727.0","0","125.3",",0","83.4",",,,0","0",",,,0","14.50",",0","21.29",",,,0","7.70",",,,0"
"USC00132977","1976-06","43.2844","-93.6305","390.1","FOREST CITY 2 NNE, IA US","98.4","0","85.5",",0","7",",0","7",",0","0",",0","0",",0","0",",0","0",",0","0",",0","0",",0","30",",0","2",",0","","","19760616",",,0","19760630","+,,0","19760630","+,,0","","","19760610",",,0","19760613",",,0","6.7",",0,16,","0",",,0,30,+","0",",,0,30,+","15.2",",,0,10,","33.3",",0,13,","3735.1","0","8.1",",0","64.7",",,,0","0",",,,0","20.91",",0","27.77",",,,0","14.05",",,,0"
"USC00132977","1976-07","43.2844","-93.6305","390.1","FOREST CITY 2 NNE, IA US","261.8","0","163.4",",0","6",",0","5",",0","0",",0","0",",0","0",",0","0",",0","0",",0","0",",0","31",",0","7",",0","","","19760716",",,0","19760731","+,,0","19760731","+,,0","","","19760728",",,0","19760709",",,0","9.4",",0,16,","0",",,0,31,+","0",",,0,31,+","22.4",",,0,28,","36.7",",0,09,","0.8","0","0.8",",0","61.2",",,,0","0",",,,0","23.58",",0","30.14",",,,0","17.01",",,,0"
"USC00132977","1976-08","43.2844","-93.6305","390.1","FOREST CITY 2 NNE, IA US","377.7","0","115.9",",0","3",",0","3",",0","0",",0","0",",0","0",",0","0",",0","0",",0","0",",0","31",",0","8",",0","","","19760829",",,0","19760831","+,,0","19760831","+,,0","","","19760826",",,0","19760822",",,0","8.3",",0,29,","0",",,0,31,+","0",",,0,31,+","10.7",",,0,26,","33.9",",0,22,","6.1","0","5.3",",0","29.3",",,,0","0",",,,0","21.90",",0","28.85",",,,0","14.95",",,,0"
"USC00132977","1976-09","43.2844","-93.6305","390.1","FOREST CITY 2 NNE, IA US","408.0","0","30.3",",0","6",",0","3",",0","0",",0","0",",0","0",",0","0",",0","0",",0","0",",0","23",",0","2",",0","","","19760928","+,,0","19760930","+,,0","19760930","+,,0","","","19760919",",,0","19760907",",,0","1.7",",0,28,+","0",",,0,30,+","0",",,0,30,+","10.2",",,0,19,","33.9",",0,07,","93.9","0","87.8",",0","24.7",",,,0","0",",,,0","16.41",",0","24.52",",,,0","8.31",",,,0"
"USC00132977","1976-10","43.2844","-93.6305","390.1","FOREST CITY 2 NNE, IA US","414.6","0","6.6",",0","4",",0","3",",0","0",",0","1",",0","1",",0","0",",0","18",",0","0",",0","9",",0","0",",0","","","19761022",",,0","19761024",",,0","19761024",",,0","","","19761024",",,0","19761001",",,0","-9.4",",0,22,","25",",,0,24,","51",",,0,24,","20.1",",,0,24,","31.1",",0,01,","442.2","0","348.3",",0","39.0",",,,0","51",",,,0","7.31",",0","13.74",",,,0","0.88",",,,0"
"USC00132977","1976-11","43.2844","-93.6305","390.1","FOREST CITY 2 NNE, IA US","414.6","0","0.0",",0","0",",0","0",",0","0",",0","0",",0","0",",0","4",",0","27",",0","10",",0","0",",0","0",",0","","","19761130",",,0","19761130","+,,0","19761120",",,0","","","19761126","+,,0","19761118",",,0","-21.7",",0,30,","0",",,0,30,+","0",",T,0,20,","0.0",",T,0,26,+","16.1",",0,18,","1051.0","0","608.8",",0","0.0",",T,,0","0",",T,,0","-1.96",",0","3.99",",,,0","-7.91",",,,0"
"USC00132977","1976-12","43.2844","-93.6305","390.1","FOREST CITY 2 NNE, IA US","414.6","0","0.0",",0","6",",0","3",",0","0",",0","29",",0","3",",0","14",",0","31",",0","22",",0","0",",0","0",",0","","","19761231",",,0","19761208","+,,0","19761203",",,0","","","19761205",",,0","19761218",",,0","-29.4",",0,31,","127",",,0,08,+","76",",,0,03,","3.8",",,0,05,","11.1",",0,18,","1912.4","0","861.4",",0","13.5",",,,0","165",",,,0","-9.45",",0","-3.06",",,,0","-15.85",",,,0"
"USC00132977","1977-01","43.2844","-93.6305","390.1","FOREST CITY 2 NNE, IA US","0.0","0","0.0",",0","8",",0","4",",0","0",",0","31",",0","6",",0","25",",0","31",",0","30",",0","0",",0","0",",0","","","19770116",",,0","19770131","+,,0","19770119",",,0","","","19770126",",,0","19770123",",,0","-32.2",",0,16,","178",",,0,31,+","64",",,0,19,","6.1",",,0,26,","2.8",",0,23,","2969.5","0","1057.1",",0","19.3",",,,0","228",",,,0","-15.77",",0","-9.89",",,,0","-21.65",",,,0"
"USC00132977","1977-02","43.2844","-93.6305","390.1","FOREST CITY 2 NNE, IA US","0.0","0","0.0","1,0","3",",0","2",",0","0",",0","9",",0","1",",0","4",",0","27",",0","9","1,0","0","1,0","0","1,0","","","19770207","+,,0","19770201",",,0","19770204",",,0","","","19770223",",,0","19770211",",1,0","-22.8",",0,07,+","178",",,0,01,","38",",,0,04,","12.7",",,0,23,","15.0","1,0,11,","3549.0","0","579.5","1,0","18.6",",,,0","38",",,,0","-3.28","1,0","3.29","1,,,0","-9.84",",,,0"
"USC00132977","1977-03","43.2844","-93.6305","390.1","FOREST CITY 2 NNE, IA US","0.0","0","0.0",",0","12",",0","7",",0","0",",0","4",",0","1",",0","0",",0","17",",0","0",",0","0",",0","0",",0","","","19770301",",,0","19770304","+,,0","19770303",",,0","","","19770303",",,0","19770325",",,0","-13.9",",0,01,","51",",,0,04,+","127",",,0,03,","17.0",",,0,03,","18.9",",0,25,","3979.3","0","430.3",",0","71.9",",,,0","127",",,,0","4.45",",0","9.68",",,,0","-0.77",",,,0"
"USC00132977","1977-04","43.2844","-93.6305","390.1","FOREST CITY 2 NNE, IA US","10.3","0","10.3",",0","11",",0","8",",0","1",",0","0",",0","1",",0","0",",0","8",",0","0",",0","17",",0","0",",0","","","19770406",",,0","19770430","+,,0","19770404",",,0","","","19770402",",,0","19770427","+,,0","-8.3",",0,06,","0",",,0,30,+","25",",,0,04,","32.5",",,0,02,","30.0",",0,27,+","4160.9","0","181.6",",0","92.2",",,,0","51",",,,0","12.63",",0","19.50",",,,0","5.75",",,,0"
"USC00132977","1977-05","43.2844","-93.6305","390.1","FOREST CITY 2 NNE, IA US","83.3","0","73.0",",0","10",",0","7",",0","0",",0","0",",0","0",",0","0",",0","0",",0","0",",0","30",",0","1",",0","","","19770509",",,0","19770531","+,,0","19770531","+,,0","","","19770505",",,0","19770518",",,0","4.4",",0,09,","0",",,0,31,+","0",",,0,31,+","19.1",",,0,05,","32.2",",0,18,","4186.1","0","25.2",",0","54.2",",,,0","0",",,,0","19.88",",0","26.92",",,,0","12.83",",,,0"
"USC00132977","1977-06","43.2844","-93.6305","390.1","FOREST CITY 2 NNE, IA US","186.8","0","103.5",",0","7",",0","6",",0","1",",0","0",",0","0",",0","0",",0","0",",0","0",",0","30",",0","7",",0","","","19770609",",,0","19770630","+,,0","19770630","+,,0","","","19770630",",,0","19770627","+,,0","7.8",",0,09,","0",",,0,30,+","0",",,0,30,+","43.4",",,0,30,","35.0",",0,27,+","4190.8","0","4.7",",0","87.8",",,,0","0",",,,0","21.63",",0","28.73",",,,0","14.53",",,,0"
"USC00132977","1977-07","43.2844","-93.6305","390.1","FOREST CITY 2 NNE, IA US","367.7","0","180.9",",0","6",",0","6",",0","0",",0","0",",0","0",",0","0",",0","0",",0","0",",0","31",",0","11",",0","","","19770701",",,0","19770731","+,,0","19770731","+,,0","","","19770717",",,0","19770705",",,0","12.2",",0,01,","0",",,0,31,+","0",",,0,31,+","24.4",",,0,17,","36.7",",0,05,","0.0","0","0.0",",0","68.4",",,,0","0",",,,0","24.17",",0","30.54",",,,0","17.80",",,,0"
"USC00132977","1977-08","43.2844","-93.6305","390.1","FOREST CITY 2 NNE, IA US","433.4","0","65.7",",0","17",",0","8",",0","2",",0","0",",0","0",",0","0",",0","0",",0","0",",0","29",",0","0",",0","","","19770818",",,0","19770831","+,,0","19770831","+,,0","","","19770815",",,0","19770827","+,,0","6.7",",0,18,","0",",,0,31,+","0",",,0,31,+","40.6",",,0,15,","31.1",",0,27,+","15.0","0","15.0",",0","130.6",",,,0","0",",,,0","19.97",",0","26.01",",,,0","13.93",",,,0"
"USC00132977","1977-09","43.2844","-93.6305","390.1","FOREST CITY 2 NNE, IA US","455.8","0","22.4",",0","11",",0","7",",0","0",",0","0",",0","0",",0","0",",0","0",",0","0",",0","22",",0","0",",0","","","19770928",",,0","19770930","+,,0","19770930","+,,0","","","19770923",",,0","19770906",",,0","5.0",",0,28,","0",",,0,30,+","0",",,0,30,+","21.1",",,0,23,","31.1",",0,06,","64.5","0","49.5",",0","72.0",",,,0","0",",,,0","17.43",",0","23.24",",,,0","11.62",",,,0"
"USC00132977","1977-10","43.2844","-93.6305","390.1","FOREST CITY 2 NNE, IA US","455.8","0","0.0","1,0","6",",0","6",",0","0",",0","0",",0","0",",0","0",",0","6",",0","0","1,0","2","1,0","0","1,0","","","19771016",",,0","19771031","+,,0","19771031","+,,0","","","19771007",",,0","19771020",",1,0","-3.9",",0,16,","0",",,0,31,+","0",",,0,31,+","24.9",",,0,07,","21.7","1,0,20,","339.8","0","275.3","1,0","71.8",",,,0","0",",,,0","9.18","1,0","15.15","1,,,0","3.20",",,,0"
"USC00132977","1977-11","43.2844","-93.6305","390.1","FOREST CITY 2 NNE, IA US","455.8","0","0.0",",0","8",",0","6",",0","0",",0","4","4,0","3",",0","3",",0","21",",0","7",",0","0",",0","0",",0","","","19771126",",,0","19771127",",4,0","19771125",",,0","","","19771125",",,0","19771105","+,,0","-25.0",",0,26,","203","4,,0,27,","114",",,0,25,","12.7",",,0,25,","15.6",",0,05,+","870.7","0","530.9",",0","36.5",",,,0","254",",,,0","0.64",",0","5.49",",,,0","-4.22",",,,0"
"USC00132977","1977-12","43.2844","-93.6305","390.1","FOREST CITY 2 NNE, IA US","455.8","0","0.0","1,0","7",",0","3",",0","0",",0","27",",0","2",",0","10",",0","29",",0","23","1,0","0","1,0","0","1,0","","","19771210",",,0","19771211","+,,0","19771231",",,0","","","19771231",",,0","19771217",",1,0","-26.1",",0,10,","152",",,0,11,+","76",",,0,31,","7.6",",,0,31,","6.1","1,0,17,","1670.6","0","799.9","1,0","20.2",",,,0","179",",,,0","-8.50","1,0","-4.65","1,,,0","-12.34",",,,0"
"USC00132977","1978-01","43.2844","-93.6305","390.1","FOREST CITY 2 NNE, IA US","0.0","0","0.0",",0","4",",0","3",",0","0",",0","31",",0","4",",0","21",",0","31",",0","31",",0","0",",0","0",",0","","","19780110",",,0","19780131","+,,0","19780125",",,0","","","19780125",",,0","19780106",",,0","-27.8",",0,10,","254",",,0,31,+","76",",,0,25,","6.4",",,0,25,","0.0",",0,06,","2681.3","0","1010.7",",0","16.0",",,,0","190",",,,0","-14.27",",0","-8.90",",,,0","-19.64",",,,0"
"USC00132977","1978-02","43.2844","-93.6305","390.1","FOREST CITY 2 NNE, IA US","0.0","0","0.0",",0","4",",0","4",",0","0",",0","28",",0","4",",0","14",",0","28",",0","26",",0","0",",0","0",",0","","","19780202",",,0","19780222",",,0","19780201",",,0","","","19780201",",,0","19780224",",,0","-27.8",",0,02,","406",",,0,22,","102",",,0,01,","8.9",",,0,01,","3.3",",0,24,","3508.1","0","826.8",",0","23.8",",,,0","229",",,,0","-11.20",",0","-6.18",",,,0","-16.21",",,,0"
"USC00132977","1978-03","43.2844","-93.6305","390.1","FOREST CITY 2 NNE, IA US","0.3","0","0.3",",0","2",",0","2",",0","0",",0","19",",0","2",",0","4",",0","28",",0","9",",0","3",",0","0",",0","","","19780304",",,0","19780304","+,,0","19780302",",,0","","","19780302",",,0","19780331",",,0","-22.2",",0,04,","406",",,0,04,+","102",",,0,02,","8.9",",,0,02,","27.2",",0,31,","4090.0","0","581.9",",0","11.4",",,,0","127",",,,0","-0.43",",0","5.00",",,,0","-5.86",",,,0"
"USC00132977","1978-04","43.2844","-93.6305","390.1","FOREST CITY 2 NNE, IA US","0.3","0","0.0",",0","10",",0","8",",0","0",",0","0",",0","0",",0","0",",0","5",",0","0",",0","1",",0","0",",0","","","19780421",",,0","19780430","+,,0","19780430","+,,0","","","19780418",",,0","19780427",",,0","-3.3",",0,21,","0",",,0,30,+","0",",,0,30,+","19.8",",,0,18,","21.1",",0,27,","4407.5","0","317.5",",0","71.4",",,,0","0",",,,0","7.75",",0","12.77",",,,0","2.72",",,,0"
"USC00132977","1978-05","43.2844","-93.6305","390.1","FOREST CITY 2 NNE, IA US","38.9","0","38.6",",0","6",",0","6",",0","1",",0","0",",0","0",",0","0",",0","1",",0","0",",0","20",",0","1",",0","","","19780501",",,0","19780531","+,,0","19780531","+,,0","","","19780528",",,0","19780525",",,0","0.0",",0,01,","0",",,0,31,+","0",",,0,31,+","28.4",",,0,28,","33.9",",0,25,","4515.7","0","108.2",",0","72.3",",,,0","0",",,,0","16.09",",0","22.48",",,,0","9.70",",,,0"
"USC00132977","1978-06","43.2844","-93.6305","390.1","FOREST CITY 2 NNE, IA US","122.0","0","83.1",",0","11",",0","7",",0","1",",0","0",",0","0",",0","0",",0","0",",0","0",",0","29",",0","3",",0","","","19780608",",,0","19780630","+,,0","19780630","+,,0","","","19780615",",,0","19780630","+,,0","3.9",",0,08,","0",",,0,30,+","0",",,0,30,+","122.7",",,0,15,","33.9",",0,30,+","4532.4","0","16.7",",0","197.7",",,,0","0",",,,0","20.55",",0","27.10",",,,0","14.00",",,,0"
"USC00132977","1978-07","43.2844","-93.6305","390.1","FOREST CITY 2 NNE, IA US","233.0","0","111.0",",0","13",",0","8",",0","3",",0","0",",0","0",",0","0",",0","0",",0","0",",0","31",",0","3",",0","","","19780723","+,,0","19780731","+,,0","19780731","+,,0","","","19780706",",,0","19780705",",,0","10.0",",0,23,+","0",",,0,31,+","0",",,0,31,+","47.0",",,0,06,","33.9",",0,05,","1.7","0","1.7",",0","165.8",",,,0","0",",,,0","21.86",",0","27.66",",,,0","16.06",",,,0"
"USC00132977","1978-08","43.2844","-93.6305","390.1","FOREST CITY 2 NNE, IA US","346.1","0","113.1",",0","4",",0","4",",0","0",",0","0",",0","0",",0","0",",0","0",",0","0",",0","31",",0","3",",0","","","19780804",",,0","19780831","+,,0","19780831","+,,0","","","19780826",",,0","19780814",",,0","7.2",",0,04,","0",",,0,31,+","0",",,0,31,+","17.0",",,0,26,","33.3",",0,14,","9.4","0","7.7",",0","44.7",",,,0","0",",,,0","21.73",",0","28.15",",,,0","15.32",",,,0"
"USC00132977","1978-09","43.2844","-93.6305","390.1","FOREST CITY 2 NNE, IA US","422.3","0","76.2",",0","6",",0","5",",0","2",",0","0",",0","0",",0","0",",0","0",",0","0",",0","26",",0","6",",0","","","19780928",",,0","19780930","+,,0","19780930","+,,0","","","19780913",",,0","19780907",",,0","3.9",",0,28,","0",",,0,30,+","0",",,0,30,+","48.8",",,0,13,","35.6",",0,07,","50.9","0","41.5",",0","108.5",",,,0","0",",,,0","19.49",",0","26.32",",,,0","12.66",",,,0"
"USC00132977","1978-10","43.2844","-93.6305","390.1","FOREST CITY 2 NNE, IA US","424.0","0","1.7",",0","6",",0","3",",0","0",",0","0",",0","0",",0","0",",0","8",",0","0",",0","5",",0","0",",0","","","19781023",",,0","19781031","+,,0","19781031","+,,0","","","19781022",",,0","19781020",",,0","-2.8",",0,23,","0",",,0,31,+","0",",,0,31,+","10.2",",,0,22,","26.7",",0,20,","321.1","0","270.2",",0","30.7",",,,0","0",",,,0","9.67",",0","15.84",",,,0","3.50",",,,0"
"USC00132977","1978-11","43.2844","-93.6305","390.1","FOREST CITY 2 NNE, IA US","424.0","0","0.0",",0","4","2,0","3","2,0","1","2,0","15",",0","4",",0","2",",0","23",",0","13",",0","2",",0","0",",0","","","19781128",",,0","19781123","+,,0","19781117",",,0","","","19781117",",2,0","19781103",",,0","-21.7",",0,28,","203",",,0,23,+","178",",,0,17,","26.7","2,,0,17,","23.3",",0,03,","879.4","0","558.3",",0","53.1",",a,,0","333",",,,0","-0.28",",0","4.67",",,,0","-5.22",",,,0"
"USC00132977","1978-12","43.2844","-93.6305","390.1","FOREST CITY 2 NNE, IA US","424.0","0","0.0",",0","7",",0","4",",0","0",",0","31",",0","7",",0","12",",0","31",",0","26",",0","0",",0","0",",0","","","19781210",",,0","19781226","+,,0","19781203",",,0","","","19781220","+,,0","19781215",",,0","-25.0",",0,10,","356",",,0,26,+","127",",,0,03,","6.4",",,0,20,+","3.3",",0,15,","1754.2","0","874.8",",0","23.0",",,,0","388",",,,0","-9.89",",0","-4.91",",,,0","-14.86",",,,0"
"USC00132977","1979-01","43.2844","-93.6305","390.1","FOREST CITY 2 NNE, IA US","0.0","0","0.0","1,0","7",",0","5",",0","0",",0","31",",0","5",",0","24","1,0","30","1,0","31",",0","0",",0","0",",0","","","19790105",",1,0","19790119",",,0","19790119",",,0","","","19790119",",,0","19790123",",,0","-30.6","1,0,05,","635",",,0,19,","127",",,0,19,","15.7",",,0,19,","-3.3",",0,23,","2822.8","0","1068.6",",0","39.4",",,,0","463",",,,0","-17.15","1,0","-12.42",",,,0","-21.89","1,,,0"
"USC00132977","1979-02","43.2844","-93.6305","390.1","FOREST CITY 2 NNE, IA US","0.0","0","0.0","1,0","6",",0","3",",0","0",",0","28",",0","2",",0","13","1,0","27","1,0","21",",0","0",",0","0",",0","","","19790205",",1,0","19790218","+,,0","19790212","+,,0","","","19790222",",,0","19790227",",,0","-31.1","1,0,05,","559",",,0,18,+","25",",,0,12,+","3.8",",,0,22,","3.9",",0,27,","3661.0","0","838.2",",0","12.5",",,,0","76",",,,0","-12.67","1,0","-7.26",",,,0","-18.08","1,,,0"
"USC00132977","1979-03","43.2844","-93.6305","390.1","FOREST CITY 2 NNE, IA US","0.0","0","0.0",",0","7",",0","6",",0","1",",0","29",",0","3",",0","3",",0","25",",0","10",",0","0",",0","0",",0","","","19790315","+,,0","19790304",",,0","19790323","+,,0","","","19790323",",,0","19790329",",,0","-19.4",",0,15,+","635",",,0,04,","127",",,0,23,+","31.8",",,0,23,","9.4",",0,29,","4303.4","0","642.4",",0","91.5",",,,0","292",",,,0","-2.39",",0","1.85",",,,0","-6.63",",,,0"
"USC00132977","1979-04","43.2844","-93.6305","390.1","FOREST CITY 2 NNE, IA US","0.0","0","0.0",",0","7","4,0","6","4,0","0","4,0","","","","","0",",0","14",",0","1",",0","2",",0","0",",0","","","19790406",",,0","","","","","","","19790419",",4,0","19790423",",,0","-12.2",",0,06,","","","","","23.4","4,,0,19,","22.2",",0,23,","4687.9","0","384.5",",0","72.7","4,,,0","","","5.52",",0","10.23",",,,0","0.80",",,,0"
"USC00132977","1979-05","43.2844","-93.6305","390.1","FOREST CITY 2 NNE, IA US","15.0","0","15.0",",0","8",",0","8",",0","0",",0","0",",0","0",",0","0",",0","3",",0","0",",0","15",",0","0",",0","","","19790512",",,0","19790531","+,,0","19790531","+,,0","","","19790518",",,0","19790529",",,0","-0.6",",0,12,","0",",,0,31,+","0",",,0,31,+","14.7",",,0,18,","31.7",",0,29,","4845.6","0","157.7",",0","65.0",",,,0","0",",,,0","13.73",",0","20.77",",,,0","6.69",",,,0"
"USC00132977","1979-06","43.2844","-93.6305","390.1","FOREST CITY 2 NNE, IA US","84.2","0","69.2",",0","8",",0","6",",0","0",",0","0",",0","0",",0","0",",0","0",",0","0",",0","27",",0","2",",0","","","19790602","+,,0","19790630","+,,0","19790630","+,,0","","","19790628",",,0","19790614","+,,0","5.0",",0,02,+","0",",,0,30,+","0",",,0,30,+","22.6",",,0,28,","32.8",",0,14,+","4869.7","0","24.1",",0","66.3",",,,0","0",",,,0","19.84",",0","26.79",",,,0","12.89",",,,0"
"USC00132977","1979-07","43.2844","-93.6305","390.1","FOREST CITY 2 NNE, IA US","195.2","0","111.0",",0","8",",0","8",",0","3",",0","0",",0","0",",0","0",",0","0",",0","0",",0","31",",0","1",",0","","","19790706",",,0","19790731","+,,0","19790731","+,,0","","","19790730",",,0","19790703",",,0","9.4",",0,06,","0",",,0,31,+","0",",,0,31,+","95.8",",,0,30,","32.2",",0,03,","3.1","0","3.1",",0","250.4",",,,0","0",",,,0","21.81",",0","27.46",",,,0","16.16",",,,0"
"USC00132977","1979-08","43.2844","-93.6305","390.1","FOREST CITY 2 NNE, IA US","280.0","0","84.8","1,0","12",",0","9",",0","5",",0","0",",0","0",",0","0","1,0","0","1,0","0",",0","28",",0","1",",0","","","19790815",",1,0","19790831","+,,0","19790831","+,,0","","","19790821",",,0","19790806",",,0","7.2","1,0,15,","0",",,0,31,+","0",",,0,31,+","177.0",",,0,21,","33.3",",0,06,","25.1","0","22.0",",0","410.9",",,,0","0",",,,0","20.41","1,0","26.04",",,,0","14.78","1,,,0"
"USC00132977","1979-09","43.2844","-93.6305","390.1","FOREST CITY 2 NNE, IA US","317.8","0","37.8","1,0","4",",0","3",",0","0",",0","0",",0","0",",0","0",",0","0",",0","0","1,0","26","1,0","0","1,0","","","19790922","+,,0","19790930","+,,0","19790930","+,,0","","","19790924",",,0","19790905","+,1,0","3.9",",0,22,+","0",",,0,30,+","0",",,0,30,+","3.8",",,0,24,","30.0","1,0,05,+","75.7","0","50.6","1,0","10.9",",,,0","0",",,,0","17.96","1,0","24.98","1,,,0","10.94",",,,0"
"USC00132977","1979-10","43.2844","-93.6305","390.1","FOREST CITY 2 NNE, IA US","319.5","0","1.7",",0","6",",0","5",",0","1",",0","0",",0","0",",0","0",",0","12",",0","0",",0","3",",0","0",",0","","","19791013",",,0","19791031","+,,0","19791031","+,,0","","","19791022",",,0","19791020",",,0","-3.9",",0,13,","0",",,0,31,+","0",",,0,31,+","45.7",",,0,22,","23.3",",0,20,","350.4","0","274.7",",0","82.6",",,,0","0",",,,0","9.53",",0","15.94",",,,0","3.12",",,,0"
"USC00132977","1979-11","43.2844","-93.6305","390.1","FOREST CITY 2 NNE, IA US","319.5","0","0.0",",0","6",",0","5",",0","1",",0","4",",0","2",",0","0",",0","28",",0","7",",0","0",",0","0",",0","","","19791112",",,0","19791112",",,0","19791112",",,0","","","19791105",",,0","19791118",",,0","-12.8",",0,12,","51",",,0,12,","64",",,0,12,","33.0",",,0,05,","17.8",",0,18,","894.2","0","543.8",",0","61.9",",,,0","89",",,,0","0.21",",0","4.38",",,,0","-3.97",",,,0"
"USC00132977","1979-12","43.2844","-93.6305","390.1","FOREST CITY 2 NNE, IA US","319.5","0","0.0",",0","1",",0","1",",0","0",",0","0",",0","0",",0","3",",0","31",",0","12",",0","0",",0","0",",0","","","19791217",",,0","19791231","+,,0","19791231","+,,0","","","19791222",",,0","19791210",",,0","-21.7",",0,17,","0",",,0,31,+","0",",,0,31,+","10.2",",,0,22,","13.3",",0,10,","1556.2","0","662.0",",0","10.2",",,,0","0",",,,0","-3.02",",0","2.34",",,,0","-8.38",",,,0"
"USC00132977","1980-01","43.2844","-93.6305","390.1","FOREST CITY 2 NNE, IA US","0.0","","0.0","1,0","5","2,0","3","2,0","1","2,0","25","1,0","5",",0","11","1,0","29","1,0","22","1,0","0","1,0","0","1,0","","","19800109",",1,0","19800109","+,1,0","19800116",",,0","","","19800116",",2,0","19800113",",1,0","-24.4","1,0,09,","152","1,,0,09,+","76",",,0,16,","25.4","2,,0,16,","7.8","1,0,13,","2351.7","","795.5","1,0","52.2",",a,,0","360",",a,,0","-8.18","1,0","-3.68","1,,,0","-12.68","1,,,0"
"USC00132977","1980-02","43.2844","-93.6305","390.1","FOREST CITY 2 NNE, IA US","0.0","","0.0",",0","4",",0","3",",0","0",",0","25","4,0","2",",0","7",",0","29",",0","23",",0","0",",0","0",",0","","","19800201",",,0","19800205",",4,0","19800205",",,0","","","19800205",",,0","19800219",",,0","-23.3",",0,01,","178","4,,0,05,","152",",,0,05,","11.4",",,0,05,","2.8",",0,19,","3132.4","","780.7",",0","19.0",",,,0","203",",,,0","-8.59",",0","-3.90",",,,0","-13.28",",,,0"
"USC00132977","1980-03","43.2844","-93.6305","390.1","FOREST CITY 2 NNE, IA US","0.0","","0.0",",0","5",",0","4",",0","0",",0","11","3,0","3",",0","3",",0","29",",0","8",",0","0",",0","0",",0","","","19800301",",,0","19800307","+,3,0","19800313",",,0","","","19800329",",,0","19800319",",,0","-22.8",",0,01,","102","3,,0,07,+","76",",,0,13,","11.4",",,0,29,","14.4",",0,19,","3749.6","","617.2",",0","25.1",",,,0","178",",,,0","-1.58",",0","3.92",",,,0","-7.07",",,,0"
"USC00132977","1980-04","43.2844","-93.6305","390.1","FOREST CITY 2 NNE, IA US","6.4","","6.4",",0","3",",0","3",",0","0",",0","2",",0","2",",0","0",",0","15",",0","0",",0","8",",0","2",",0","","","19800414","+,,0","19800409",",,0","19800409",",,0","","","19800403",",,0","19800421",",,0","-3.9",",0,14,+","51",",,0,09,","51",",,0,09,","21.6",",,0,03,","32.8",",0,21,","4051.0","","301.4",",0","31.8",",,,0","76",",,,0","8.50",",0","15.40",",,,0","1.60",",,,0"
"USC00132977","1980-05","43.2844","-93.6305","390.1","FOREST CITY 2 NNE, IA US","47.2","","40.8","1,0","5",",0","5",",0","2",",0","0",",0","0",",0","0",",0","1",",0","0","1,0","20","1,0","2","1,0","","","19800509",",,0","19800531","+,,0","19800531","+,,0","","","19800530",",,0","19800528",",1,0","-1.1",",0,09,","0",",,0,31,+","0",",,0,31,+","77.2",",,0,30,","32.8","1,0,28,","4144.9","","93.9","1,0","139.2",",,,0","0",",,,0","16.45","1,0","24.05","1,,,0","8.85",",,,0"
"USC00132977","1980-06","43.2844","-93.6305","390.1","FOREST CITY 2 NNE, IA US","135.3","","88.1",",0","4",",0","4",",0","0",",0","0",",0","0",",0","0",",0","0",",0","0",",0","30",",0","6",",0","","","19800608",",,0","19800630","+,,0","19800630","+,,0","","","19800605",",,0","19800626",",,0","6.7",",0,08,","0",",,0,30,+","0",",,0,30,+","12.2",",,0,05,","36.1",",0,26,","4157.0","","12.1",",0","27.5",",,,0","0",",,,0","20.87",",0","27.77",",,,0","13.96",",,,0"
"USC00132977","1980-07","43.2844","-93.6305","390.1","FOREST CITY 2 NNE, IA US","298.1","","162.8",",0","5",",0","4",",0","1",",0","0",",0","0",",0","0",",0","0",",0","0",",0","31",",0","8",",0","","","19800727","+,,0","19800731","+,,0","19800731","+,,0","","","19800720",",,0","19800707",",,0","11.1",",0,27,+","0",",,0,31,+","0",",,0,31,+","41.9",",,0,20,","37.2",",0,07,","0.6","","0.6",",0","61.2",",,,0","0",",,,0","23.57",",0","30.03",",,,0","17.10",",,,0"
"USC00132977","1980-08","43.2844","-93.6305","390.1","FOREST CITY 2 NNE, IA US","385.5","","87.4","2,0","14",",0","12",",0","3",",0","0",",0","0",",0","0","2,0","0","2,0","0",",0","29",",0","4",",0","","","19800822","+,2,0","19800831","+,,0","19800831","+,,0","","","19800810",",,0","19800825","+,,0","11.7","2,0,22,+","0",",,0,31,+","0",",,0,31,+","111.8",",,0,10,","32.8",",0,25,+","6.2","","5.6",",0","340.3",",,,0","0",",,,0","21.22","2,0","26.84",",,,0","15.59","2,,,0"
"USC00132977","1980-10","43.2844","-93.6305","390.1","FOREST CITY 2 NNE, IA US","","","0.0",",0","3",",0","3",",0","1",",0","0",",0","0",",0","0",",0","12",",0","0",",0","4",",0","0",",0","","","19801029",",,0","19801031","+,,0","19801031","+,,0","","","19801016",",,0","19801007",",,0","-6.7",",0,29,","0",",,0,31,+","0",",,0,31,+","33.8",",,0,16,","27.2",",0,07,","","","332.3",",0","58.9",",,,0","0",",,,0","7.61",",0","13.38",",,,0","1.84",",,,0"
"USC00132977","1981-01","43.2844","-93.6305","390.1","FOREST CITY 2 NNE, IA US","0.0","","0.0",",0","3",",0","0",",0","0",",0","4",",0","2",",0","9",",0","31",",0","18",",0","0",",0","0",",0","","","19810111",",,0","19810111","+,,0","19810110","+,,0","","","19810131","+,,0","19810124",",,0","-23.9",",0,11,","25",",,0,11,+","25",",,0,10,+","1.3",",,0,31,+","14.4",",0,24,","","","776.2",",0","3.9",",,,0","63",",,,0","-6.70",",0","-0.61",",,,0","-12.80",",,,0"
"USC00132977","1981-02","43.2844","-93.6305","390.1","FOREST CITY 2 NNE, IA US","0.0","","0.0",",0","5",",0","5",",0","0",",0","15",",0","3",",0","9",",0","23",",0","12",",0","0",",0","0",",0","","","19810211",",,0","19810212","+,,0","19810210",",,0","","","19810222",",,0","19810217",",,0","-28.9",",0,11,","152",",,0,12,+","102",",,0,10,","10.2",",,0,22,","18.3",",0,17,","","","612.2",",0","33.4",",,,0","216",",,,0","-3.53",",0","1.86",",,,0","-8.93",",,,0"
"USC00132977","1981-03","43.2844","-93.6305","390.1","FOREST CITY 2 NNE, IA US","0.0","","0.0",",0","3",",0","2",",0","0",",0","0",",0","0",",0","0",",0","26",",0","0",",0","1",",0","0",",0","","","19810314","+,,0","19810331","+,,0","19810331","+,,0","","","19810329",",,0","19810328",",,0","-8.9",",0,14,+","0",",,0,31,+","0",",,0,31,+","13.5",",,0,29,","23.3",",0,28,","","","454.2",",0","19.1",",,,0","0",",,,0","3.68",",0","9.94",",,,0","-2.58",",,,0"
"USC00132977","1981-04","43.2844","-93.6305","390.1","FOREST CITY 2 NNE, IA US","4.2","","4.2",",0","7",",0","4",",0","0",",0","0",",0","0",",0","0",",0","6",",0","0",",0","6",",0","0",",0","","","19810415",",,0","19810430","+,,0","19810430","+,,0","","","19810423",",,0","19810427",",,0","-3.3",",0,15,","0",",,0,30,+","0",",,0,30,+","16.0",",,0,23,","31.1",",0,27,","","","236.7",",0","50.0",",,,0","0",",,,0","10.58",",0","16.74",",,,0","4.43",",,,0"
"USC00132977","1981-05","43.2844","-93.6305","390.1","FOREST CITY 2 NNE, IA US","10.6","","6.4",",0","5",",0","5",",0","2",",0","0",",0","0",",0","0",",0","1",",0","0",",0","12",",0","0",",0","","","19810510",",,0","19810531","+,,0","19810531","+,,0","","","19810523",",,0","19810521",",,0","-1.7",",0,10,","0",",,0,31,+","0",",,0,31,+","27.4",",,0,23,","27.8",",0,21,","","","156.4",",0","83.9",",,,0","0",",,,0","13.49",",0","19.78",",,,0","7.21",",,,0"
"USC00132977","1981-06","43.2844","-93.6305","390.1","FOREST CITY 2 NNE, IA US","62.6","","52.0",",0","9",",0","9",",0","2",",0","0",",0","0",",0","0",",0","0",",0","0",",0","29",",0","1",",0","","","19810619","+,,0","19810630","+,,0","19810630","+,,0","","","19810624",",,0","19810613",",,0","10.0",",0,19,+","0",",,0,30,+","0",",,0,30,+","92.7",",,0,24,","32.2",",0,13,","","","8.6",",0","193.9",",,,0","0",",,,0","19.78",",0","26.18",",,,0","13.37",",,,0"
"USC00132977","1981-07","43.2844","-93.6305","390.1","FOREST CITY 2 NNE, IA US","201.1","","138.5",",0","5",",0","5",",0","2",",0","0",",0","0",",0","0",",0","0",",0","0",",0","30",",0","5",",0","","","19810728",",,0","19810731","+,,0","19810731","+,,0","","","19810715",",,0","19810714",",,0","11.1",",0,28,","0",",,0,31,+","0",",,0,31,+","83.8",",,0,15,","34.4",",0,14,","6.7","","6.7",",0","146.0",",,,0","0",",,,0","22.58",",0","28.17",",,,0","16.99",",,,0"
"USC00132977","1981-08","43.2844","-93.6305","390.1","FOREST CITY 2 NNE, IA US","282.9","","81.8",",0","12",",0","11",",0","5",",0","0",",0","0",",0","0",",0","0",",0","0",",0","30",",0","0",",0","","","19810817",",,0","19810831","+,,0","19810831","+,,0","","","19810814",",,0","19810812","+,,0","9.4",",0,17,","0",",,0,31,+","0",",,0,31,+","43.7",",,0,14,","30.0",",0,12,+","13.7","","7.0",",0","217.8",",,,0","0",",,,0","20.74",",0","26.14",",,,0","15.35",",,,0"
"USC00132977","1981-09","43.2844","-93.6305","390.1","FOREST CITY 2 NNE, IA US","299.2","","16.3",",0","4",",0","2",",0","0",",0","0",",0","0",",0","0",",0","0",",0","0",",0","17",",0","0",",0","","","19810928",",,0","19810930","+,,0","19810930","+,,0","","","19810925",",,0","19810910",",,0","1.1",",0,28,","0",",,0,30,+","0",",,0,30,+","19.8",",,0,25,","31.7",",0,10,","103.4","","89.7",",0","37.0",",,,0","0",",,,0","15.88",",0","22.48",",,,0","9.28",",,,0"
"USC00132977","1981-11","43.2844","-93.6305","390.1","FOREST CITY 2 NNE, IA US","","","0.0",",0","3",",0","2",",0","0",",0","8",",0","2",",0","0",",0","22",",0","2",",0","0",",0","0",",0","","","19811121",",,0","19811130",",,0","19811130",",,0","","","19811130",",,0","19811114","+,,0","-11.7",",0,21,","178",",,0,30,","152",",,0,30,","12.7",",,0,30,","17.2",",0,14,+","","","437.3",",0","24.4",",,,0","254",",,,0","3.76",",0","8.67",",,,0","-1.16",",,,0"
"USC00132977","1982-01","43.2844","-93.6305","390.1","FOREST CITY 2 NNE, IA US","0.0","0","0.0","1,0","5","5,0","5","5,0","0","5,0","","","5","2,0","23","1,0","30","1,0","31",",0","0",",0","0",",0","","","19820111","+,1,0","","","19820122",",2,0","","","19820122",",5,0","19820102",",,0","-32.8","1,0,11,+","","","152","2,,0,22,","17.8","5,,0,22,","-2.2",",0,02,","","","1025.4",",0","38.1","5,,,0","355","2,,,0","-15.81","1,0","-10.45",",,,0","-21.17","1,,,0"
"USC00132977","1982-02","43.2844","-93.6305","390.1","FOREST CITY 2 NNE, IA US","0.0","0","0.0","1,0","3",",0","3",",0","0",",0","0",",0","2",",0","12",",0","28",",0","15","1,0","0","1,0","0","1,0","","","19820206",",,0","19820228","+,,0","19820205","+,,0","","","19820218",",,0","19820219",",1,0","-28.9",",0,06,","0",",,0,28,+","25",",,0,05,+","3.8",",,0,18,","7.2","1,0,19,","","","726.3","1,0","8.8",",,,0","50",",,,0","-8.65","1,0","-3.63","1,,,0","-13.66",",,,0"
"USC00132977","1982-03","43.2844","-93.6305","390.1","FOREST CITY 2 NNE, IA US","0.0","0","0.0",",0","3",",0","3",",0","0",",0","0",",0","1",",0","3",",0","27",",0","8",",0","0",",0","0",",0","","","19820309","+,,0","19820331","+,,0","19820304",",,0","","","19820319",",,0","19820331",",,0","-17.8",",0,09,+","0",",,0,31,+","25",",,0,04,","17.8",",,0,19,","14.4",",0,31,","","","590.1",",0","32.2",",,,0","25",",,,0","-0.70",",0","3.60",",,,0","-5.00",",,,0"
"USC00132977","1982-04","43.2844","-93.6305","390.1","FOREST CITY 2 NNE, IA US","0.0","0","0.0",",0","6",",0","6",",0","1",",0","","","3",",0","0",",0","14",",0","5",",0","1",",0","0",",0","","","19820406",",,0","","","19820408",",,0","","","19820416",",,0","19820402",",,0","-14.4",",0,06,","","","102",",,0,08,","41.1",",,0,16,","23.3",",0,02,","","","389.2",",0","84.5",",,,0","216",",,,0","5.36",",0","10.83",",,,0","-0.11",",,,0"
"USC00132977","1982-05","43.2844","-93.6305","390.1","FOREST CITY 2 NNE, IA US","","","","","10","3,0","10","3,0","1","3,0","0",",0","0",",0","","","","","","","","","","","","","","","19820531","+,,0","19820531","+,,0","","","19820505",",3,0","","","","","0",",,0,31,+","0",",,0,31,+","41.9","3,,0,05,","","","","","","","169.0",",a,,0","0",",,,0","","","","","",""
"USC00132977","1982-06","43.2844","-93.6305","390.1","FOREST CITY 2 NNE, IA US","","","23.4","1,0","6",",0","6",",0","1",",0","0",",0","0",",0","0","1,0","0","1,0","0",",0","25",",0","0",",0","","","19820602",",1,0","19820630","+,,0","19820630","+,,0","","","19820606",",,0","19820628",",,0","5.0","1,0,02,","0",",,0,30,+","0",",,0,30,+","46.2",",,0,06,","31.1",",0,28,","","","46.5",",0","85.8",",,,0","0",",,,0","17.48","1,0","23.87",",,,0","11.09","1,,,0"
"USC00132977","1982-07","43.2844","-93.6305","390.1","FOREST CITY 2 NNE, IA US","","","163.0",",0","8",",0","8",",0","1",",0","0",",0","0",",0","0",",0","0",",0","0",",0","31",",0","4",",0","","","19820730",",,0","19820731","+,,0","19820731","+,,0","","","19820715",",,0","19820704",",,0","12.8",",0,30,","0",",,0,31,+","0",",,0,31,+","31.8",",,0,15,","35.6",",0,04,","0.0","0","0.0",",0","94.0",",,,0","0",",,,0","23.59",",0","29.03",",,,0","18.15",",,,0"
"USC00132977","1982-08","43.2844","-93.6305","390.1","FOREST CITY 2 NNE, IA US","","","97.7","1,0","4",",0","3",",0","1",",0","0",",0","0",",0","0",",0","0",",0","0","1,0","29","1,0","3","1,0","","","19820811",",,0","19820831","+,,0","19820831","+,,0","","","19820830",",,0","19820803","+,1,0","8.3",",0,11,","0",",,0,31,+","0",",,0,31,+","53.3",",,0,30,","33.9","1,0,03,+","9.8","0","9.8","1,0","92.4",",,,0","0",",,,0","21.28","1,0","26.77","1,,,0","15.79",",,,0"
"USC00132977","1982-09","43.2844","-93.6305","390.1","FOREST CITY 2 NNE, IA US","","","","","3",",0","2",",0","1",",0","0",",0","0",",0","","","","","","","","","","","","","","","19820930","+,,0","19820930","+,,0","","","19820930",",,0","","","","","0",",,0,30,+","0",",,0,30,+","35.6",",,0,30,","","","","","","","53.3",",,,0","0",",,,0","","","","","",""
"USC00132977","1982-10","43.2844","-93.6305","390.1","FOREST CITY 2 NNE, IA US","","","0.9","2,0","12",",0","7",",0","0",",0","0",",0","0",",0","0","2,0","5","2,0","0","2,0","5","2,0","0","2,0","4","","19821022",",2,0","19821031","+,,0","19821031","+,,0","1","","19821019",",,0","19821005",",2,0","-2.8","2,0,22,","0",",,0,31,+","0",",,0,31,+","20.3",",,0,19,","26.7","2,0,05,","","","216.6","2,0","70.6",",,,0","0",",,,0","10.89","2,0","16.80","2,,,0","4.99","2,,,0"
"USC00132977","1982-11","43.2844","-93.6305","390.1","FOREST CITY 2 NNE, IA US","","","0.0","3,0","4",",0","3",",0","1",",0","0",",0","0",",0","0","1,0","24","1,0","4","2,0","0","2,0","0","2,0","","","19821125","+,1,0","19821104",",,0","19821108","+,,0","","","19821109",",,0","19821120",",2,0","-15.0","1,0,25,+","0",",T,0,04,","0",",T,0,08,+","31.5",",,0,09,","15.0","2,0,20,","","","492.3","2,0","54.9",",,,0","0",",T,,0","-0.17","3,0","5.11","2,,,0","-5.46","1,,,0"
"USC00132977","1982-12","43.2844","-93.6305","390.1","FOREST CITY 2 NNE, IA US","","","0.0","4,0","4",",0","4",",0","1",",0","","","2",",0","1","4,0","25","4,0","12",",0","0",",0","0",",0","","","19821213",",4,0","","","19821205",",,0","","","19821205",",,0","19821202",",,0","-21.7","4,0,13,","","","178",",,0,05,","43.2",",,0,05,","15.6",",0,02,","","","569.4",",0","78.8",",,,0","280",",,,0","-2.77","4,0","1.25",",,,0","-6.79","4,,,0"
"USC00132977","1983-01","43.2844","-93.6305","390.1","FOREST CITY 2 NNE, IA US","0.0","","0.0","2,0","2",",0","2",",0","1",",0","","","2",",0","3",",0","31",",0","19","2,0","0","2,0","0","2,0","","","19830126",",,0","","","19830129",",,0","","","19830129",",,0","19830106",",2,0","-20.6",",0,26,","","","76",",,0,29,","29.2",",,0,29,","3.3","2,0,06,","","","699.4","2,0","33.0",",,,0","127",",,,0","-5.85","2,0","-2.20","2,,,0","-9.50",",,,0"
"USC00132977","1983-02","43.2844","-93.6305","390.1","FOREST CITY 2 NNE, IA US","0.0","","0.0","2,0","6",",0","5",",0","0",",0","","","4",",0","2","1,0","23","1,0","12","1,0","0","1,0","0","1,0","","","19830207",",1,0","","","19830202",",,0","","","19830202",",,0","19830228",",1,0","-23.9","1,0,07,","","","229",",,0,02,","17.8",",,0,02,","10.6","1,0,28,","","","554.5","1,0","31.7",",,,0","356",",,,0","-2.94","2,0","0.01","1,,,0","-5.89","1,,,0"
"USC00132977","1983-03","43.2844","-93.6305","390.1","FOREST CITY 2 NNE, IA US","0.0","","0.0","4,0","7","1,0","6","1,0","0","1,0","","","4",",0","0","3,0","23","3,0","8","2,0","0","2,0","0","2,0","","","19830322",",3,0","","","19830326",",,0","","","19830315",",1,0","19830303",",2,0","-12.2","3,0,22,","","","127",",,0,26,","22.9","1,,0,15,","19.4","2,0,03,","","","466.5","2,0","58.5","1,,,0","292",",,,0","0.97","4,0","4.44","2,,,0","-2.50","3,,,0"
"USC00132977","1984-06","43.2844","-93.6305","390.1","FOREST CITY 2 NNE, IA US","","","77.1","1,0","15",",0","11",",0","3",",0","0",",0","0",",0","0","1,0","0","1,0","0",",0","28",",0","0",",0","","","19840611",",1,0","19840630","+,,0","19840630","+,,0","4","","19840623",",,0","19840626",",,0","9.4","1,0,11,","0",",,0,30,+","0",",,0,30,+","43.7",",,0,23,","31.7",",0,26,","","","6.0",",0","232.5",",,,0","0",",,,0","20.75","1,0","26.26",",,,0","15.24","1,,,0"
"USC00132977","1984-07","43.2844","-93.6305","390.1","FOREST CITY 2 NNE, IA US","","","108.2",",0","10",",0","8",",0","1",",0","0",",0","0",",0","0",",0","0",",0","0",",0","31",",0","2",",0","","","19840707",",,0","19840731","+,,0","19840731","+,,0","1","","19840715",",,0","19840722",",,0","8.9",",0,07,","0",",,0,31,+","0",",,0,31,+","32.3",",,0,15,","33.9",",0,22,","3.0","0","3.0",",0","77.0",",,,0","0",",,,0","21.73",",0","27.77",",,,0","15.68",",,,0"
"USC00132977","1984-08","43.2844","-93.6305","390.1","FOREST CITY 2 NNE, IA US","","","146.9",",0","7",",0","4",",0","0",",0","0",",0","0",",0","0",",0","0",",0","0",",0","31",",0","6",",0","1","","19840823",",,0","19840831","+,,0","19840831","+,,0","2","","19840818",",,0","19840828",",,0","8.3",",0,23,","0",",,0,31,+","0",",,0,31,+","5.3",",,0,18,","36.1",",0,28,","7.5","0","4.5",",0","16.5",",,,0","0",",,,0","22.93",",0","29.52",",,,0","16.34",",,,0"
"USC00132977","1984-09","43.2844","-93.6305","390.1","FOREST CITY 2 NNE, IA US","","","25.5",",0","11",",0","6",",0","0",",0","0",",0","0",",0","0",",0","4",",0","0",",0","19",",0","2",",0","","","19840929",",,0","19840930","+,,0","19840930","+,,0","","","19840910",",,0","19840919",",,0","-2.8",",0,29,","0",",,0,30,+","0",",,0,30,+","13.5",",,0,10,","34.4",",0,19,","127.2","0","119.7",",0","45.4",",,,0","0",",,,0","15.20",",0","22.06",",,,0","8.33",",,,0"
"USC00132977","1984-10","43.2844","-93.6305","390.1","FOREST CITY 2 NNE, IA US","","","3.1",",0","10",",0","9",",0","1",",0","0",",0","0",",0","0",",0","9",",0","0",",0","6",",0","0",",0","2","","19841030",",,0","19841031","+,,0","19841031","+,,0","","","19841017",",,0","19841013",",,0","-3.9",",0,30,","0",",,0,31,+","0",",,0,31,+","32.5",",,0,17,","26.1",",0,13,","365.7","0","238.5",",0","118.8",",,,0","0",",,,0","10.74",",0","15.95",",,,0","5.52",",,,0"
"USC00132977","1984-11","43.2844","-93.6305","390.1","FOREST CITY 2 NNE, IA US","","","0.0","2,0","6","1,0","2","1,0","1","1,0","0","1,0","1",",0","0","1,0","22","1,0","2","1,0","0","1,0","0","1,0","1","","19841120",",1,0","19841130","+,1,0","19841128",",,0","1","","19841110",",1,0","19841108",",1,0","-11.1","1,0,20,","0","1,,0,30,+","38",",,0,28,","27.2","1,,0,10,","15.0","1,0,08,","838.6","0","472.9","1,0","44.7","1,,,0","38",",,,0","1.38","2,0","6.45","1,,,0","-3.68","1,,,0"
"USC00132977","1984-12","43.2844","-93.6305","390.1","FOREST CITY 2 NNE, IA US","","","0.0",",0","5","2,0","5","2,0","0","2,0","","","3","2,0","6",",0","31",",0","21",",0","0",",0","0",",0","2","","19841206",",,0","","","19841214",",2,0","","","19841216",",2,0","19841228",",,0","-22.2",",0,06,","","","178","2,,0,14,","11.9","2,,0,16,","12.2",",0,28,","1622.0","0","783.4",",0","38.2","2,,,0","241","2,,,0","-6.94",",0","-1.70",",,,0","-12.17",",,,0"
"USC00132977","1985-01","43.2844","-93.6305","390.1","FOREST CITY 2 NNE, IA US","0.0","0","0.0",",0","","","","","","","2","4,0","5",",0","16",",0","31",",0","26",",0","0",",0","0",",0","","","19850119",",,0","19850111",",4,0","19850130",",,0","","","","","19850105",",,0","-31.7",",0,19,","76","4,,0,11,","76",",,0,30,","","","3.9",",0,05,","2550.8","0","928.8",",0","","","243",",,,0","-11.63",",0","-5.98",",,,0","-17.27",",,,0"
"USC00132977","1985-02","43.2844","-93.6305","390.1","FOREST CITY 2 NNE, IA US","0.0","0","0.0","1,0","1","2,0","1","2,0","0","2,0","3","2,0","2","1,0","9","1,0","27","1,0","16","1,0","0","1,0","0","1,0","1","","19850202",",1,0","19850224","+,2,0","19850224","+,1,0","","","19850220",",2,0","19850219",",1,0","-26.7","1,0,02,","25","2,,0,24,+","25","1,,0,24,+","2.5","2,,0,20,","7.2","1,0,19,","3286.7","0","735.9","1,0","2.5","2,,,0","50","1,,,0","-8.92","1,0","-4.23","1,,,0","-13.62","1,,,0"
"USC00132977","1985-03","43.2844","-93.6305","390.1","FOREST CITY 2 NNE, IA US","0.0","0","0.0","5,0","8","2,0","4","2,0","0","2,0","8",",0","3","2,0","0","4,0","22","4,0","4","2,0","1","2,0","0","2,0","","","19850305",",4,0","19850305","+,,0","19850331",",2,0","","","19850304",",2,0","19850326",",2,0","-11.1","4,0,05,","152",",,0,05,+","64","2,,0,31,","18.0","2,,0,04,","21.7","2,0,26,","3694.1","0","407.4","2,0","38.4","2,,,0","127","2,,,0","2.81","5,0","7.50","2,,,0","-1.87","4,,,0"
"USC00132977","1985-04","43.2844","-93.6305","390.1","FOREST CITY 2 NNE, IA US","14.5","0","14.5",",0","8",",0","7",",0","0",",0","5",",0","1",",0","0",",0","8",",0","0",",0","10",",0","1",",0","","","19850401",",,0","19850401",",,0","19850401",",,0","1","","19850421",",,0","19850418",",,0","-5.0",",0,01,","279",",,0,01,","279",",,0,01,","23.9",",,0,21,","32.2",",0,18,","3929.9","0","235.8",",0","73.1",",,,0","299",",,,0","10.96",",0","17.21",",,,0","4.71",",,,0"
"USC00132977","1985-05","43.2844","-93.6305","390.1","FOREST CITY 2 NNE, IA US","38.1","0","23.6",",0","10",",0","5",",0","1",",0","0",",0","0",",0","0",",0","0",",0","0",",0","25",",0","0",",0","","","19850521","+,,0","19850531","+,,0","19850531","+,,0","1","","19850531",",,0","19850530",",,0","4.4",",0,21,+","0",",,0,31,+","0",",,0,31,+","32.8",",,0,31,","30.6",",0,30,","3991.4","0","61.5",",0","62.1",",,,0","0",",,,0","17.11",",0","23.87",",,,0","10.34",",,,0"
"USC00132977","1985-06","43.2844","-93.6305","390.1","FOREST CITY 2 NNE, IA US","83.7","0","45.6",",0","14",",0","6",",0","1",",0","0",",0","0",",0","0",",0","0",",0","0",",0","23",",0","3",",0","","","19850603","+,,0","19850630","+,,0","19850630","+,,0","","","19850627",",,0","19850608",",,0","5.0",",0,03,+","0",",,0,30,+","0",",,0,30,+","33.8",",,0,27,","37.8",",0,08,","4043.3","0","51.9",",0","108.4",",,,0","0",",,,0","18.12",",0","24.36",",,,0","11.89",",,,0"
"USC00132977","1985-07","43.2844","-93.6305","390.1","FOREST CITY 2 NNE, IA US","178.9","0","95.2",",0","6",",0","4",",0","1",",0","0",",0","0",",0","0",",0","0",",0","0",",0","29",",0","1",",0","","","19850722",",,0","19850731","+,,0","19850731","+,,0","","","19850725",",,0","19850707",",,0","9.4",",0,22,","0",",,0,31,+","0",",,0,31,+","29.2",",,0,25,","32.2",",0,07,","5.3","0","5.3",",0","46.7",",,,0","0",",,,0","21.23",",0","27.41",",,,0","15.05",",,,0"
"USC00132977","1985-08","43.2844","-93.6305","390.1","FOREST CITY 2 NNE, IA US","221.2","0","42.3",",0","11",",0","7",",0","3",",0","0",",0","0",",0","0",",0","0",",0","0",",0","24",",0","0",",0","","","19850820",",,0","19850831","+,,0","19850831","+,,0","","","19850829",",,0","19850809","+,,0","5.6",",0,20,","0",",,0,31,+","0",",,0,31,+","50.8",",,0,29,","31.7",",0,09,+","32.0","0","26.7",",0","142.9",",,,0","0",",,,0","18.83",",0","24.62",",,,0","13.05",",,,0"
"USC00132977","1985-09","43.2844","-93.6305","390.1","FOREST CITY 2 NNE, IA US","273.7","0","52.5",",0","14",",0","12",",0","1",",0","0",",0","0",",0","0",",0","0",",0","0",",0","14",",0","1",",0","","","19850926",",,0","19850930","+,,0","19850930","+,,0","","","19850905",",,0","19850907",",,0","0.6",",0,26,","0",",,0,30,+","0",",,0,30,+","76.2",",,0,05,","32.2",",0,07,","172.2","0","140.2",",0","187.9",",,,0","0",",,,0","15.41",",0","20.05",",,,0","10.76",",,,0"
"USC00132977","1985-10","43.2844","-93.6305","390.1","FOREST CITY 2 NNE, IA US","273.7","0","0.0",",0","10",",0","4",",0","0",",0","0",",0","0",",0","0",",0","7",",0","0",",0","2",",0","0",",0","","","19851010",",,0","19851031","+,,0","19851031","+,,0","","","19851005",",,0","19851026",",,0","-5.0",",0,10,","0",",,0,31,+","0",",,0,31,+","10.9",",,0,05,","21.7",",0,26,","468.3","0","296.1",",0","33.1",",,,0","0",",,,0","8.78",",0","14.43",",,,0","3.14",",,,0"
"USC00132977","1985-11","43.2844","-93.6305","390.1","FOREST CITY 2 NNE, IA US","273.7","0","0.0",",0","8",",0","5",",0","0",",0","16",",0","4",",0","7",",0","29",",0","18",",0","0",",0","0",",0","1","","19851129","+,,0","19851111","+,,0","19851109",",,0","","","19851116",",,0","19851105",",,0","-20.6",",0,29,+","229",",,0,11,+","127",",,0,09,","5.1",",,0,16,","12.8",",0,05,","1164.9","0","696.6",",0","23.4",",,,0","419",",,,0","-4.89",",0","-0.66",",,,0","-9.12",",,,0"
"USC00132977","1985-12","43.2844","-93.6305","390.1","FOREST CITY 2 NNE, IA US","273.7","0","0.0",",0","8",",0","2",",0","0",",0","31",",0","4",",0","22",",0","31",",0","28",",0","0",",0","0",",0","","","19851213",",,0","19851222","+,,0","19851202",",,0","","","19851202",",,0","19851223",",,0","-28.9",",0,13,","533",",,0,22,+","178",",,0,02,","3.8",",,0,02,","2.2",",0,23,","2169.3","0","1004.4",",0","12.5",",,,0","455",",,,0","-14.07",",0","-8.36",",,,0","-19.77",",,,0"
"USC00132977","1986-01","43.2844","-93.6305","390.1","FOREST CITY 2 NNE, IA US","0.0","0","0.0",",0","4",",0","0",",0","0",",0","31",",0","3",",0","6",",0","31",",0","20",",0","0",",0","0",",0","1","","19860107",",,0","19860109","+,,0","19860104",",,0","","","19860104",",,0","19860111",",,0","-29.4",",0,07,","533",",,0,09,+","102",",,0,04,","0.8",",,0,04,","5.0",",0,11,","2979.0","0","809.7",",0","1.7",",,,0","165",",,,0","-7.79",",0","-3.16",",,,0","-12.41",",,,0"
"USC00132977","1986-02","43.2844","-93.6305","390.1","FOREST CITY 2 NNE, IA US","0.0","0","0.0","1,0","2",",0","1",",0","0",",0","28",",0","1",",0","8","1,0","27","1,0","26",",0","0",",0","0",",0","5","","19860213","+,1,0","19860225","+,,0","19860207",",,0","","","19860205",",,0","19860226",",,0","-24.4","1,0,13,+","203",",,0,25,+","76",",,0,07,","4.6",",,0,05,","2.8",",0,26,","3710.7","0","731.7",",0","6.1",",,,0","76",",,,0","-8.87","1,0","-5.31",",,,0","-12.44","1,,,0"
"USC00132977","1986-03","43.2844","-93.6305","390.1","FOREST CITY 2 NNE, IA US","0.0","0","0.0",",0","5",",0","3",",0","1",",0","6",",0","1",",0","1",",0","22",",0","3",",0","3",",0","0",",0","1","","19860307",",,0","19860302","+,,0","19860313",",,0","","","19860318",",,0","19860329",",,0","-19.4",",0,07,","152",",,0,02,+","76",",,0,13,","26.4",",,0,18,","28.3",",0,29,","4206.3","0","495.6",",0","50.1",",,,0","76",",,,0","2.35",",0","7.69",",,,0","-2.99",",,,0"
"USC00132977","1986-04","43.2844","-93.6305","390.1","FOREST CITY 2 NNE, IA US","0.6","0","0.6",",0","15",",0","9",",0","0",",0","0",",0","0",",0","0",",0","7",",0","0",",0","7",",0","0",",0","","","19860422",",,0","19860430","+,,0","19860430","+,,0","","","19860405",",,0","19860425",",,0","-3.9",",0,22,","0",",,0,30,+","0",",,0,30,+","22.1",",,0,05,","27.8",",0,25,","4466.8","0","260.5",",0","131.9",",,,0","0",",,,0","9.67",",0","15.57",",,,0","3.77",",,,0"
"USC00132977","1986-05","43.2844","-93.6305","390.1","FOREST CITY 2 NNE, IA US","13.4","0","12.8",",0","11",",0","7",",0","2",",0","0",",0","0",",0","0",",0","0",",0","0",",0","13",",0","0",",0","","","19860502",",,0","19860531","+,,0","19860531","+,,0","","","19860514",",,0","19860531",",,0","1.1",",0,02,","0",",,0,31,+","0",",,0,31,+","32.3",",,0,14,","30.0",",0,31,","4582.3","0","115.5",",0","111.6",",,,0","0",",,,0","15.02",",0","20.65",",,,0","9.39",",,,0"
"USC00132977","1986-06","43.2844","-93.6305","390.1","FOREST CITY 2 NNE, IA US","96.3","0","82.9",",0","9",",0","7",",0","0",",0","0",",0","0",",0","0",",0","0",",0","0",",0","27",",0","5",",0","","","19860602",",,0","19860630","+,,0","19860630","+,,0","2","","19860622",",,0","19860623",",,0","7.2",",0,02,","0",",,0,30,+","0",",,0,30,+","8.6",",,0,22,","33.9",",0,23,","4595.1","0","12.8",",0","43.9",",,,0","0",",,,0","20.67",",0","26.57",",,,0","14.77",",,,0"
"USC00132977","1986-07","43.2844","-93.6305","390.1","FOREST CITY 2 NNE, IA US","242.1","0","145.8",",0","10",",0","7",",0","0",",0","0",",0","0",",0","0",",0","0",",0","0",",0","31",",0","6",",0","","","19860721",",,0","19860731","+,,0","19860731","+,,0","","","19860706",",,0","19860718",",,0","12.2",",0,21,","0",",,0,31,+","0",",,0,31,+","25.1",",,0,06,","34.4",",0,18,","0.0","0","0.0",",0","86.5",",,,0","0",",,,0","23.04",",0","28.62",",,,0","17.45",",,,0"
"USC00132977","1986-08","43.2844","-93.6305","390.1","FOREST CITY 2 NNE, IA US","288.0","0","45.9","1,0","9",",0","3",",0","2",",0","0",",0","0",",0","0",",0","0",",0","0","1,0","26","1,0","0","1,0","","","19860828",",,0","19860831","+,,0","19860831","+,,0","2","","19860826",",,0","19860825","+,1,0","4.4",",0,28,","0",",,0,31,+","0",",,0,31,+","30.7",",,0,26,","31.7","1,0,25,+","32.4","0","32.4","1,0","73.7",",,,0","0",",,,0","18.77","1,0","24.88","1,,,0","12.65",",,,0"
"USC00132977","1986-09","43.2844","-93.6305","390.1","FOREST CITY 2 NNE, IA US","321.8","0","33.8",",0","15",",0","9",",0","0",",0","0",",0","0",",0","0",",0","0",",0","0",",0","17",",0","0",",0","3","","19860908",",,0","19860930","+,,0","19860930","+,,0","4","","19860910",",,0","19860926",",,0","2.8",",0,08,","0",",,0,30,+","0",",,0,30,+","19.8",",,0,10,","30.6",",0,26,","104.9","0","72.5",",0","114.6",",,,0","0",",,,0","17.04",",0","22.33",",,,0","11.75",",,,0"
"USC00132977","1986-10","43.2844","-93.6305","390.1","FOREST CITY 2 NNE, IA US","321.8","0","0.0",",0","10",",0","7",",0","2",",0","0",",0","0",",0","0",",0","4",",0","0",",0","5",",0","0",",0","1","","19861014","+,,0","19861031","+,,0","19861031","+,,0","","","19861012",",,0","19861020","+,,0","-1.7",",0,14,+","0",",,0,31,+","0",",,0,31,+","41.1",",,0,12,","24.4",",0,20,+","372.8","0","267.9",",0","104.0",",,,0","0",",,,0","9.69",",0","15.10",",,,0","4.28",",,,0"
"USC00132977","1986-11","43.2844","-93.6305","390.1","FOREST CITY 2 NNE, IA US","321.8","0","0.0","1,0","6",",0","4",",0","0",",0","11",",0","3",",0","4",",0","28",",0","9","1,0","0","1,0","0","1,0","","","19861111",",,0","19861121","+,,0","19861118",",,0","","","19861108",",,0","19861106",",1,0","-21.1",",0,11,","279",",,0,21,+","152",",,0,18,","9.4",",,0,08,","16.1","1,0,06,","973.3","0","600.5","1,0","32.6",",,,0","305",",,,0","-2.38","1,0","3.10","1,,,0","-7.86",",,,0"
"USC00132977","1986-12","43.2844","-93.6305","390.1","FOREST CITY 2 NNE, IA US","321.8","0","0.0","3,0","0","4,0","0","4,0","0","4,0","9",",0","1",",0","3","2,0","29","2,0","19","1,0","0","1,0","0","1,0","5","","19861213",",2,0","19861210","+,,0","19861209",",,0","","","19861203",",4,0","19861231","+,1,0","-21.7","2,0,13,","76",",,0,10,+","51",",,0,09,","0.0","4,T,0,03,","3.3","1,0,31,+","1629.2","0","655.9","1,0","0.0","4,T,,0","85",",,,0","-4.91","3,0","-1.07","1,,,0","-8.74","2,,,0"
"USC00132977","1987-01","43.2844","-93.6305","390.1","FOREST CITY 2 NNE, IA US","0.0","0","0.0","2,0","3",",0","1",",0","0",",0","5",",0","1",",0","3","2,0","29","2,0","15",",0","0",",0","0",",0","","","19870123",",2,0","19870130","+,,0","19870127",",,0","","","19870127",",,0","19870113",",,0","-25.0","2,0,23,","25",",,0,30,+","25",",,0,27,","2.8",",,0,27,","10.6",",0,13,","2322.9","0","693.7",",0","5.1",",,,0","43",",,,0","-5.71","2,0","-1.03",",,,0","-10.40","2,,,0"
"USC00132977","1987-02","43.2844","-93.6305","390.1","FOREST CITY 2 NNE, IA US","","","","","0",",0","0",",0","0",",0","0",",0","0",",0","","","","","5",",0","0",",0","0",",0","","","","","19870222",",,0","19870222",",,0","","","19870222",",,0","19870207",",,0","","","0",",T,0,22,","0",",T,0,22,","0.0",",T,0,22,","14.4",",0,07,","","","","","0.0",",T,,0","0",",T,,0","","","5.65",",,,0","",""
"USC00132977","1987-03","43.2844","-93.6305","390.1","FOREST CITY 2 NNE, IA US","","","0.0",",0","10",",0","6",",0","0",",0","5","3,0","2",",0","0",",0","22",",0","3",",0","1",",0","0",",0","","","19870330",",,0","19870301",",3,0","19870329",",,0","","","19870325",",,0","19870307",",,0","-12.8",",0,30,","102","3,,0,01,","114",",,0,29,","15.5",",,0,25,","22.8",",0,07,","","","467.2",",0","42.7",",,,0","203",",,,0","3.26",",0","8.71",",,,0","-2.19",",,,0"
"USC00132977","1987-04","43.2844","-93.6305","390.1","FOREST CITY 2 NNE, IA US","","","3.6",",0","7",",0","5",",0","0",",0","0",",0","0",",0","0",",0","7",",0","0",",0","12",",0","0",",0","2","","19870403",",,0","19870430","+,,0","19870430","+,,0","","","19870415",",,0","19870419",",,0","-7.8",",0,03,","0",",,0,30,+","0",",,0,30,+","14.5",",,0,15,","29.4",",0,19,","","","222.7",",0","38.2",",,,0","0",",,,0","11.03",",0","18.75",",,,0","3.30",",,,0"
"USC00132977","1987-05","43.2844","-93.6305","390.1","FOREST CITY 2 NNE, IA US","","","51.1",",0","9",",0","5",",0","0",",0","0",",0","0",",0","0",",0","0",",0","0",",0","25",",0","3",",0","","","19870505",",,0","19870531","+,,0","19870531","+,,0","","","19870526",",,0","19870517",",,0","3.3",",0,05,","0",",,0,31,+","0",",,0,31,+","19.8",",,0,26,","33.3",",0,17,","","","55.1",",0","43.0",",,,0","0",",,,0","18.20",",0","25.31",",,,0","11.09",",,,0"
"USC00132977","1987-06","43.2844","-93.6305","390.1","FOREST CITY 2 NNE, IA US","","","129.8",",0","5",",0","4",",0","0",",0","0",",0","0",",0","0",",0","0",",0","0",",0","30",",0","8",",0","","","19870604",",,0","19870630","+,,0","19870630","+,,0","","","19870611",",,0","19870614","+,,0","6.7",",0,04,","0",",,0,30,+","0",",,0,30,+","15.0",",,0,11,","36.7",",0,14,+","","","7.2",",0","35.6",",,,0","0",",,,0","22.42",",0","29.13",",,,0","15.71",",,,0"
"USC00132977","1987-07","43.2844","-93.6305","390.1","FOREST CITY 2 NNE, IA US","","","174.4","1,0","12",",0","8",",0","3",",0","0",",0","0",",0","0",",0","0",",0","0","1,0","30","1,0","9","1,0","","","19870715",",,0","19870731","+,,0","19870731","+,,0","6","","19870728",",,0","19870731",",1,0","8.9",",0,15,","0",",,0,31,+","0",",,0,31,+","61.0",",,0,28,","35.6","1,0,31,","4.2","0","4.2","1,0","154.5",",,,0","0",",,,0","24.01","1,0","29.97","1,,,0","18.06",",,,0"
"USC00132977","1987-08","43.2844","-93.6305","390.1","FOREST CITY 2 NNE, IA US","","","72.7","1,0","11",",0","10",",0","1",",0","0",",0","0",",0","0","1,0","0","1,0","0",",0","24",",0","2",",0","1","","19870831","+,1,0","19870831","+,,0","19870831","+,,0","3","","19870804",",,0","19870801",",,0","6.7","1,0,31,+","0",",,0,31,+","0",",,0,31,+","48.8",",,0,04,","33.9",",0,01,","37.2","0","33.0",",0","129.3",",,,0","0",",,,0","19.60","1,0","24.56",",,,0","14.64","1,,,0"
"USC00132977","1987-09","43.2844","-93.6305","390.1","FOREST CITY 2 NNE, IA US","","","10.0","3,0","9",",0","6",",0","0",",0","0",",0","0",",0","0","3,0","0","3,0","0",",0","19",",0","0",",0","2","","19870919",",3,0","19870930","+,,0","19870930","+,,0","2","","19870913",",,0","19870904",",,0","6.7","3,0,19,","0",",,0,30,+","0",",,0,30,+","14.2",",,0,13,","30.6",",0,04,","107.4","0","70.2",",0","59.9",",,,0","0",",,,0","16.21","3,0","22.40",",,,0","10.01","3,,,0"
"USC00132977","1987-10","43.2844","-93.6305","390.1","FOREST CITY 2 NNE, IA US","","","0.0","1,0","4",",0","3",",0","0",",0","0",",0","0",",0","0","1,0","15","1,0","0",",0","3",",0","0",",0","","","19871011",",1,0","19871031","+,,0","19871020",",,0","","","19871016",",,0","19871001",",,0","-6.7","1,0,11,","0",",,0,31,+","0",",T,0,20,","21.8",",,0,16,","27.2",",0,01,","451.4","0","344.0",",0","27.8",",,,0","0",",T,,0","6.83","1,0","12.98",",,,0","0.67","1,,,0"
"USC00132977","1987-11","43.2844","-93.6305","390.1","FOREST CITY 2 NNE, IA US","","","0.0","3,0","8",",0","5",",0","0",",0","0",",0","0",",0","0","3,0","22","3,0","3",",0","0",",0","0",",0","","","19871120",",3,0","19871130","+,,0","19871130","+,,0","","","19871129",",,0","19871102",",,0","-8.9","3,0,20,","0",",,0,30,+","0",",T,0,30,+","18.3",",,0,29,","17.8",",0,02,","881.6","0","430.2",",0","46.8",",,,0","0",",T,,0","2.86","3,0","7.82",",,,0","-2.10","3,,,0"
"USC00132977","1987-12","43.2844","-93.6305","390.1","FOREST CITY 2 NNE, IA US","","","0.0",",0","5","4,0","3","4,0","0","4,0","9",",0","3",",0","1",",0","30",",0","17",",0","0",",0","0",",0","1","","19871231",",,0","19871229",",,0","19871228",",,0","","","19871228",",4,0","19871211",",,0","-23.3",",0,31,","279",",,0,29,","241",",,0,28,","23.4","4,,0,28,","7.8",",0,11,","1575.8","0","694.2",",0","36.1","4,,,0","330",",,,0","-4.06",",0","-0.52",",,,0","-7.60",",,,0"
"USC00132977","1988-01","43.2844","-93.6305","390.1","FOREST CITY 2 NNE, IA US","0.0","0","0.0",",0","1","2,0","1","2,0","0","2,0","","","3",",0","20",",0","31",",0","26",",0","0",",0","0",",0","3","","19880106",",,0","","","19880120",",,0","","","19880120",",2,0","19880130",",,0","-32.8",",0,06,","","","178",",,0,20,","5.1","2,,0,20,","5.0",",0,30,","2549.1","0","973.3",",0","5.1","2,,,0","330",",,,0","-13.06",",0","-7.47",",,,0","-18.65",",,,0"
"USC00132977","1988-02","43.2844","-93.6305","390.1","FOREST CITY 2 NNE, IA US","0.0","0","0.0",",0","0","3,0","0","3,0","0","3,0","28",",0","3",",0","12",",0","29",",0","18",",0","0",",0","0",",0","","","19880211",",,0","19880216","+,,0","19880210",",,0","","","19880224","+,3,0","19880226",",,0","-30.6",",0,11,","203",",,0,16,+","64",",,0,10,","0.0","3,T,0,24,+","5.6",",0,26,","3382.7","0","833.6",",0","0.0","3,T,,0","114",",,,0","-10.41",",0","-5.66",",,,0","-15.16",",,,0"
"USC00132977","1988-03","43.2844","-93.6305","390.1","FOREST CITY 2 NNE, IA US","0.0","0","0.0","2,0","4","1,0","3","1,0","0","1,0","3",",0","1",",0","0","1,0","27","1,0","5","1,0","0","1,0","0","1,0","","","19880314","+,1,0","19880314",",,0","19880313",",,0","","","19880325",",1,0","19880322",",1,0","-12.2","1,0,14,+","51",",,0,14,","25",",,0,13,","7.4","1,,0,25,","20.6","1,0,22,","3876.3","0","493.6","1,0","20.1","1,,,0","38",",,,0","1.45","2,0","7.06","1,,,0","-4.15","1,,,0"
"USC00132977","1988-04","43.2844","-93.6305","390.1","FOREST CITY 2 NNE, IA US","0.0","0","0.0","3,0","9","1,0","7","1,0","0","1,0","4",",0","2",",0","0","2,0","11","2,0","0","3,0","5","3,0","0","3,0","","","19880419",",2,0","19880427",",,0","19880427",",,0","","","19880427",",1,0","19880408",",3,0","-5.6","2,0,19,","152",",,0,27,","152",",,0,27,","22.4","1,,0,27,","26.1","3,0,08,","4152.1","0","275.8","3,0","71.0","1,,,0","211",",,,0","8.09","3,0","15.21","3,,,0","0.97","2,,,0"
"USC00132977","1988-05","43.2844","-93.6305","390.1","FOREST CITY 2 NNE, IA US","37.2","0","37.2","3,0","8",",0","6",",0","0",",0","0",",0","0",",0","0","3,0","0","3,0","0",",0","28",",0","3",",0","","","19880517",",3,0","19880531","+,,0","19880531","+,,0","","","19880508",",,0","19880531","+,,0","3.3","3,0,17,","0",",,0,31,+","0",",,0,31,+","23.6",",,0,08,","32.2",",0,31,+","4191.9","0","39.8",",0","75.6",",,,0","0",",,,0","18.28","3,0","25.68",",,,0","10.89","3,,,0"
"USC00132977","1988-06","43.2844","-93.6305","390.1","FOREST CITY 2 NNE, IA US","167.2","0","130.0",",0","9",",0","6",",0","1",",0","0",",0","0",",0","0",",0","0",",0","0",",0","29",",0","9",",0","","","19880609",",,0","19880630","+,,0","19880630","+,,0","","","19880629",",,0","19880621",",,0","7.2",",0,09,","0",",,0,30,+","0",",,0,30,+","27.2",",,0,29,","37.8",",0,21,","4199.4","0","7.5",",0","95.0",",,,0","0",",,,0","22.42",",0","29.82",",,,0","15.01",",,,0"
"USC00132977","1988-07","43.2844","-93.6305","390.1","FOREST CITY 2 NNE, IA US","319.0","0","151.8",",0","8",",0","6",",0","1",",0","0",",0","0",",0","0",",0","0",",0","0",",0","31",",0","10",",0","","","19880701",",,0","19880731","+,,0","19880731","+,,0","","","19880710",",,0","19880731",",,0","9.4",",0,01,","0",",,0,31,+","0",",,0,31,+","25.4",",,0,10,","38.3",",0,31,","1.5","0","1.5",",0","61.2",",,,0","0",",,,0","23.18",",0","29.86",",,,0","16.51",",,,0"
"USC00132977","1988-08","43.2844","-93.6305","390.1","FOREST CITY 2 NNE, IA US","470.0","0","151.0",",0","9",",0","6",",0","3",",0","0",",0","0",",0","0",",0","0",",0","0",",0","29",",0","9",",0","","","19880829","+,,0","19880831","+,,0","19880831","+,,0","1","","19880803",",,0","19880801",",,0","7.2",",0,29,+","0",",,0,31,+","0",",,0,31,+","55.9",",,0,03,","37.2",",0,01,","14.0","0","12.5",",0","139.3",",,,0","0",",,,0","22.80",",0","29.07",",,,0","16.53",",,,0"
"USC00132977","1988-09","43.2844","-93.6305","390.1","FOREST CITY 2 NNE, IA US","498.9","0","28.9",",0","9",",0","7",",0","2",",0","0",",0","0",",0","0",",0","0",",0","0",",0","21",",0","1",",0","","","19880909",",,0","19880930","+,,0","19880930","+,,0","","","19880929",",,0","19880917",",,0","4.4",",0,09,","0",",,0,30,+","0",",,0,30,+","36.8",",,0,29,","33.3",",0,17,","82.0","0","68.0",",0","125.5",",,,0","0",",,,0","17.03",",0","23.62",",,,0","10.44",",,,0"
"USC00132977","1988-10","43.2844","-93.6305","390.1","FOREST CITY 2 NNE, IA US","498.9","0","0.0","1,0","2","3,0","0","3,0","0","3,0","","","0","2,0","0","1,0","18","1,0","0","1,0","2","1,0","0","1,0","","","19881030",",1,0","","","19881024",",2,0","","","19881019",",3,0","19881016",",1,0","-8.9","1,0,30,","","","0","2,T,0,24,","1.0","3,,0,19,","24.4","1,0,16,","433.6","0","351.6","1,0","1.8","3,,,0","0","2,T,,0","6.61","1,0","13.34","1,,,0","-0.11","1,,,0"
"USC00132977","1988-11","43.2844","-93.6305","390.1","FOREST CITY 2 NNE, IA US","498.9","0","0.0",",0","7","3,0","5","3,0","0","3,0","6",",0","5",",0","0",",0","24",",0","6",",0","0",",0","0",",0","","","19881128",",,0","19881130",",,0","19881130","+,,0","","","19881116",",3,0","19881115","+,,0","-14.4",",0,28,","127",",,0,30,","51",",,0,30,+","22.6","3,,0,16,","15.6",",0,15,+","959.7","0","526.1",",0","40.4","3,,,0","203",",,,0","0.80",",0","5.46",",,,0","-3.87",",,,0"
"USC00132977","1988-12","43.2844","-93.6305","390.1","FOREST CITY 2 NNE, IA US","498.9","0","0.0","1,0","","","","","","","","","","","5","1,0","30","1,0","17",",0","0",",0","0",",0","","","19881210",",1,0","","","","","","","","","19881219",",,0","-21.7","1,0,10,","","","","","","","5.0",",0,19,","1708.5","0","748.8",",0","","","","","-6.54","1,0","-1.73",",,,0","-11.35","1,,,0"
"USC00132977","1989-01","43.2844","-93.6305","390.1","FOREST CITY 2 NNE, IA US","0.0","0","0.0","2,0","2","1,0","1","1,0","0","1,0","5",",0","1",",0","4","2,0","29","2,0","12","1,0","0","1,0","0","1,0","","","19890110","+,2,0","19890130","+,,0","19890126",",,0","","","19890126",",1,0","19890131",",1,0","-20.0","2,0,10,+","25",",,0,30,+","33",",,0,26,","2.5","1,,0,26,","10.0","1,0,31,","2380.7","0","672.2","1,0","2.8","1,,,0","33",",,,0","-4.73","2,0","0.52","1,,,0","-9.98","2,,,0"
"USC00132977","1989-02","43.2844","-93.6305","390.1","FOREST CITY 2 NNE, IA US","0.0","0","0.0",",0","6",",0","3",",0","0",",0","25",",0","3",",0","12",",0","28",",0","23",",0","0",",0","0",",0","","","19890203",",,0","19890223","+,,0","19890202",",,0","","","19890202",",,0","19890225","+,,0","-31.1",",0,03,","51",",,0,23,+","38",",,0,02,","3.0",",,0,02,","4.4",",0,25,+","3227.0","0","846.3",",0","11.9",",,,0","127",",,,0","-11.89",",0","-6.31",",,,0","-17.48",",,,0"
"USC00132977","1989-03","43.2844","-93.6305","390.1","FOREST CITY 2 NNE, IA US","0.0","0","0.0",",0","8",",0","4",",0","0",",0","14",",0","3",",0","4",",0","25",",0","11",",0","2",",0","0",",0","3","","19890317",",,0","19890308","+,,0","19890303",",,0","","","19890303",",,0","19890327",",,0","-23.3",",0,17,","178",",,0,08,+","102",",,0,03,","10.7",",,0,03,","23.9",",0,27,","3886.9","0","659.9",",0","32.6",",,,0","199",",,,0","-2.95",",0","2.54",",,,0","-8.44",",,,0"
"USC00132977","1989-04","43.2844","-93.6305","390.1","FOREST CITY 2 NNE, IA US","1.1","0","1.1",",0","12",",0","7",",0","0",",0","1","1,0","1",",0","0",",0","14",",0","0",",0","7",",0","0",",0","","","19890409",",,0","19890409",",1,0","19890408",",,0","3","","19890427",",,0","19890425",",,0","-9.4",",0,09,","25","1,,0,09,","38",",,0,08,","16.5",",,0,27,","25.6",",0,25,","4202.1","0","315.2",",0","63.6",",,,0","51",",,,0","7.87",",0","13.91",",,,0","1.82",",,,0"
"USC00132977","1989-05","43.2844","-93.6305","390.1","FOREST CITY 2 NNE, IA US","14.5","0","13.4",",0","7",",0","4",",0","0",",0","0",",0","0",",0","0",",0","4",",0","0",",0","19",",0","0",",0","","","19890506",",,0","19890531","+,,0","19890506",",,0","","","19890524","+,,0","19890529",",,0","-3.9",",0,06,","0",",,0,31,+","0",",T,0,06,","5.1",",,0,24,+","30.6",",0,29,","4336.7","0","134.6",",0","21.7",",,,0","0",",T,,0","14.42",",0","21.57",",,,0","7.27",",,,0"
"USC00132977","1989-06","43.2844","-93.6305","390.1","FOREST CITY 2 NNE, IA US","88.5","0","74.0",",0","9",",0","6",",0","1",",0","0",",0","0",",0","0",",0","0",",0","0",",0","26",",0","3",",0","","","19890615",",,0","19890630","+,,0","19890630","+,,0","","","19890626",",,0","19890621",",,0","3.9",",0,15,","0",",,0,30,+","0",",,0,30,+","27.4",",,0,26,","35.0",",0,21,","4373.7","0","37.0",",0","66.2",",,,0","0",",,,0","19.57",",0","26.20",",,,0","12.94",",,,0"
"USC00132977","1989-07","43.2844","-93.6305","390.1","FOREST CITY 2 NNE, IA US","247.3","0","158.8",",0","7",",0","7",",0","0",",0","0",",0","0",",0","0",",0","0",",0","0",",0","31",",0","7",",0","","","19890720","+,,0","19890731","+,,0","19890731","+,,0","","","19890718",",,0","19890709",",,0","12.8",",0,20,+","0",",,0,31,+","0",",,0,31,+","23.6",",,0,18,","36.7",",0,09,","0.0","0","0.0",",0","79.5",",,,0","0",",,,0","23.45",",0","29.40",",,,0","17.51",",,,0"
"USC00132977","1989-08","43.2844","-93.6305","390.1","FOREST CITY 2 NNE, IA US","356.3","0","109.0",",0","7",",0","3",",0","1",",0","0",",0","0",",0","0",",0","0",",0","0",",0","30",",0","3",",0","","","19890808","+,,0","19890831","+,,0","19890831","+,,0","","","19890828",",,0","19890804",",,0","9.4",",0,08,+","0",",,0,31,+","0",",,0,31,+","33.8",",,0,28,","35.6",",0,04,","7.0","0","7.0",",0","55.2",",,,0","0",",,,0","21.62",",0","27.83",",,,0","15.42",",,,0"
"USC00132977","1989-09","43.2844","-93.6305","390.1","FOREST CITY 2 NNE, IA US","376.9","0","20.6",",0","6",",0","5",",0","1",",0","0",",0","0",",0","0",",0","3",",0","0",",0","20",",0","0",",0","","","19890923",",,0","19890930","+,,0","19890930","+,,0","","","19890904",",,0","19890919","+,,0","-1.7",",0,23,","0",",,0,30,+","0",",,0,30,+","27.2",",,0,04,","28.3",",0,19,+","112.4","0","105.4",",0","55.7",",,,0","0",",,,0","15.51",",0","22.24",",,,0","8.77",",,,0"
"USC00132977","1989-10","43.2844","-93.6305","390.1","FOREST CITY 2 NNE, IA US","380.8","0","3.9",",0","6",",0","4",",0","0",",0","1",",0","1",",0","0",",0","12",",0","0",",0","12",",0","0",",0","","","19891019",",,0","19891031",",,0","19891031",",,0","","","19891005",",,0","19891001",",,0","-6.7",",0,19,","25",",,0,31,","25",",,0,31,","8.4",",,0,05,","28.9",",0,01,","371.9","0","259.5",",0","19.0",",,,0","25",",,,0","10.09",",0","17.29",",,,0","2.88",",,,0"
"USC00132977","1989-11","43.2844","-93.6305","390.1","FOREST CITY 2 NNE, IA US","380.8","0","0.0",",0","6",",0","2",",0","0",",0","8",",0","3",",0","5",",0","28",",0","9",",0","0",",0","0",",0","","","19891123",",,0","19891123",",,0","19891123",",,0","","","19891128","+,,0","19891119",",,0","-18.9",",0,23,","76",",,0,23,","51",",,0,23,","2.5",",,0,28,+","17.8",",0,19,","999.3","0","627.4",",0","9.1",",,,0","127",",,,0","-2.58",",0","3.41",",,,0","-8.57",",,,0"
"USC00132977","1989-12","43.2844","-93.6305","390.1","FOREST CITY 2 NNE, IA US","380.8","0","0.0",",0","2",",0","1",",0","0",",0","14",",0","2",",0","15",",0","31",",0","24",",0","0",",0","0",",0","","","19891221",",,0","19891224",",,0","19891213",",,0","","","19891213",",,0","19891205",",,0","-31.1",",0,21,","51",",,0,24,","38",",,0,13,","3.8",",,0,13,","8.3",",0,05,","1939.0","0","939.7",",0","5.8",",,,0","63",",,,0","-11.98",",0","-7.10",",,,0","-16.86",",,,0"
"USC00132977","1990-01","43.2844","-93.6305","390.1","FOREST CITY 2 NNE, IA US","0.0","0","0.0","1,0","3","1,0","2","1,0","0","1,0","10",",0","1",",0","0",",0","31",",0","7","1,0","0","1,0","0","1,0","1","","19900126",",,0","19900122","+,,0","19900121",",,0","","","19900121",",1,0","19900115",",1,0","-17.2",",0,26,","178",",,0,22,+","198",",,0,21,","20.3","1,,0,21,","12.8","1,0,15,","2580.7","0","641.7","1,0","23.6","1,,,0","206",",,,0","-3.09","1,0","2.59","1,,,0","-8.76",",,,0"
"USC00132977","1990-02","43.2844","-93.6305","390.1","FOREST CITY 2 NNE, IA US","0.0","0","0.0",",0","3",",0","2",",0","0",",0","","","2",",0","3",",0","28",",0","12",",0","0",",0","0",",0","","","19900217",",,0","","","19900216",",,0","","","19900216",",,0","19900212",",,0","-22.8",",0,17,","","","102",",,0,16,","10.9",",,0,16,","15.0",",0,12,","3229.7","0","649.0",",0","20.0",",,,0","174",",,,0","-4.84",",0","0.33",",,,0","-10.01",",,,0"
"USC00132977","1990-03","43.2844","-93.6305","390.1","FOREST CITY 2 NNE, IA US","0.0","0","0.0",",0","7",",0","6",",0","1",",0","0",",0","0",",0","0",",0","23",",0","4",",0","1",",0","0",",0","3","","19900323","+,,0","19900331","+,,0","19900331","+,,0","","","19900314",",,0","19900312",",,0","-11.1",",0,23,+","0",",,0,31,+","0",",,0,31,+","37.3",",,0,14,","21.7",",0,12,","3719.1","0","489.4",",0","91.1",",,,0","0",",,,0","2.55",",0","8.06",",,,0","-2.97",",,,0"
"USC00132977","1990-04","43.2844","-93.6305","390.1","FOREST CITY 2 NNE, IA US","12.2","0","12.2",",0","13",",0","5",",0","1",",0","0",",0","0",",0","0",",0","18",",0","0",",0","7",",0","0",",0","","","19900406",",,0","19900430","+,,0","19900430","+,,0","1","","19900424",",,0","19900423",",,0","-10.0",",0,06,","0",",,0,30,+","0",",,0,30,+","52.1",",,0,24,","28.3",",0,23,","4051.2","0","332.1",",0","102.5",",,,0","0",",,,0","7.67",",0","14.11",",,,0","1.23",",,,0"
"USC00132977","1990-05","43.2844","-93.6305","390.1","FOREST CITY 2 NNE, IA US","15.0","0","2.8",",0","11",",0","7",",0","1",",0","0",",0","0",",0","0",",0","2",",0","0",",0","11",",0","0",",0","","","19900501",",,0","19900531","+,,0","19900531","+,,0","1","","19900519",",,0","19900507",",,0","-1.7",",0,01,","0",",,0,31,+","0",",,0,31,+","28.7",",,0,19,","30.6",",0,07,","4214.6","0","163.4",",0","87.0",",,,0","0",",,,0","13.15",",0","19.10",",,,0","7.20",",,,0"
"USC00132977","1990-06","43.2844","-93.6305","390.1","FOREST CITY 2 NNE, IA US","118.6","0","103.6",",0","15",",0","9",",0","0",",0","0",",0","0",",0","0",",0","0",",0","0",",0","27",",0","4",",0","","","19900604",",,0","19900630","+,,0","19900630","+,,0","8","","19900603",",,0","19900627",",,0","3.9",",0,04,","0",",,0,30,+","0",",,0,30,+","23.9",",,0,03,","33.9",",0,27,","4238.8","0","24.2",",0","130.5",",,,0","0",",,,0","20.98",",0","26.63",",,,0","15.33",",,,0"
"USC00132977","1990-07","43.2844","-93.6305","390.1","FOREST CITY 2 NNE, IA US","213.1","0","94.5",",0","12",",0","8",",0","2",",0","0",",0","0",",0","0",",0","0",",0","0",",0","31",",0","1",",0","","","19900713",",,0","19900731","+,,0","19900731","+,,0","1","","19900720",",,0","19900703",",,0","10.0",",0,13,","0",",,0,31,+","0",",,0,31,+","71.6",",,0,20,","37.8",",0,03,","6.1","0","6.1",",0","152.9",",,,0","0",",,,0","21.19",",0","26.60",",,,0","15.77",",,,0"
"USC00132977","1990-08","43.2844","-93.6305","390.1","FOREST CITY 2 NNE, IA US","306.7","0","93.6","1,0","11",",0","8",",0","3",",0","0",",0","0",",0","0","1,0","0","1,0","0",",0","30",",0","1",",0","","","19900813",",1,0","19900831","+,,0","19900831","+,,0","4","","19900803",",,0","19900827",",,0","10.6","1,0,13,","0",",,0,31,+","0",",,0,31,+","78.7",",,0,03,","32.2",",0,27,","10.5","0","4.4",",0","228.1",",,,0","0",",,,0","21.37","1,0","26.59",",,,0","16.15","1,,,0"
"USC00132977","1990-09","43.2844","-93.6305","390.1","FOREST CITY 2 NNE, IA US","370.6","0","63.9",",0","4",",0","2",",0","0",",0","0",",0","0",",0","0",",0","0",",0","0",",0","19",",0","1",",0","3","","19900930","+,,0","19900930","+,,0","19900930","+,,0","1","","19900908",",,0","19900905",",,0","2.2",",0,30,+","0",",,0,30,+","0",",,0,30,+","19.8",",,0,08,","33.3",",0,05,","87.4","0","76.9",",0","32.5",",,,0","0",",,,0","17.90",",0","23.87",",,,0","11.93",",,,0"
"USC00132977","1990-10","43.2844","-93.6305","390.1","FOREST CITY 2 NNE, IA US","372.8","0","2.2",",0","6",",0","4",",0","0",",0","0",",0","0",",0","0",",0","10",",0","0",",0","4",",0","0",",0","","","19901025",",,0","19901031","+,,0","19901018",",,0","","","19901003",",,0","19901005",",,0","-4.4",",0,25,","0",",,0,31,+","0",",T,0,18,","14.2",",,0,03,","29.4",",0,05,","378.0","0","290.6",",0","45.5",",,,0","0",",T,,0","9.03",",0","15.78",",,,0","2.28",",,,0"
"USC00132977","1990-11","43.2844","-93.6305","390.1","FOREST CITY 2 NNE, IA US","372.8","0","0.0",",0","3","1,0","1","1,0","0","1,0","0","2,0","0","1,0","0",",0","22",",0","5",",0","2",",0","0",",0","","","19901129","+,,0","19901129","+,2,0","19901128","+,1,0","","","19901104",",1,0","19901101",",,0","-10.6",",0,29,+","0","2,T,0,29,+","0","1,T,0,28,+","8.4","1,,0,04,","23.3",",0,01,","828.4","0","450.4",",0","11.7","1,,,0","0","1,T,,0","3.32",",0","9.05",",,,0","-2.41",",,,0"
"USC00132977","1990-12","43.2844","-93.6305","390.1","FOREST CITY 2 NNE, IA US","372.8","0","0.0",",0","6",",0","5",",0","0",",0","25",",0","6",",0","11",",0","31",",0","21",",0","0",",0","0",",0","1","","19901223",",,0","19901224","+,,0","19901203",",,0","","","19901203",",,0","19901209",",,0","-31.7",",0,23,","381",",,0,24,+","203",",,0,03,","18.8",",,0,03,","7.2",",0,09,","1697.7","0","869.3",",0","50.9",",,,0","685",",,,0","-9.71",",0","-4.45",",,,0","-14.97",",,,0"
"USC00132977","1991-01","43.2844","-93.6305","390.1","FOREST CITY 2 NNE, IA US","0.0","0","0.0",",0","3","3,0","2","3,0","0","3,0","31",",0","5",",0","17",",0","31",",0","30",",0","0",",0","0",",0","","","19910121","+,,0","19910113","+,,0","19910105",",,0","","","19910105",",3,0","19910119",",,0","-26.7",",0,21,+","483",",,0,13,+","89",",,0,05,","10.2","3,,0,05,","1.7",",0,19,","2669.7","0","972.0",",0","16.0","3,,,0","280",",,,0","-13.02",",0","-7.76",",,,0","-18.28",",,,0"
"USC00132977","1991-02","43.2844","-93.6305","390.1","FOREST CITY 2 NNE, IA US","0.0","0","0.0",",0","3",",0","1",",0","0",",0","18","2,0","0","1,0","2",",0","27",",0","13",",0","0",",0","0",",0","2","","19910215","+,,0","19910201",",2,0","19910227",",1,0","","","19910219",",,0","19910221","+,,0","-20.0",",0,15,+","406","2,,0,01,","20","1,,0,27,","4.6",",,0,19,","5.0",",0,21,+","3313.4","0","643.7",",0","7.1",",,,0","28","1,,,0","-4.66",",0","-0.15",",,,0","-9.16",",,,0"
"USC00132977","1991-03","43.2844","-93.6305","390.1","FOREST CITY 2 NNE, IA US","0.0","0","0.0",",0","10","1,0","6","1,0","2","1,0","4",",0","1",",0","0",",0","24",",0","5",",0","1",",0","0",",0","1","","19910303",",,0","19910313",",,0","19910313",",,0","4","","19910313",",1,0","19910326",",,0","-13.3",",0,03,","152",",,0,13,","152",",,0,13,","71.1","1,,0,13,","25.0",",0,26,","3839.4","0","526.0",",0","138.9","1,,,0","191",",,,0","1.36",",0","6.08",",,,0","-3.35",",,,0"
"USC00132977","1991-04","43.2844","-93.6305","390.1","FOREST CITY 2 NNE, IA US","7.5","0","7.5",",0","11",",0","9",",0","2",",0","0",",0","0",",0","0",",0","4",",0","0",",0","6",",0","0",",0","1","","19910410",",,0","19910430","+,,0","19910430","+,,0","","","19910427",",,0","19910406",",,0","-2.8",",0,10,","0",",,0,30,+","0",",,0,30,+","35.1",",,0,27,","31.1",",0,06,","4112.9","0","273.5",",0","149.0",",,,0","0",",,,0","9.47",",0","14.95",",,,0","3.98",",,,0"
"USC00132977","1991-05","43.2844","-93.6305","390.1","FOREST CITY 2 NNE, IA US","68.4","0","60.9",",0","17",",0","11",",0","3",",0","0",",0","0",",0","0",",0","0",",0","0",",0","20",",0","0",",0","","","19910507",",,0","19910531","+,,0","19910531","+,,0","2","","19910526",",,0","19910528",",,0","1.7",",0,07,","0",",,0,31,+","0",",,0,31,+","39.4",",,0,26,","31.7",",0,28,","4225.7","0","112.8",",0","199.3",",,,0","0",",,,0","16.66",",0","21.32",",,,0","12.00",",,,0"
"USC00132977","1991-06","43.2844","-93.6305","390.1","FOREST CITY 2 NNE, IA US","206.3","0","137.9",",0","9",",0","6",",0","1",",0","0",",0","0",",0","0",",0","0",",0","0",",0","29",",0","5",",0","","","19910606",",,0","19910630","+,,0","19910630","+,,0","1","","19910615",",,0","19910626",",,0","10.6",",0,06,","0",",,0,30,+","0",",,0,30,+","27.9",",,0,15,","35.6",",0,26,","4230.7","0","5.0",",0","85.4",",,,0","0",",,,0","22.76",",0","28.42",",,,0","17.10",",,,0"
"USC00132977","1991-07","43.2844","-93.6305","390.1","FOREST CITY 2 NNE, IA US","327.9","0","121.6",",0","10",",0","7",",0","2",",0","0",",0","0",",0","0",",0","0",",0","0",",0","30",",0","6",",0","","","19910725",",,0","19910731","+,,0","19910731","+,,0","1","","19910712",",,0","19910718","+,,0","10.6",",0,25,","0",",,0,31,+","0",",,0,31,+","35.1",",,0,12,","34.4",",0,18,+","5.8","0","5.8",",0","141.4",",,,0","0",",,,0","22.07",",0","27.47",",,,0","16.67",",,,0"
"USC00132977","1991-08","43.2844","-93.6305","390.1","FOREST CITY 2 NNE, IA US","419.3","0","91.4",",0","10",",0","6",",0","1",",0","0",",0","0",",0","0",",0","0",",0","0",",0","29",",0","0",",0","3","","19910819",",,0","19910831","+,,0","19910831","+,,0","1","","19910808",",,0","19910827","+,,0","8.9",",0,19,","0",",,0,31,+","0",",,0,31,+","53.8",",,0,08,","31.1",",0,27,+","15.5","0","9.7",",0","106.5",",,,0","0",",,,0","20.97",",0","26.43",",,,0","15.51",",,,0"
"USC00132977","1991-09","43.2844","-93.6305","390.1","FOREST CITY 2 NNE, IA US","450.1","0","30.8",",0","11",",0","8",",0","1",",0","0",",0","0",",0","0",",0","2",",0","0",",0","15",",0","0",",0","2","","19910920","+,,0","19910930","+,,0","19910930","+,,0","1","","19910912",",,0","19910907",",,0","-0.6",",0,20,+","0",",,0,30,+","0",",,0,30,+","43.7",",,0,12,","29.4",",0,07,","147.0","0","131.5",",0","100.7",",,,0","0",",,,0","14.98",",0","20.66",",,,0","9.30",",,,0"
"USC00132977","1991-10","43.2844","-93.6305","390.1","FOREST CITY 2 NNE, IA US","450.1","0","0.0",",0","8",",0","4",",0","0",",0","0",",0","0",",0","0",",0","11",",0","2",",0","7",",0","0",",0","1","","19911030",",,0","19911031","+,,0","19911019",",,0","","","19911029",",,0","19911016","+,,0","-6.7",",0,30,","0",",,0,31,+","8",",,0,19,","9.7",",,0,29,","25.6",",0,16,+","459.5","0","312.5",",0","28.1",",,,0","8",",,,0","8.25",",0","14.57",",,,0","1.94",",,,0"
"USC00132977","1991-11","43.2844","-93.6305","390.1","FOREST CITY 2 NNE, IA US","450.1","0","0.0","3,0","7","1,0","6","1,0","2","1,0","","","3","1,0","4","1,0","26","1,0","14","2,0","0","2,0","0","2,0","2","","19911107",",1,0","","","19911123",",1,0","","","19911130",",1,0","19911118",",2,0","-20.6","1,0,07,","","","89","1,,0,23,","49.5","1,,0,30,","10.0","2,0,18,","1062.6","0","603.1","2,0","124.8","1,,,0","216","1,,,0","-4.15","3,0","-0.06","2,,,0","-8.24","1,,,0"
"USC00132977","1991-12","43.2844","-93.6305","390.1","FOREST CITY 2 NNE, IA US","450.1","0","0.0","2,0","2","1,0","2","1,0","0","1,0","","","1","2,0","2","2,0","29","2,0","15","1,0","0","1,0","0","1,0","8","","19911204",",2,0","","","19911203",",2,0","","","19911212",",1,0","19911207",",1,0","-21.1","2,0,04,","","","25","2,,0,03,","14.5","1,,0,12,","5.0","1,0,07,","1712.9","0","650.3","1,0","27.2","1,,,0","25","2,,,0","-4.19","2,0","-0.54","1,,,0","-7.83","2,,,0"
"USC00132977","1992-01","43.2844","-93.6305","390.1","FOREST CITY 2 NNE, IA US","0.0","0","0.0",",0","4","1,0","4","1,0","0","1,0","19",",0","3",",0","6",",0","31",",0","15",",0","0",",0","0",",0","3","","19920115",",,0","19920125",",,0","19920125",",,0","","","19920125",",1,0","19920111",",,0","-25.6",",0,15,","203",",,0,25,","152",",,0,25,","14.0","1,,0,25,","7.2",",0,11,","2453.1","0","740.2",",0","33.5","1,,,0","266",",,,0","-5.54",",0","-1.28",",,,0","-9.81",",,,0"
"USC00132977","1992-02","43.2844","-93.6305","390.1","FOREST CITY 2 NNE, IA US","0.0","0","0.0",",0","2","1,0","2","1,0","0","1,0","18",",0","2",",0","0",",0","29",",0","15",",0","0",",0","0",",0","2","","19920209",",,0","19920220","+,,0","19920218",",,0","","","19920218",",1,0","19920229",",,0","-15.0",",0,09,","178",",,0,20,+","127",",,0,18,","13.5","1,,0,18,","7.2",",0,29,","3059.8","0","606.7",",0","18.8","1,,,0","191",",,,0","-2.59",",0","0.51",",,,0","-5.69",",,,0"
"USC00132977","1992-03","43.2844","-93.6305","390.1","FOREST CITY 2 NNE, IA US","0.0","0","0.0",",0","5","3,0","3","3,0","2","3,0","10","1,0","3","1,0","0",",0","23",",0","5",",0","0",",0","0",",0","8","","19920312",",,0","19920313","+,1,0","19920310",",1,0","1","","19920306",",3,0","19920324",",,0","-15.0",",0,12,","102","1,,0,13,+","76","1,,0,10,","33.0","3,,0,06,","18.3",",0,24,","3587.8","0","528.0",",0","78.2","3,,,0","126","1,,,0","1.30",",0","5.66",",,,0","-3.06",",,,0"
"USC00132977","1992-04","43.2844","-93.6305","390.1","FOREST CITY 2 NNE, IA US","1.4","0","1.4","1,0","6",",0","5",",0","0",",0","0",",0","0",",0","0",",0","10",",0","1","1,0","3","1,0","0","1,0","","","19920412","+,,0","19920430","+,,0","19920422",",,0","","","19920420",",,0","19920430",",1,0","-7.2",",0,12,+","0",",,0,30,+","0",",T,0,22,","23.1",",,0,20,","29.4","1,0,30,","3930.1","0","342.3","1,0","85.1",",,,0","0",",T,,0","6.56","1,0","11.77","1,,,0","1.36",",,,0"
"USC00132977","1992-05","43.2844","-93.6305","390.1","FOREST CITY 2 NNE, IA US","20.0","0","18.6","2,0","8",",0","6",",0","0",",0","0",",0","0",",0","0","1,0","0","1,0","0","1,0","19","1,0","1","1,0","","","19920506","+,1,0","19920531","+,,0","19920531","+,,0","","","19920517",",,0","19920501",",1,0","1.1","1,0,06,+","0",",,0,31,+","0",",,0,31,+","23.4",",,0,17,","33.3","1,0,01,","4037.0","0","106.9","1,0","61.1",",,,0","0",",,,0","15.31","2,0","22.52","1,,,0","8.09","1,,,0"
"USC00132977","1992-06","43.2844","-93.6305","390.1","FOREST CITY 2 NNE, IA US","75.4","0","55.4",",0","6",",0","4",",0","1",",0","0",",0","0",",0","0",",0","0",",0","0",",0","27",",0","1",",0","","","19920621",",,0","19920630","+,,0","19920630","+,,0","2","","19920616",",,0","19920612",",,0","3.3",",0,21,","0",",,0,30,+","0",",,0,30,+","50.8",",,0,16,","32.2",",0,12,","4064.8","0","27.8",",0","81.6",",,,0","0",",,,0","19.25",",0","25.71",",,,0","12.80",",,,0"
"USC00132977","1992-07","43.2844","-93.6305","390.1","FOREST CITY 2 NNE, IA US","112.9","0","37.5",",0","11",",0","8",",0","2",",0","0",",0","0",",0","0",",0","0",",0","0",",0","24",",0","0",",0","","","19920721",",,0","19920731","+,,0","19920731","+,,0","2","","19920716",",,0","19920701",",,0","7.2",",0,21,","0",",,0,31,+","0",",,0,31,+","36.3",",,0,16,","30.6",",0,01,","28.0","0","28.0",",0","151.4",",,,0","0",",,,0","18.64",",0","23.69",",,,0","13.59",",,,0"
"USC00132977","1992-08","43.2844","-93.6305","390.1","FOREST CITY 2 NNE, IA US","147.6","0","34.7","2,0","8",",0","7",",0","1",",0","0",",0","0",",0","0","2,0","0","2,0","0",",0","25",",0","0",",0","","","19920831","+,2,0","19920831","+,,0","19920831","+,,0","","","19920808",",,0","19920809",",,0","6.1","2,0,31,+","0",",,0,31,+","0",",,0,31,+","30.0",",,0,08,","31.7",",0,09,","70.5","0","42.5",",0","87.3",",,,0","0",",,,0","18.07","2,0","24.06",",,,0","12.07","2,,,0"
"USC00132977","1992-09","43.2844","-93.6305","390.1","FOREST CITY 2 NNE, IA US","162.1","0","14.5",",0","10",",0","9",",0","1",",0","0",",0","0",",0","0",",0","2",",0","0",",0","19",",0","0",",0","1","","19920922",",,0","19920930","+,,0","19920930","+,,0","2","","19920914",",,0","19920916","+,,0","-1.7",",0,22,","0",",,0,30,+","0",",,0,30,+","28.7",",,0,14,","27.8",",0,16,+","179.7","0","109.2",",0","97.7",",,,0","0",",,,0","15.18",",0","22.08",",,,0","8.28",",,,0"
"USC00132977","1992-10","43.2844","-93.6305","390.1","FOREST CITY 2 NNE, IA US","163.2","0","1.1","1,0","3",",0","3",",0","1",",0","0",",0","0",",0","0","1,0","10","1,0","0",",0","8",",0","0",",0","","","19921018",",1,0","19921031","+,,0","19921031","+,,0","","","19921008",",,0","19921002",",,0","-6.7","1,0,18,","0",",,0,31,+","0",",,0,31,+","27.2",",,0,08,","30.0",",0,02,","477.4","0","297.7",",0","65.1",",,,0","0",",,,0","8.67","1,0","14.84",",,,0","2.50","1,,,0"
"USC00132977","1992-11","43.2844","-93.6305","390.1","FOREST CITY 2 NNE, IA US","163.2","0","0.0","2,0","5",",0","4",",0","1",",0","0","4,0","0",",0","0","2,0","27","2,0","12",",0","0",",0","0",",0","","","19921128",",2,0","19921130","+,4,0","19921125",",,0","","","19921102",",,0","19921109",",,0","-10.0","2,0,28,","0","4,T,0,30,+","13",",,0,25,","43.2",",,0,02,","12.2",",0,09,","1031.0","0","553.6",",0","80.5",",,,0","13",",,,0","-1.17","2,0","1.78",",,,0","-4.13","2,,,0"
"USC00132977","1992-12","43.2844","-93.6305","390.1","FOREST CITY 2 NNE, IA US","163.2","0","0.0",",0","","","","","","","31",",0","4","3,0","5",",0","31",",0","26",",0","0",",0","0",",0","","","19921231",",,0","19921208","+,,0","19921207",",3,0","","","","","19921227",",,0","-26.1",",0,31,","127",",,0,08,+","76","3,,0,07,","","","6.7",",0,27,","1816.2","0","785.2",",0","","","151","3,,,0","-7.00",",0","-2.66",",,,0","-11.33",",,,0"
"USC00132977","1993-01","43.2844","-93.6305","390.1","FOREST CITY 2 NNE, IA US","0.0","0","0.0",",0","4",",0","3",",0","0",",0","31",",0","3","1,0","11",",0","31",",0","26",",0","0",",0","0",",0","","","19930101",",,0","19930116","+,,0","19930113",",1,0","","","19930113",",,0","19930131",",,0","-27.2",",0,01,","381",",,0,16,+","178","1,,0,13,","17.0",",,0,13,","3.3",",0,31,","2725.6","0","909.4",",0","31.0",",,,0","356","1,,,0","-11.00",",0","-6.26",",,,0","-15.75",",,,0"
"USC00132977","1993-02","43.2844","-93.6305","390.1","FOREST CITY 2 NNE, IA US","0.0","0","0.0",",0","2","4,0","1","4,0","0","4,0","28",",0","4","1,0","9",",0","28",",0","25",",0","0",",0","0",",0","2","","19930217",",,0","19930227","+,,0","19930221",",1,0","","","19930211",",4,0","19930201",",,0","-26.7",",0,17,","457",",,0,27,+","229","1,,0,21,","6.4","4,,0,11,","4.4",",0,01,","3508.9","0","783.3",",0","8.4","4,,,0","375","1,,,0","-9.64",",0","-6.12",",,,0","-13.16",",,,0"
"USC00132977","1993-03","43.2844","-93.6305","390.1","FOREST CITY 2 NNE, IA US","0.0","0","0.0",",0","2","5,0","2","5,0","0","5,0","27",",0","2","3,0","6",",0","29",",0","11",",0","0",",0","0",",0","8","","19930314","+,,0","19930301",",,0","19930322",",3,0","1","","19930331",",5,0","19930329",",,0","-23.3",",0,14,+","381",",,0,01,","152","3,,0,22,","23.4","5,,0,31,","9.4",",0,29,","4189.4","0","680.5",",0","43.5","1,a,,0","190","3,,,0","-3.62",",0","0.19",",,,0","-7.43",",,,0"
"USC00132977","1993-04","43.2844","-93.6305","390.1","FOREST CITY 2 NNE, IA US","0.0","0","0.0","2,0","12",",0","9",",0","1",",0","1","2,0","1","1,0","0","2,0","15","2,0","1",",0","1",",0","0",",0","1","","19930402",",2,0","19930420",",2,0","19930420",",1,0","","","19930420",",,0","19930428",",,0","-7.2","2,0,02,","51","2,,0,20,","51","1,,0,20,","29.2",",,0,20,","22.2",",0,28,","4538.2","0","348.8",",0","97.5",",,,0","51","1,,,0","5.88","2,0","11.09",",,,0","0.68","2,,,0"
"USC00132977","1993-05","43.2844","-93.6305","390.1","FOREST CITY 2 NNE, IA US","4.2","0","4.2","5,0","11","5,0","9","5,0","0","5,0","0",",0","0",",0","0","5,0","0","5,0","0","3,0","10","3,0","0","3,0","","","19930520","+,5,0","19930531","+,,0","19930531","+,,0","","","19930527",",5,0","19930527",",3,0","3.3","5,0,20,+","0",",,0,31,+","0",",,0,31,+","23.4","5,,0,27,","27.2","3,0,27,","4662.3","0","124.1","3,0","175.8",",a,,0","0",",,,0","13.66","5,0","18.94","3,,,0","8.38","5,,,0"
"USC00132977","1993-06","43.2844","-93.6305","390.1","FOREST CITY 2 NNE, IA US","48.1","0","43.9","5,0","13","2,0","11","2,0","5","2,0","0",",0","0",",0","0","3,0","0","3,0","0","3,0","18","3,0","0","3,0","","","19930601",",3,0","19930630","+,,0","19930630","+,,0","1","","19930630",",2,0","19930623",",3,0","5.0","3,0,01,","0",",,0,30,+","0",",,0,30,+","51.6","2,,0,30,","30.0","3,0,23,","4695.7","0","33.4","3,0","245.8",",a,,0","0",",,,0","18.62","5,0","23.68","3,,,0","13.56","3,,,0"
"USC00132977","1993-07","43.2844","-93.6305","390.1","FOREST CITY 2 NNE, IA US","137.2","0","89.1","2,0","12",",0","8",",0","3",",0","0",",0","0",",0","0","2,0","0","2,0","0",",0","31",",0","0",",0","","","19930729",",2,0","19930731","+,,0","19930731","+,,0","2","","19930718","+,,0","19930703",",,0","10.0","2,0,29,","0",",,0,31,+","0",",,0,31,+","42.9",",,0,18,+","31.1",",0,03,","1.1","0","1.1",",0","171.7",",,,0","0",",,,0","21.41","2,0","26.13",",,,0","16.70","2,,,0"
"USC00132977","1993-08","43.2844","-93.6305","390.1","FOREST CITY 2 NNE, IA US","211.9","0","74.7","3,0","13",",0","9",",0","1",",0","0",",0","0",",0","0","2,0","0","2,0","0","1,0","29","1,0","0","1,0","","","19930806",",2,0","19930831","+,,0","19930831","+,,0","","","19930815",",,0","19930826","+,1,0","8.3","2,0,06,","0",",,0,31,+","0",",,0,31,+","35.6",",,0,15,","31.1","1,0,26,+","12.5","0","11.4","1,0","121.4",",,,0","0",",,,0","20.62","3,0","26.01","1,,,0","15.22","2,,,0"
"USC00132977","1993-09","43.2844","-93.6305","390.1","FOREST CITY 2 NNE, IA US","218.5","0","6.6","5,0","7","1,0","5","1,0","1","1,0","0",",0","0",",0","0","3,0","1","3,0","0","4,0","10","4,0","0","4,0","","","19930927",",3,0","19930930","+,,0","19930930","+,,0","","","19930914",",1,0","19930912",",4,0","0.0","3,0,27,","0",",,0,30,+","0",",,0,30,+","36.8","1,,0,14,","30.0","4,0,12,","129.4","0","116.9","4,0","63.1","1,,,0","0",",,,0","13.86","5,0","19.96","4,,,0","7.77","3,,,0"
"USC00132977","1993-10","43.2844","-93.6305","390.1","FOREST CITY 2 NNE, IA US","226.8","0","8.3","1,0","2",",0","2",",0","0",",0","0",",0","0",",0","0",",0","12",",0","1","1,0","8","1,0","0","1,0","","","19931031",",,0","19931031","+,,0","19931031","+,,0","","","19931009",",,0","19931007",",1,0","-9.4",",0,31,","0",",,0,31,+","0",",,0,31,+","12.7",",,0,09,","30.0","1,0,07,","410.7","0","281.3","1,0","19.3",",,,0","0",",,,0","9.18","1,0","15.39","1,,,0","2.98",",,,0"
"USC00132977","1993-11","43.2844","-93.6305","390.1","FOREST CITY 2 NNE, IA US","226.8","0","0.0","2,0","4",",0","4",",0","0",",0","9",",0","3",",0","2","1,0","28","1,0","5","1,0","0","1,0","0","1,0","","","19931128","+,1,0","19931129","+,,0","19931128","+,,0","","","19931113",",,0","19931104",",1,0","-17.8","1,0,28,+","76",",,0,29,+","38",",,0,28,+","10.2",",,0,13,","15.6","1,0,04,","915.7","0","505.0","1,0","24.4",",,,0","114",",,,0","0.09","2,0","5.41","1,,,0","-5.22","1,,,0"
"USC00132977","1993-12","43.2844","-93.6305","390.1","FOREST CITY 2 NNE, IA US","226.8","0","0.0","3,0","1","4,0","1","4,0","0","4,0","12",",0","4",",0","8","1,0","29","1,0","13","2,0","0","2,0","0","2,0","","","19931228",",1,0","19931231","+,,0","19931226",",,0","","","19931214",",4,0","19931212",",2,0","-29.4","1,0,28,","76",",,0,31,+","51",",,0,26,","13.2","4,,0,14,","6.7","2,0,12,","1570.6","0","654.9","2,0","13.2","4,,,0","139",",,,0","-5.34","3,0","-1.26","2,,,0","-9.42","1,,,0"
"USC00132977","1994-01","43.2844","-93.6305","390.1","FOREST CITY 2 NNE, IA US","0.0","0","0.0","5,0","5","5,0","3","5,0","0","5,0","31",",0","8","1,0","15","5,0","26","5,0","27","2,0","0","2,0","0","2,0","1","","19940121",",5,0","19940121","+,,0","19940103",",1,0","","","19940117",",5,0","19940123","+,2,0","-31.7","5,0,21,","356",",,0,21,+","127","1,,0,03,","8.9","5,,0,17,","2.2","2,0,23,+","2442.6","0","872.0","2,0","20.6","5,,,0","507","1,,,0","-15.06","5,0","-10.63","2,,,0","-19.49","5,,,0"
"USC00132977","1994-02","43.2844","-93.6305","390.1","FOREST CITY 2 NNE, IA US","0.0","0","0.0","1,0","0","5,0","0","5,0","0","5,0","28",",0","3",",0","14",",0","28",",0","22","1,0","0","1,0","0","1,0","","","19940209",",,0","19940211","+,,0","19940223",",,0","","","19940228","+,5,0","19940219",",1,0","-31.1",",0,09,","330",",,0,11,+","152",",,0,23,","0.0","5,,0,28,+","7.8","1,0,19,","3225.6","0","783.0","1,0","0.0","5,,,0","330",",,,0","-10.58","1,0","-5.70","1,,,0","-15.45",",,,0"
"USC00132977","1994-03","43.2844","-93.6305","390.1","FOREST CITY 2 NNE, IA US","0.0","0","0.0","4,0","1",",0","0",",0","0",",0","0","4,0","0",",0","0","1,0","24","1,0","4","3,0","1","3,0","0","3,0","","","19940301",",1,0","19940331","+,4,0","19940326",",,0","","","19940326",",,0","19940323",",3,0","-16.1","1,0,01,","0","4,,0,31,+","13",",,0,26,","1.0",",,0,26,","21.7","3,0,23,","3656.4","0","430.8","3,0","1.0",",,,0","13",",,,0","2.42","4,0","7.96","3,,,0","-3.11","1,,,0"
"USC00132977","1994-04","43.2844","-93.6305","390.1","FOREST CITY 2 NNE, IA US","8.7","0","8.7","2,0","7",",0","7",",0","0",",0","0",",0","0",",0","0",",0","11",",0","0","2,0","7","2,0","0","2,0","","","19940406",",,0","19940430","+,,0","19940430","+,,0","","","19940413",",,0","19940418",",2,0","-8.9",",0,06,","0",",,0,30,+","0",",,0,30,+","19.1",",,0,13,","31.7","2,0,18,","3934.3","0","277.9","2,0","61.5",",,,0","0",",,,0","8.82","2,0","15.90","2,,,0","1.75",",,,0"
"USC00132977","1994-05","43.2844","-93.6305","390.1","FOREST CITY 2 NNE, IA US","41.8","0","33.1","1,0","7",",0","5",",0","0",",0","0",",0","0",",0","0",",0","1",",0","0","1,0","22","1,0","0","1,0","","","19940501",",,0","19940531","+,,0","19940531","+,,0","1","","19940505",",,0","19940530",",1,0","0.0",",0,01,","0",",,0,31,+","0",",,0,31,+","15.2",",,0,05,","31.7","1,0,30,","4024.3","0","90.0","1,0","47.5",",,,0","0",",,,0","16.51","1,0","23.46","1,,,0","9.56",",,,0"
"USC00132977","1994-06","43.2844","-93.6305","390.1","FOREST CITY 2 NNE, IA US","128.4","0","86.6","3,0","12",",0","9",",0","3",",0","0",",0","0",",0","0","1,0","0","1,0","0","2,0","28","2,0","4","2,0","","","19940604",",1,0","19940630","+,,0","19940630","+,,0","","","19940613",",,0","19940620","+,2,0","8.3","1,0,04,","0",",,0,30,+","0",",,0,30,+","29.2",",,0,13,","32.8","2,0,20,+","4030.7","0","6.4","2,0","152.9",",,,0","0",",,,0","21.44","3,0","27.07","2,,,0","15.82","1,,,0"
"USC00132977","1994-07","43.2844","-93.6305","390.1","FOREST CITY 2 NNE, IA US","190.8","0","62.4","4,0","14",",0","10",",0","2",",0","0",",0","0",",0","0",",0","0",",0","0","4,0","26","4,0","0","4,0","","","19940726",",,0","19940731","+,,0","19940731","+,,0","3","","19940714",",,0","19940731",",4,0","10.0",",0,26,","0",",,0,31,+","0",",,0,31,+","34.8",",,0,14,","30.6","4,0,31,","4.2","0","4.2","4,0","164.7",",,,0","0",",,,0","20.50","4,0","25.93","4,,,0","15.06",",,,0"
"USC00132977","1994-08","43.2844","-93.6305","390.1","FOREST CITY 2 NNE, IA US","","","","","7",",0","6",",0","1",",0","0",",0","0",",0","0","4,0","0","4,0","0","4,0","24","4,0","0","4,0","","","19940814",",4,0","19940831","+,,0","19940831","+,,0","1","","19940810",",,0","19940824",",4,0","6.7","4,0,14,","0",",,0,31,+","0",",,0,31,+","31.0",",,0,10,","31.1","4,0,24,","","","","","103.0",",,,0","0",",,,0","19.63","7,0","24.91","4,,,0","14.34","4,,,0"
"USC00132977","1994-09","43.2844","-93.6305","390.1","FOREST CITY 2 NNE, IA US","","","41.7","5,0","9",",0","8",",0","1",",0","0",",0","0",",0","0","1,0","0","1,0","0","4,0","19","4,0","2","4,0","","","19940928",",1,0","19940930","+,,0","19940930","+,,0","","","19940922",",,0","19940914",",4,0","5.0","1,0,28,","0",",,0,30,+","0",",,0,30,+","29.7",",,0,22,","32.8","4,0,14,","","","40.6","4,0","77.1",",,,0","0",",,,0","18.33","5,0","24.25","4,,,0","12.41","1,,,0"
"USC00132977","1994-10","43.2844","-93.6305","390.1","FOREST CITY 2 NNE, IA US","","","0.0","4,0","6",",0","5",",0","1",",0","0",",0","0",",0","0",",0","4",",0","0","4,0","3","4,0","0","4,0","","","19941026",",,0","19941031","+,,0","19941031","+,,0","","","19941007",",,0","19941006",",4,0","-4.4",",0,26,","0",",,0,31,+","0",",,0,31,+","28.7",",,0,07,","25.0","4,0,06,","","","189.2","4,0","59.7",",,,0","0",",,,0","11.40","4,0","16.59","4,,,0","6.22",",,,0"
"USC00132977","1994-11","43.2844","-93.6305","390.1","FOREST CITY 2 NNE, IA US","","","0.0","4,0","5",",0","3",",0","0",",0","3","1,0","1",",0","0","1,0","20","1,0","1","3,0","0","3,0","0","3,0","","","19941122",",1,0","19941129","+,1,0","19941128",",,0","","","19941121",",,0","19941107",",3,0","-11.7","1,0,22,","102","1,,0,29,+","102",",,0,28,","16.5",",,0,21,","18.9","3,0,07,","","","392.9","3,0","37.3",",,,0","115",",,,0","3.37","4,0","8.34","3,,,0","-1.60","1,,,0"
"USC00132977","1994-12","43.2844","-93.6305","390.1","FOREST CITY 2 NNE, IA US","","","0.0","4,0","","","","","","","","","4",",0","1","2,0","29","2,0","15","3,0","0","3,0","0","3,0","","","19941211",",2,0","","","19941207",",,0","","","","","19941201",",3,0","-21.7","2,0,11,","","","102",",,0,07,","","","9.4","3,0,01,","","","621.9","3,0","","","271",",,,0","-4.73","4,0","-1.15","3,,,0","-8.32","2,,,0"
"USC00132977","1995-01","43.2844","-93.6305","390.1","FOREST CITY 2 NNE, IA US","0.0","0","0.0","4,0","1","3,0","1","3,0","0","3,0","16","5,0","3",",0","7","2,0","29","2,0","25","2,0","0","2,0","0","2,0","","","19950104",",2,0","19950110","+,5,0","19950128",",,0","","","19950117",",3,0","19950131",",2,0","-23.3","2,0,04,","76","5,,0,10,+","64",",,0,28,","3.8","3,,0,17,","5.0","2,0,31,","","","729.2","2,0","3.8","3,,,0","140",",,,0","-8.68","4,0","-4.73","2,,,0","-12.63","2,,,0"
"USC00132977","1995-02","43.2844","-93.6305","390.1","FOREST CITY 2 NNE, IA US","0.0","0","0.0","2,0","0","2,0","0","2,0","0","2,0","","","0","2,0","6",",0","28",",0","11","2,0","0","2,0","0","2,0","","","19950211",",,0","","","19950228",",2,0","","","19950228",",2,0","19950222",",2,0","-23.9",",0,11,","","","0","2,T,0,28,","0.0","2,T,0,28,","8.3","2,0,22,","","","624.6","2,0","0.0","2,T,,0","0","2,T,,0","-5.68","2,0","-1.01","2,,,0","-10.35",",,,0"
"USC00132977","1995-03","43.2844","-93.6305","390.1","FOREST CITY 2 NNE, IA US","0.0","0","0.0","2,0","8",",0","6",",0","1",",0","10",",0","2",",0","4","1,0","19","1,0","7","1,0","0","1,0","0","1,0","","","19950308",",1,0","19950309","+,,0","19950307",",,0","","","19950326",",,0","19950316",",1,0","-23.3","1,0,08,","279",",,0,09,+","254",",,0,07,","39.6",",,0,26,","20.6","1,0,16,","","","500.5","1,0","84.0",",,,0","279",",,,0","1.09","2,0","5.95","1,,,0","-3.77","1,,,0"
"USC00132977","1995-04","43.2844","-93.6305","390.1","FOREST CITY 2 NNE, IA US","0.0","0","0.0","5,0","13",",0","10",",0","1",",0","0",",0","0",",0","0","2,0","11","2,0","0","3,0","1","3,0","0","3,0","","","19950404",",2,0","19950430","+,,0","19950430","+,,0","","","19950408",",,0","19950402",",3,0","-13.3","2,0,04,","0",",,0,30,+","0",",,0,30,+","25.4",",,0,08,","23.9","3,0,02,","","","280.9","3,0","112.4",",,,0","0",",,,0","6.52","5,0","12.27","3,,,0","0.77","2,,,0"
"USC00132977","1995-05","43.2844","-93.6305","390.1","FOREST CITY 2 NNE, IA US","1.4","0","1.4","3,0","10",",0","8",",0","1",",0","0",",0","0",",0","0",",0","0",",0","0","3,0","10","3,0","0","3,0","","","19950512",",,0","19950531","+,,0","19950531","+,,0","","","19950528",",,0","19950516",",3,0","0.6",",0,12,","0",",,0,31,+","0",",,0,31,+","50.8",",,0,28,","26.7","3,0,16,","","","136.7","3,0","126.1",",,,0","0",",,,0","13.56","3,0","19.40","3,,,0","7.73",",,,0"
"USC00132977","1995-06","43.2844","-93.6305","390.1","FOREST CITY 2 NNE, IA US","104.7","0","103.3","1,0","11",",0","9",",0","1",",0","0",",0","0",",0","0",",0","0",",0","0","1,0","25","1,0","5","1,0","","","19950608",",,0","19950630","+,,0","19950630","+,,0","1","","19950607",",,0","19950622","+,1,0","7.2",",0,08,","0",",,0,30,+","0",",,0,30,+","33.5",",,0,07,","33.9","1,0,22,+","","","15.8","1,0","121.1",",,,0","0",",,,0","21.43","1,0","26.53","1,,,0","16.33",",,,0"
"USC00132977","1995-07","43.2844","-93.6305","390.1","FOREST CITY 2 NNE, IA US","239.5","0","134.8","1,0","9",",0","6",",0","0",",0","0",",0","0",",0","0",",0","0",",0","0","1,0","29","1,0","7","1,0","","","19950701",",,0","19950731","+,,0","19950731","+,,0","1","","19950720",",,0","19950713",",1,0","8.3",",0,01,","0",",,0,31,+","0",",,0,31,+","19.1",",,0,20,","37.8","1,0,13,","5.3","0","5.3","1,0","58.3",",,,0","0",",,,0","22.62","1,0","28.56","1,,,0","16.68",",,,0"
"USC00132977","1995-08","43.2844","-93.6305","390.1","FOREST CITY 2 NNE, IA US","407.5","0","168.0","3,0","7",",0","6",",0","1",",0","0",",0","0",",0","0",",0","0",",0","0","3,0","28","3,0","8","3,0","","","19950820","+,,0","19950831","+,,0","19950831","+,,0","","","19950829",",,0","19950828","+,3,0","12.2",",0,20,+","0",",,0,31,+","0",",,0,31,+","66.8",",,0,29,","33.9","3,0,28,+","5.9","0","0.6","3,0","113.8",",,,0","0",",,,0","24.18","3,0","29.70","3,,,0","18.65",",,,0"
"USC00132977","1995-09","43.2844","-93.6305","390.1","FOREST CITY 2 NNE, IA US","436.9","0","29.4","4,0","9",",0","6",",0","1",",0","0",",0","0",",0","0","1,0","1","1,0","0","3,0","15","3,0","0","3,0","","","19950922",",1,0","19950930","+,,0","19950930","+,,0","","","19950919",",,0","19950913","+,3,0","-2.2","1,0,22,","0",",,0,30,+","0",",,0,30,+","38.9",",,0,19,","28.9","3,0,13,+","116.5","0","110.6","3,0","86.1",",,,0","0",",,,0","15.37","4,0","21.40","3,,,0","9.34","1,,,0"
"USC00132977","1995-10","43.2844","-93.6305","390.1","FOREST CITY 2 NNE, IA US","","","","","9",",0","6",",0","0",",0","0",",0","0",",0","0","1,0","7","1,0","","","","","","","","","19951022",",1,0","19951031","+,,0","19951031","+,,0","","","19951023",",,0","","","-4.4","1,0,22,","0",",,0,31,+","0",",,0,31,+","19.1",",,0,23,","","","","","","","71.9",",,,0","0",",,,0","","","","","4.47","1,,,0"
"USC00132977","1995-11","43.2844","-93.6305","390.1","FOREST CITY 2 NNE, IA US","","","","","4","1,0","2","1,0","0","1,0","2","2,0","2",",0","0",",0","29",",0","","","","","","","","","19951128",",,0","19951128",",2,0","19951127",",,0","","","19951127",",1,0","","","-17.2",",0,28,","76","2,,0,28,","51",",,0,27,","4.6","1,,0,27,","","","","","","","9.5","1,,,0","76",",,,0","","","","","-7.67",",,,0"
"USC00132977","1995-12","43.2844","-93.6305","390.1","FOREST CITY 2 NNE, IA US","","","","","2","1,0","1","1,0","0","1,0","","","3",",0","4","5,0","26","5,0","17","5,0","0","5,0","0","5,0","","","19951210","+,5,0","","","19951208",",,0","","","19951208",",1,0","19951202",",5,0","-22.2","5,0,10,+","","","76",",,0,08,","5.8","1,,0,08,","11.7","5,0,02,","","","","","7.6","1,,,0","126",",,,0","-5.98","7,0","-2.04","5,,,0","-9.92","5,,,0"
"USC00132977","1996-01","43.2844","-93.6305","390.1","FOREST CITY 2 NNE, IA US","","","","","7","2,0","4","2,0","0","2,0","30","1,0","6",",0","13","5,0","26","5,0","","","","","","","","","19960131",",5,0","19960131","+,1,0","19960127","+,,0","","","19960118",",2,0","","","-29.4","5,0,31,","406","1,,0,31,+","152",",,0,27,+","13.7","2,,0,18,","","","","","","","34.5","2,,,0","507",",,,0","","","","","-16.45","5,,,0"
"USC00132977","1996-02","43.2844","-93.6305","390.1","FOREST CITY 2 NNE, IA US","","","","","2","1,0","0","1,0","0","1,0","","","0",",0","8","1,0","26","1,0","12","5,0","0","5,0","0","5,0","","","19960202",",1,0","","","19960216",",,0","","","19960227",",1,0","19960224",",5,0","-35.6","1,0,02,","","","13",",,0,16,","1.0","1,,0,27,","13.3","5,0,24,","","","","","1.3","1,,,0","13",",,,0","-6.17","6,0","-1.80","5,,,0","-10.54","1,,,0"
"USC00132977","1996-03","43.2844","-93.6305","390.1","FOREST CITY 2 NNE, IA US","","","0.0","1,0","1","5,0","0","5,0","0","5,0","","","1","1,0","4",",0","28",",0","10","1,0","0","1,0","0","1,0","","","19960307",",,0","","","19960325",",1,0","","","19960314",",5,0","19960313",",1,0","-22.8",",0,07,","","","127","1,,0,25,","2.0","5,,0,14,","18.3","1,0,13,","","","623.4","1,0","69.3","3,a,,0","153","1,,,0","-2.32","1,0","3.34","1,,,0","-7.97",",,,0"
"USC00132977","1996-04","43.2844","-93.6305","390.1","FOREST CITY 2 NNE, IA US","","","0.0","5,0","6",",0","5",",0","0",",0","1","3,0","1",",0","0","2,0","15","2,0","0","3,0","4","3,0","0","3,0","","","19960406","+,2,0","19960415",",3,0","19960415",",,0","","","19960419",",,0","19960417",",3,0","-4.4","2,0,06,+","76","3,,0,15,","76",",,0,15,","9.9",",,0,19,","26.1","3,0,17,","","","312.5","3,0","32.2",",,,0","76",",,,0","6.24","5,0","12.59","3,,,0","-0.11","2,,,0"
"USC00132977","1996-05","43.2844","-93.6305","390.1","FOREST CITY 2 NNE, IA US","","","6.7","5,0","11",",0","5",",0","0",",0","0",",0","0",",0","0","1,0","2","1,0","0","4,0","8","4,0","0","4,0","","","19960502","+,1,0","19960531","+,,0","19960531","+,,0","","","19960528",",,0","19960518","+,4,0","0.0","1,0,02,+","0",",,0,31,+","0",",,0,31,+","20.8",",,0,28,","31.1","4,0,18,+","","","157.4","4,0","64.8",",,,0","0",",,,0","12.73","5,0","18.09","4,,,0","7.38","1,,,0"
"USC00132977","1996-06","43.2844","-93.6305","390.1","FOREST CITY 2 NNE, IA US","","","77.9","3,0","10",",0","6",",0","1",",0","0",",0","0",",0","0",",0","0",",0","0","3,0","21","3,0","4","3,0","","","19960604",",,0","19960630","+,,0","19960630","+,,0","","","19960617",",,0","19960629","+,3,0","5.0",",0,04,","0",",,0,30,+","0",",,0,30,+","42.7",",,0,17,","33.3","3,0,29,+","","","32.3","3,0","96.1",",,,0","0",",,,0","20.16","3,0","25.67","3,,,0","14.65",",,,0"
"USC00132977","1996-07","43.2844","-93.6305","390.1","FOREST CITY 2 NNE, IA US","","","69.9","2,0","4",",0","3",",0","0",",0","0",",0","0",",0","0",",0","0",",0","0","2,0","29","2,0","0","2,0","","","19960710",",,0","19960731","+,,0","19960731","+,,0","","","19960728",",,0","19960718",",2,0","9.4",",0,10,","0",",,0,31,+","0",",,0,31,+","19.1",",,0,28,","31.7","2,0,18,","4.2","0","4.2","2,0","32.1",",,,0","0",",,,0","20.67","2,0","26.28","2,,,0","15.06",",,,0"
"USC00132977","1996-08","43.2844","-93.6305","390.1","FOREST CITY 2 NNE, IA US","","","58.2","4,0","4",",0","4",",0","1",",0","0",",0","0",",0","0",",0","0",",0","0","4,0","27","4,0","0","4,0","","","19960823",",,0","19960831","+,,0","19960831","+,,0","","","19960805",",,0","19960806",",4,0","10.6",",0,23,","0",",,0,31,+","0",",,0,31,+","28.7",",,0,05,","31.7","4,0,06,","6.6","0","2.4","4,0","74.2",",,,0","0",",,,0","20.54","4,0","26.41","4,,,0","14.67",",,,0"
"USC00132977","1996-09","43.2844","-93.6305","390.1","FOREST CITY 2 NNE, IA US","","","27.5","2,0","7",",0","6",",0","0",",0","0",",0","0",",0","0",",0","0",",0","0","2,0","14","2,0","0","2,0","","","19960914",",,0","19960930","+,,0","19960930","+,,0","","","19960903",",,0","19960904",",2,0","1.1",",0,14,","0",",,0,30,+","0",",,0,30,+","16.3",",,0,03,","28.3","2,0,04,","110.3","0","103.7","2,0","68.5",",,,0","0",",,,0","15.65","2,0","21.44","2,,,0","9.87",",,,0"
"USC00132977","1996-10","43.2844","-93.6305","390.1","FOREST CITY 2 NNE, IA US","","","","","6",",0","4",",0","1",",0","0",",0","0",",0","0",",0","8",",0","","","","","","","","","19961031",",,0","19961031","+,,0","19961031","+,,0","","","19961023",",,0","","","-8.3",",0,31,","0",",,0,31,+","0",",,0,31,+","33.8",",,0,23,","","","","","","","60.8",",,,0","0",",,,0","","","","","3.92",",,,0"
"USC00132977","1996-11","43.2844","-93.6305","390.1","FOREST CITY 2 NNE, IA US","","","","","7",",0","5",",0","2",",0","","","3",",0","2","1,0","25","1,0","13","5,0","0","5,0","0","5,0","","","19961126",",1,0","","","19961124",",,0","","","19961116",",,0","19961103",",5,0","-23.3","1,0,26,","","","102",",,0,24,","31.8",",,0,16,","15.6","5,0,03,","","","","","77.8",",,,0","217",",,,0","-3.12","6,0","0.54","5,,,0","-6.78","1,,,0"
"USC00132977","1996-12","43.2844","-93.6305","390.1","FOREST CITY 2 NNE, IA US","","","","","4","1,0","3","1,0","0","1,0","","","3","3,0","6","2,0","29","2,0","23","4,0","0","4,0","0","4,0","","","19961226","+,2,0","","","19961223","+,3,0","","","19961223",",1,0","19961213",",4,0","-24.4","2,0,26,+","","","76","3,,0,23,+","14.7","1,,0,23,","2.2","4,0,13,","","","","","38.0","1,,,0","203","3,,,0","-8.93","6,0","-5.29","4,,,0","-12.58","2,,,0"
"USC00132977","1997-01","43.2844","-93.6305","390.1","FOREST CITY 2 NNE, IA US","","","","","","","","","","","","","","","15","3,0","28","3,0","19","4,0","0","4,0","0","4,0","","","19970128",",3,0","","","","","","","","","19970131",",4,0","-26.7","3,0,28,","","","","","","","8.3","4,0,31,","","","","","","","","","-10.80","7,0","-5.06","4,,,0","-16.54","3,,,0"
"USC00132977","1997-02","43.2844","-93.6305","390.1","FOREST CITY 2 NNE, IA US","","","0.0","5,0","3","1,0","3","1,0","0","1,0","","","4",",0","6","3,0","24","3,0","16","2,0","0","2,0","0","2,0","","","19970214","+,3,0","","","19970204",",,0","","","19970205",",1,0","19970218",",2,0","-22.2","3,0,14,+","","","229",",,0,04,","14.5","1,,0,05,","7.8","2,0,18,","","","578.3","2,0","25.6","1,,,0","407",",,,0","-6.65","5,0","-1.56","2,,,0","-11.74","3,,,0"
"USC00132977","1997-03","43.2844","-93.6305","390.1","FOREST CITY 2 NNE, IA US","","","0.0","1,0","3","2,0","3","2,0","0","2,0","","","1","1,0","1",",0","25",",0","4","1,0","1","1,0","0","1,0","","","19970315",",,0","","","19970314",",1,0","","","19970303",",2,0","19970327",",1,0","-17.8",",0,15,","","","140","1,,0,14,","23.1","2,,0,03,","21.1","1,0,27,","","","537.3","1,0","47.7","2,,,0","140","1,,,0","0.30","1,0","5.37","1,,,0","-4.77",",,,0"
"USC00132977","1997-04","43.2844","-93.6305","390.1","FOREST CITY 2 NNE, IA US","","","0.0","4,0","8","1,0","5","1,0","0","1,0","","","0","2,0","0",",0","13",",0","0","4,0","6","4,0","0","4,0","","","19970408",",,0","","","19970410",",2,0","","","19970406",",1,0","19970428","+,4,0","-12.2",",0,08,","","","0","2,T,0,10,","20.8","1,,0,06,","22.8","4,0,28,+","","","268.4","4,0","44.6","1,,,0","0","2,T,,0","7.81","4,0","14.72","4,,,0","0.90",",,,0"
"USC00132977","1997-05","43.2844","-93.6305","390.1","FOREST CITY 2 NNE, IA US","","","","","8","1,0","6","1,0","0","1,0","0",",0","0",",0","0","1,0","3","1,0","","","","","","","","","19970506",",1,0","19970531","+,,0","19970531","+,,0","","","19970524",",1,0","","","-1.7","1,0,06,","0",",,0,31,+","0",",,0,31,+","23.4","1,,0,24,","","","","","","","86.8","1,,,0","0",",,,0","","","","","6.19","1,,,0"
"USC00132977","1997-06","43.2844","-93.6305","390.1","FOREST CITY 2 NNE, IA US","","","102.2","4,0","6",",0","5",",0","1",",0","0",",0","0",",0","0","1,0","0","1,0","0","3,0","27","3,0","4","3,0","","","19970608",",1,0","19970630","+,,0","19970630","+,,0","","","19970622",",,0","19970622",",3,0","6.7","1,0,08,","0",",,0,30,+","0",",,0,30,+","58.4",",,0,22,","33.3","3,0,22,","","","4.6","3,0","103.1",",,,0","0",",,,0","22.13","4,0","29.28","3,,,0","14.98","1,,,0"
"USC00132977","1997-07","43.2844","-93.6305","390.1","FOREST CITY 2 NNE, IA US","","","136.7","5,0","13",",0","6",",0","2",",0","0",",0","0",",0","0","1,0","0","1,0","0","4,0","27","4,0","6","4,0","","","19970707","+,1,0","19970731","+,,0","19970731","+,,0","","","19970713",",,0","19970716",",4,0","10.6","1,0,07,+","0",",,0,31,+","0",",,0,31,+","45.7",",,0,13,","34.4","4,0,16,","2.7","0","2.7","4,0","114.2",",,,0","0",",,,0","23.30","5,0","29.20","4,,,0","17.39","1,,,0"
"USC00132977","1997-08","43.2844","-93.6305","390.1","FOREST CITY 2 NNE, IA US","","","62.7","3,0","16",",0","7",",0","0",",0","0",",0","0",",0","0","3,0","0","3,0","0",",0","28",",0","1",",0","","","19970822","+,3,0","19970831","+,,0","19970831","+,,0","","","19970820",",,0","19970803",",,0","10.0","3,0,22,+","0",",,0,31,+","0",",,0,31,+","16.0",",,0,20,","33.3",",0,03,","12.7","0","10.0",",0","61.6",",,,0","0",",,,0","19.98","3,0","26.25",",,,0","13.71","3,,,0"
"USC00132977","1997-09","43.2844","-93.6305","390.1","FOREST CITY 2 NNE, IA US","","","26.6","2,0","10",",0","3",",0","2",",0","0",",0","0",",0","0","2,0","0","2,0","0",",0","24",",0","0",",0","2","","19970927","+,2,0","19970930","+,,0","19970930","+,,0","","","19970917",",,0","19970902",",,0","4.4","2,0,27,+","0",",,0,30,+","0",",,0,30,+","36.8",",,0,17,","30.0",",0,02,","66.2","0","53.5",",0","75.8",",,,0","0",",,,0","17.25","2,0","23.85",",,,0","10.64","2,,,0"
"USC00132977","1997-10","43.2844","-93.6305","390.1","FOREST CITY 2 NNE, IA US","","","20.9","2,0","5","1,0","2","1,0","1","1,0","0",",0","0","1,0","0","2,0","11","2,0","0","1,0","10","1,0","4","1,0","","","19971027",",2,0","19971026",",,0","19971031","+,1,0","","","19971013",",1,0","19971004",",1,0","-8.9","2,0,27,","0",",T,0,26,","0","1,,0,31,+","48.3","1,,0,13,","33.3","1,0,04,","316.7","0","250.5","1,0","53.2","1,,,0","0","1,,,0","10.61","2,0","18.15","1,,,0","3.07","2,,,0"
"USC00132977","1997-11","43.2844","-93.6305","390.1","FOREST CITY 2 NNE, IA US","","","0.0","2,0","2","5,0","1","5,0","0","5,0","","","4",",0","0","2,0","27","2,0","13",",0","0",",0","0",",0","","","19971124",",2,0","","","19971115","+,,0","","","19971109",",5,0","19971101",",,0","-13.3","2,0,24,","","","51",",,0,15,+","3.3","5,,0,09,","17.2",",0,01,","874.1","0","557.4",",0","5.3","5,,,0","186",",,,0","-1.73","2,0","1.82",",,,0","-5.28","2,,,0"
"USC00132977","1997-12","43.2844","-93.6305","390.1","FOREST CITY 2 NNE, IA US","","","0.0",",0","","","","","","","","","3",",0","1",",0","31",",0","19",",0","0",",0","0",",0","","","19971231",",,0","","","19971209",",,0","","","","","19971219",",,0","-20.6",",0,31,","","","102",",,0,09,","","","5.6",",0,19,","1548.2","0","674.1",",0","","","243",",,,0","-3.41",",0","-0.24",",,,0","-6.59",",,,0"
"USC00132977","1998-01","43.2844","-93.6305","390.1","FOREST CITY 2 NNE, IA US","0.0","0","0.0",",0","","","","","","","","","4",",0","9",",0","31",",0","28",",0","0",",0","0",",0","","","19980114","+,,0","","","19980117",",,0","","","","","19980103",",,0","-22.8",",0,14,+","","","152",",,0,17,","","","7.8",",0,03,","2345.9","0","797.7",",0","","","317",",,,0","-7.40",",0","-3.19",",,,0","-11.61",",,,0"
"USC00132977","1998-02","43.2844","-93.6305","390.1","FOREST CITY 2 NNE, IA US","0.0","0","0.0","2,0","6","3,0","4","3,0","1","3,0","","","2",",0","1","2,0","20","2,0","9","1,0","0","1,0","0","1,0","","","19980203",",2,0","","","19980202",",,0","","","19980228",",3,0","19980225",",1,0","-18.9","2,0,03,","","","152",",,0,02,","50.8","3,,0,28,","12.8","1,0,25,","2838.5","0","492.6","1,0","69.3","3,,,0","206",",,,0","-0.59","2,0","2.76","1,,,0","-3.95","2,,,0"
"USC00132977","1998-03","43.2844","-93.6305","390.1","FOREST CITY 2 NNE, IA US","0.0","0","0.0","1,0","","","","","","","","","4",",0","4","1,0","24","1,0","11",",0","2",",0","0",",0","","","19980312",",1,0","","","19980308",",,0","","","","","19980327",",,0","-20.0","1,0,12,","","","76",",,0,08,","","","24.4",",0,27,","3415.6","0","577.1",",0","","","208",",,,0","-0.96","1,0","3.23",",,,0","-5.15","1,,,0"
"USC00132977","1998-04","43.2844","-93.6305","390.1","FOREST CITY 2 NNE, IA US","0.0","0","0.0","3,0","10",",0","7",",0","2",",0","0",",0","0",",0","0","2,0","6","2,0","0","2,0","4","2,0","0","2,0","","","19980410",",2,0","19980430","+,,0","19980430","+,,0","","","19980407",",,0","19980425",",2,0","-0.6","2,0,10,","0",",,0,30,+","0",",,0,30,+","40.1",",,0,07,","27.2","2,0,25,","3662.2","0","246.6","2,0","103.1",",,,0","0",",,,0","9.39","3,0","15.52","2,,,0","3.26","2,,,0"
"USC00132977","1998-05","43.2844","-93.6305","390.1","FOREST CITY 2 NNE, IA US","47.8","0","47.8","3,0","9","2,0","8","2,0","1","2,0","0",",0","0",",0","0","3,0","0","3,0","0","1,0","26","1,0","3","1,0","","","19980504",",3,0","19980531","+,,0","19980531","+,,0","","","19980524",",2,0","19980530","+,1,0","6.1","3,0,04,","0",",,0,31,+","0",",,0,31,+","50.3","2,,0,24,","32.8","1,0,30,+","3705.8","0","43.6","1,0","114.3",",a,,0","0",",,,0","18.47","3,0","24.80","1,,,0","12.15","3,,,0"
"USC00132977","1998-06","43.2844","-93.6305","390.1","FOREST CITY 2 NNE, IA US","108.8","0","61.0","2,0","15",",0","11",",0","3",",0","0",",0","0",",0","0","2,0","0","2,0","0",",0","18",",0","2",",0","","","19980603",",2,0","19980630","+,,0","19980630","+,,0","","","19980621",",,0","19980628",",,0","5.6","2,0,03,","0",",,0,30,+","0",",,0,30,+","81.8",",,0,21,","35.0",",0,28,","3759.7","0","53.9",",0","245.2",",,,0","0",",,,0","18.74","2,0","23.92",",,,0","13.56","2,,,0"
"USC00132977","1998-07","43.2844","-93.6305","390.1","FOREST CITY 2 NNE, IA US","238.9","0","130.1","1,0","7",",0","3",",0","1",",0","0",",0","0",",0","0","1,0","0","1,0","0",",0","31",",0","2",",0","","","19980724",",1,0","19980731","+,,0","19980731","+,,0","","","19980715",",,0","19980719",",,0","11.7","1,0,24,","0",",,0,31,+","0",",,0,31,+","29.5",",,0,15,","32.8",",0,19,","0.8","0","0.8",",0","53.8",",,,0","0",",,,0","22.58","1,0","28.22",",,,0","16.94","1,,,0"
"USC00132977","1998-08","43.2844","-93.6305","390.1","FOREST CITY 2 NNE, IA US","352.1","0","113.2","2,0","12",",0","11",",0","1",",0","0",",0","0",",0","0","2,0","0","2,0","0",",0","29",",0","1",",0","","","19980831","+,2,0","19980831","+,,0","19980831","+,,0","","","19980828",",,0","19980816",",,0","13.3","2,0,31,+","0",",,0,31,+","0",",,0,31,+","29.2",",,0,28,","32.2",",0,16,","0.8","0","0.0",",0","114.2",",,,0","0",",,,0","22.35","2,0","27.64",",,,0","17.06","2,,,0"
"USC00132977","1998-09","43.2844","-93.6305","390.1","FOREST CITY 2 NNE, IA US","401.6","0","49.5","4,0","5",",0","3",",0","0",",0","0","1,0","0",",0","0","4,0","0","4,0","0","2,0","24","2,0","4","2,0","","","19980925","+,4,0","19980930","+,1,0","19980930","+,,0","","","19980929",",,0","19980914","+,2,0","5.6","4,0,25,+","0","1,,0,30,+","0",",,0,30,+","12.4",",,0,29,","33.9","2,0,14,+","41.6","0","40.8","2,0","26.7",",,,0","0",",,,0","18.68","4,0","26.25","2,,,0","11.12","4,,,0"
"USC00132977","1998-10","43.2844","-93.6305","390.1","FOREST CITY 2 NNE, IA US","401.6","0","0.0","3,0","11",",0","9",",0","1",",0","","","0",",0","0","2,0","3","2,0","0","2,0","1","2,0","0","2,0","","","19981022","+,2,0","","","19981031","+,,0","","","19981026",",,0","19981011",",2,0","0.0","2,0,22,+","","","0",",,0,31,+","26.9",",,0,26,","21.7","2,0,11,","280.4","0","238.8","2,0","102.1",",,,0","0",",,,0","9.68","3,0","15.88","2,,,0","3.48","2,,,0"
"USC00132977","1998-11","43.2844","-93.6305","390.1","FOREST CITY 2 NNE, IA US","401.6","0","0.0","4,0","6","1,0","2","1,0","0","1,0","","","2",",0","0","3,0","19","3,0","0","2,0","1","2,0","0","2,0","","","19981121","+,3,0","","","19981110",",,0","","","19981109",",1,0","19981128",",2,0","-7.8","3,0,21,+","","","38",",,0,10,","13.2","1,,0,09,","21.1","2,0,28,","670.3","0","389.9","2,0","22.1","1,,,0","63",",,,0","3.16","4,0","8.43","2,,,0","-2.11","3,,,0"
"USC00132977","1998-12","43.2844","-93.6305","390.1","FOREST CITY 2 NNE, IA US","401.6","0","0.0",",0","2","5,0","1","5,0","0","5,0","","","4",",0","5",",0","26",",0","12",",0","0",",0","0",",0","","","19981230","+,,0","","","19981226",",,0","","","19981220",",5,0","19981202",",,0","-22.8",",0,30,+","","","76",",,0,26,","3.6","5,,0,20,","20.6",",0,02,","1352.8","0","682.5",",0","4.6","5,,,0","190",",,,0","-3.68",",0","2.03",",,,0","-9.40",",,,0"
"USC00132977","1999-01","43.2844","-93.6305","390.1","FOREST CITY 2 NNE, IA US","","","","","5","5,0","4","5,0","0","5,0","","","8",",0","","","","","22","1,0","0","1,0","0","1,0","","","","","","","19990102",",,0","","","19990118",",5,0","19990117",",1,0","","","","","165",",,0,02,","7.6","5,,0,18,","3.3","1,0,17,","","","","","18.0","5,,,0","455",",,,0","","","-6.63","1,,,0","",""
"USC00132977","1999-02","43.2844","-93.6305","390.1","FOREST CITY 2 NNE, IA US","","","0.0","3,0","3",",0","3",",0","1",",0","","","2",",0","0","3,0","25","3,0","7","2,0","0","2,0","0","2,0","","","19990206",",3,0","","","19990223","+,,0","","","19990226",",,0","19990210",",2,0","-15.0","3,0,06,","","","51",",,0,23,+","27.9",",,0,26,","10.0","2,0,10,","","","512.3","2,0","34.7",",,,0","102",",,,0","-2.05","3,0","3.00","2,,,0","-7.10","3,,,0"
"USC00132977","1999-03","43.2844","-93.6305","390.1","FOREST CITY 2 NNE, IA US","","","0.0","2,0","4",",0","3",",0","0",",0","9","2,0","2",",0","0","2,0","26","2,0","7","1,0","1","1,0","0","1,0","","","19990308",",2,0","19990310",",2,0","19990309",",,0","","","19990328",",,0","19990331",",1,0","-11.7","2,0,08,","229","2,,0,10,","127",",,0,09,","12.7",",,0,28,","22.8","1,0,31,","","","495.7","1,0","26.7",",,,0","216",",,,0","1.20","2,0","7.04","1,,,0","-4.65","2,,,0"
"USC00132977","1999-04","43.2844","-93.6305","390.1","FOREST CITY 2 NNE, IA US","","","0.0","2,0","13",",0","11",",0","3",",0","1","2,0","0","1,0","0","2,0","7","2,0","0",",0","1",",0","0",",0","","","19990419",",2,0","19990416",",2,0","19990430","+,1,0","","","19990405",",,0","19990407",",,0","-1.7","2,0,19,","25","2,,0,16,","0","1,,0,30,+","40.9",",,0,05,","21.7",",0,07,","","","268.5",",0","180.3",",,,0","0","1,,,0","8.90","2,0","14.60",",,,0","3.19","2,,,0"
"USC00132977","1999-05","43.2844","-93.6305","390.1","FOREST CITY 2 NNE, IA US","","","13.0","4,0","17",",0","12",",0","1",",0","0",",0","0",",0","0","4,0","0","4,0","0",",0","15",",0","0",",0","","","19990510",",4,0","19990531","+,,0","19990531","+,,0","","","19990512",",,0","19990529","+,,0","1.7","4,0,10,","0",",,0,31,+","0",",,0,31,+","50.8",",,0,12,","31.1",",0,29,+","","","93.4",",0","132.9",",,,0","0",",,,0","15.55","4,0","21.68",",,,0","9.43","4,,,0"
"USC00132977","1999-06","43.2844","-93.6305","390.1","FOREST CITY 2 NNE, IA US","","","50.5","4,0","13",",0","12",",0","1",",0","0",",0","0",",0","0","4,0","0","4,0","0","1,0","26","1,0","1","1,0","","","19990615","+,4,0","19990630","+,,0","19990630","+,,0","","","19990605",",,0","19990626",",1,0","7.8","4,0,15,+","0",",,0,30,+","0",",,0,30,+","67.1",",,0,05,","33.3","1,0,26,","","","24.8","1,0","185.3",",,,0","0",",,,0","19.61","4,0","25.39","1,,,0","13.82","4,,,0"
"USC00132977","1999-07","43.2844","-93.6305","390.1","FOREST CITY 2 NNE, IA US","","","177.5",",0","11",",0","10",",0","3",",0","0",",0","0",",0","0",",0","0",",0","0",",0","31",",0","12",",0","","","19990711",",,0","19990731","+,,0","19990731","+,,0","","","19990721",",,0","19990730","+,,0","11.1",",0,11,","0",",,0,31,+","0",",,0,31,+","52.1",",,0,21,","35.6",",0,30,+","0.8","0","0.8",",0","226.0",",,,0","0",",,,0","24.03",",0","30.01",",,,0","18.05",",,,0"
"USC00132977","1999-08","43.2844","-93.6305","390.1","FOREST CITY 2 NNE, IA US","","","65.8","3,0","7","1,0","4","1,0","0","1,0","0",",0","0",",0","0","3,0","0","3,0","0","1,0","29","1,0","1","1,0","","","19990813",",3,0","19990831","+,,0","19990831","+,,0","","","19990823",",1,0","19990829",",1,0","7.8","3,0,13,","0",",,0,31,+","0",",,0,31,+","16.5","1,,0,23,","32.2","1,0,29,","5.2","0","4.4","1,0","48.8","1,,,0","0",",,,0","20.51","3,0","26.33","1,,,0","14.68","3,,,0"
"USC00132977","1999-09","43.2844","-93.6305","390.1","FOREST CITY 2 NNE, IA US","","","23.8","4,0","4",",0","4",",0","1",",0","0",",0","0",",0","0","3,0","1","3,0","0","2,0","19","2,0","1","2,0","","","19990922",",3,0","19990930","+,,0","19990930","+,,0","","","19990908",",,0","19990903",",2,0","-0.6","3,0,22,","0",",,0,30,+","0",",,0,30,+","47.2",",,0,08,","32.2","2,0,03,","94.3","0","89.1","2,0","63.0",",,,0","0",",,,0","15.70","4,0","23.37","2,,,0","8.03","3,,,0"
"USC00132977","1999-10","43.2844","-93.6305","390.1","FOREST CITY 2 NNE, IA US","","","0.0","4,0","5",",0","3",",0","0",",0","0",",0","0",",0","0","4,0","13","4,0","0",",0","10",",0","0",",0","","","19991025",",4,0","19991031","+,,0","19991031","+,,0","","","19991030",",,0","19991008",",,0","-5.6","4,0,25,","0",",,0,31,+","0",",,0,31,+","19.1",",,0,30,","25.6",",0,08,","358.3","0","264.0",",0","35.6",",,,0","0",",,,0","8.70","4,0","16.21",",,,0","1.19","4,,,0"
"USC00132977","1999-11","43.2844","-93.6305","390.1","FOREST CITY 2 NNE, IA US","","","","","2",",0","1",",0","0",",0","0",",0","0",",0","","","","","0","1,0","4","1,0","0","1,0","","","","","19991130","+,,0","19991130","+,,0","","","19991123",",,0","19991109",",1,0","","","0",",,0,30,+","0",",,0,30,+","13.5",",,0,23,","26.1","1,0,09,","","","","","15.0",",,,0","0",",,,0","","","12.60","1,,,0","",""
"USC00132977","1999-12","43.2844","-93.6305","390.1","FOREST CITY 2 NNE, IA US","","","0.0","4,0","6","1,0","2","1,0","0","1,0","","","4",",0","8","4,0","25","4,0","12",",0","0",",0","0",",0","","","19991222","+,4,0","","","19991220",",,0","","","19991204",",1,0","19991209",",,0","-23.3","4,0,22,+","","","127",",,0,20,","18.8","1,,0,04,","9.4",",0,09,","","","622.7",",0","32.6","1,,,0","228",",,,0","-4.78","4,0","0.54",",,,0","-10.10","4,,,0"
"USC00132977","2000-01","43.2844","-93.6305","390.1","FOREST CITY 2 NNE, IA US","0.0","0","0.0","3,0","7","1,0","3","1,0","0","1,0","","","6",",0","9","2,0","29","2,0","22","1,0","0","1,0","0","1,0","","","20000121",",2,0","","","20000120",",,0","","","20000103",",1,0","20000116",",1,0","-24.4","2,0,21,","","","152",",,0,20,","10.2","1,,0,03,","5.0","1,0,16,","","","762.6","1,0","29.2","1,,,0","342",",,,0","-8.62","3,0","-3.36","1,,,0","-13.88","2,,,0"
"USC00132977","2000-02","43.2844","-93.6305","390.1","FOREST CITY 2 NNE, IA US","0.0","0","0.0","4,0","3","4,0","2","4,0","0","4,0","","","2","1,0","0","3,0","21","3,0","12","1,0","0","1,0","0","1,0","","","20000208",",3,0","","","20000213",",1,0","","","20000225",",4,0","20000226",",1,0","-16.7","3,0,08,","","","102","1,,0,13,","10.2","4,,0,25,","16.1","1,0,26,","","","506.6","1,0","16.3","4,,,0","166","1,,,0","-2.06","4,0","2.49","1,,,0","-6.60","3,,,0"
"USC00132977","2000-03","43.2844","-93.6305","390.1","FOREST CITY 2 NNE, IA US","0.0","0","0.0",",0","7","1,0","4","1,0","0","1,0","","","1",",0","0",",0","22",",0","1",",0","4",",0","0",",0","","","20000317","+,,0","","","20000319",",,0","","","20000324",",1,0","20000308",",,0","-9.4",",0,17,+","","","51",",,0,19,","15.7","1,,0,24,","25.6",",0,08,","","","423.3",",0","37.8","1,,,0","64",",,,0","4.68",",0","11.02",",,,0","-1.67",",,,0"
"USC00132977","2000-04","43.2844","-93.6305","390.1","FOREST CITY 2 NNE, IA US","0.0","0","0.0","3,0","7",",0","6",",0","0",",0","0","5,0","2",",0","0","2,0","9","2,0","0","2,0","9","2,0","0","2,0","","","20000409","+,2,0","20000430","+,5,0","20000408",",,0","","","20000420",",,0","20000415",",2,0","-7.8","2,0,09,+","0","5,,0,30,+","89",",,0,08,","16.5",",,0,20,","27.8","2,0,15,","","","260.8","2,0","55.9",",,,0","153",",,,0","8.37","3,0","15.49","2,,,0","1.26","2,,,0"
"USC00132977","2000-05","43.2844","-93.6305","390.1","FOREST CITY 2 NNE, IA US","23.9","0","23.9","5,0","9",",0","7",",0","1",",0","0",",0","0",",0","0","5,0","0","5,0","0",",0","20",",0","0",",0","","","20000514",",5,0","20000531","+,,0","20000531","+,,0","","","20000527",",,0","20000508","+,,0","2.8","5,0,14,","0",",,0,31,+","0",",,0,31,+","27.9",",,0,27,","30.0",",0,08,+","","","76.4",",0","90.8",",,,0","0",",,,0","16.25","5,0","22.76",",,,0","9.74","5,,,0"
"USC00132977","2000-06","43.2844","-93.6305","390.1","FOREST CITY 2 NNE, IA US","72.8","0","48.9","4,0","12",",0","10",",0","2",",0","0",",0","0",",0","0","4,0","0","4,0","0",",0","25",",0","1",",0","","","20000617",",4,0","20000630","+,,0","20000630","+,,0","","","20000614",",,0","20000609",",,0","7.2","4,0,17,","0",",,0,30,+","0",",,0,30,+","41.9",",,0,14,","35.0",",0,09,","","","30.0",",0","158.8",",,,0","0",",,,0","18.95","4,0","24.46",",,,0","13.45","4,,,0"
"USC00132977","2000-07","43.2844","-93.6305","390.1","FOREST CITY 2 NNE, IA US","161.1","0","88.3","3,0","6",",0","5",",0","2",",0","0",",0","0",",0","0","3,0","0","3,0","0",",0","29",",0","1",",0","","","20000721",",3,0","20000731","+,,0","20000731","+,,0","","","20000712",",,0","20000709",",,0","9.4","3,0,21,","0",",,0,31,+","0",",,0,31,+","103.6",",,0,12,","32.2",",0,09,","11.6","0","11.6",",0","167.6",",,,0","0",",,,0","21.21","3,0","26.58",",,,0","15.85","3,,,0"
"USC00132977","2000-08","43.2844","-93.6305","390.1","FOREST CITY 2 NNE, IA US","246.9","0","85.8","4,0","7",",0","5",",0","1",",0","0",",0","0",",0","0","4,0","0","4,0","0",",0","30",",0","1",",0","","","20000818",",4,0","20000831","+,,0","20000831","+,,0","","","20000808",",,0","20000815",",,0","11.7","4,0,18,","0",",,0,31,+","0",",,0,31,+","25.9",",,0,08,","32.2",",0,15,","15.2","0","3.6",",0","86.7",",,,0","0",",,,0","21.21","4,0","26.74",",,,0","15.68","4,,,0"
"USC00132977","2000-09","43.2844","-93.6305","390.1","FOREST CITY 2 NNE, IA US","282.6","0","35.7","4,0","7",",0","3",",0","0",",0","0",",0","0",",0","0","4,0","0","4,0","0","1,0","22","1,0","2","1,0","","","20000926","+,4,0","20000930","+,,0","20000930","+,,0","","","20000902",",,0","20000912",",1,0","0.6","4,0,26,+","0",",,0,30,+","0",",,0,30,+","14.2",",,0,02,","33.3","1,0,12,","102.1","0","86.9","1,0","30.8",",,,0","0",",,,0","16.35","4,0","23.56","1,,,0","9.15","4,,,0"
"USC00132977","2000-10","43.2844","-93.6305","390.1","FOREST CITY 2 NNE, IA US","285.9","0","3.3","1,0","14",",0","7",",0","0",",0","0",",0","0",",0","0","1,0","6","1,0","0",",0","12",",0","0",",0","","","20001009","+,1,0","20001031","+,,0","20001031","+,,0","","","20001017",",,0","20001002","+,,0","-7.2","1,0,09,+","0",",,0,31,+","0",",,0,31,+","16.0",",,0,17,","28.3",",0,02,+","306.9","0","204.8",",0","71.1",",,,0","0",",,,0","11.67","1,0","18.51",",,,0","4.83","1,,,0"
"USC00132977","2000-11","43.2844","-93.6305","390.1","FOREST CITY 2 NNE, IA US","285.9","0","0.0","3,0","8","4,0","5","4,0","2","4,0","","","4",",0","0","3,0","22","3,0","14",",0","1",",0","0",",0","","","20001121",",3,0","","","20001116","+,,0","","","20001107",",4,0","20001101",",,0","-17.2","3,0,21,","","","51",",,0,16,+","27.9","4,,0,07,","22.2",",0,01,","832.2","0","525.3",",0","76.7","4,,,0","165",",,,0","-1.20","3,0","2.96",",,,0","-5.35","3,,,0"
"USC00132977","2000-12","43.2844","-93.6305","390.1","FOREST CITY 2 NNE, IA US","285.9","0","0.0","5,0","","","","","","","","","11",",0","19","3,0","28","3,0","26","3,0","0","3,0","0","3,0","","","20001225",",3,0","","","20001219",",,0","","","","","20001208",",3,0","-27.2","3,0,25,","","","178",",,0,19,","","","1.1","3,0,08,","1687.8","0","855.6","3,0","","","801",",,,0","-14.53","5,0","-9.91","3,,,0","-19.16","3,,,0"
"USC00132977","2001-01","43.2844","-93.6305","390.1","FOREST CITY 2 NNE, IA US","0.0","0","0.0","2,0","2","5,0","1","5,0","0","5,0","","","3","2,0","9","1,0","30","1,0","25","1,0","0","1,0","0","1,0","","","20010120",",1,0","","","20010114",",2,0","","","20010130",",5,0","20010105",",1,0","-25.6","1,0,20,","","","152","2,,0,14,","12.2","5,,0,30,","3.3","1,0,05,","2471.1","0","783.3","1,0","12.5","5,,,0","228","2,,,0","-8.68","2,0","-4.00","1,,,0","-13.37","1,,,0"
"USC00132977","2001-02","43.2844","-93.6305","390.1","FOREST CITY 2 NNE, IA US","0.0","0","0.0","4,0","6","4,0","5","4,0","0","4,0","","","5",",0","14","3,0","25","3,0","25","1,0","0","1,0","0","1,0","","","20010203",",3,0","","","20010209",",,0","","","20010225",",4,0","20010225",",1,0","-26.7","3,0,03,","","","102",",,0,09,","16.5","4,,0,25,","1.1","1,0,25,","3189.4","0","718.3","1,0","34.8","4,,,0","254",",,,0","-11.92","4,0","-6.16","1,,,0","-17.68","3,,,0"
"USC00132977","2001-03","43.2844","-93.6305","390.1","FOREST CITY 2 NNE, IA US","0.0","0","0.0","3,0","0","4,0","0","4,0","0","4,0","","","2","1,0","1","3,0","27","3,0","16",",0","0",",0","0",",0","","","20010301",",3,0","","","20010312",",1,0","","","20010331","+,4,0","20010331",",,0","-21.7","3,0,01,","","","76","1,,0,12,","0.0","4,,0,31,+","8.3",",0,31,","3833.0","0","643.6",",0","0.0","4,,,0","101","1,,,0","-4.52","3,0","0.00",",,,0","-9.05","3,,,0"
"USC00132977","2001-04","43.2844","-93.6305","390.1","FOREST CITY 2 NNE, IA US","3.0","0","3.0","3,0","9",",0","8",",0","1",",0","0","4,0","0",",0","0","2,0","8","2,0","1","1,0","7","1,0","0","1,0","","","20010417",",2,0","20010430","+,4,0","20010430","+,,0","","","20010411",",,0","20010430",",1,0","-3.9","2,0,17,","0","4,,0,30,+","0",",,0,30,+","33.8",",,0,11,","28.3","1,0,30,","4085.7","0","252.7","1,0","110.8",",,,0","0",",,,0","9.15","3,0","15.33","1,,,0","2.97","2,,,0"
"USC00132977","2001-05","43.2844","-93.6305","390.1","FOREST CITY 2 NNE, IA US","20.0","0","17.0","2,0","18",",0","14",",0","2",",0","0",",0","0",",0","0","2,0","0","2,0","0",",0","12",",0","2",",0","","","20010524","+,2,0","20010531","+,,0","20010531","+,,0","","","20010502",",,0","20010516","+,,0","3.3","2,0,24,+","0",",,0,31,+","0",",,0,31,+","49.3",",,0,02,","32.8",",0,16,+","4209.4","0","123.7",",0","208.3",",,,0","0",",,,0","14.91","2,0","20.36",",,,0","9.45","2,,,0"
"USC00132977","2001-06","43.2844","-93.6305","390.1","FOREST CITY 2 NNE, IA US","97.0","0","77.0","1,0","13",",0","7",",0","1",",0","0",",0","0",",0","0","1,0","0","1,0","0",",0","24",",0","3",",0","","","20010601",",1,0","20010630","+,,0","20010630","+,,0","","","20010614",",,0","20010612",",,0","6.7","1,0,01,","0",",,0,30,+","0",",,0,30,+","36.6",",,0,14,","34.4",",0,12,","4250.3","0","40.9",",0","104.8",",,,0","0",",,,0","19.64","1,0","25.43",",,,0","13.84","1,,,0"
"USC00132977","2001-07","43.2844","-93.6305","390.1","FOREST CITY 2 NNE, IA US","240.7","0","143.7","2,0","8",",0","4",",0","0",",0","0",",0","0",",0","0","2,0","0","2,0","0",",0","31",",0","5",",0","","","20010701",",2,0","20010731","+,,0","20010731","+,,0","","","20010725",",,0","20010731","+,,0","11.1","2,0,01,","0",",,0,31,+","0",",,0,31,+","20.6",",,0,25,","33.3",",0,31,+","2.3","0","2.3",",0","48.1",",,,0","0",",,,0","23.15","2,0","28.65",",,,0","17.65","2,,,0"
"USC00132977","2001-08","43.2844","-93.6305","390.1","FOREST CITY 2 NNE, IA US","355.0","0","114.3","2,0","6",",0","4",",0","0",",0","0",",0","0",",0","0","2,0","0","2,0","0",",0","29",",0","6",",0","","","20010813","+,2,0","20010831","+,,0","20010831","+,,0","","","20010816",",,0","20010801",",,0","10.0","2,0,13,+","0",",,0,31,+","0",",,0,31,+","16.5",",,0,16,","35.0",",0,01,","10.8","0","8.5",",0","43.7",",,,0","0",",,,0","21.94","2,0","27.40",",,,0","16.48","2,,,0"
"USC00132977","2001-09","43.2844","-93.6305","390.1","FOREST CITY 2 NNE, IA US","369.4","0","14.4","2,0","5",",0","4",",0","1",",0","0",",0","0",",0","0","2,0","0","2,0","0",",0","18",",0","0",",0","","","20010925","+,2,0","20010930","+,,0","20010930","+,,0","","","20010908",",,0","20010906","+,,0","0.6","2,0,25,+","0",",,0,30,+","0",",,0,30,+","43.2",",,0,08,","27.2",",0,06,+","103.0","0","92.2",",0","61.1",",,,0","0",",,,0","15.53","2,0","21.46",",,,0","9.61","2,,,0"
"USC00132977","2001-10","43.2844","-93.6305","390.1","FOREST CITY 2 NNE, IA US","371.1","0","1.7","2,0","6",",0","4",",0","0",",0","0",",0","0",",0","0","2,0","9","2,0","0","1,0","3","1,0","0","1,0","","","20011028",",2,0","20011031","+,,0","20011031","+,,0","","","20011013",",,0","20011003",",1,0","-7.8","2,0,28,","0",",,0,31,+","0",",,0,31,+","20.8",",,0,13,","30.0","1,0,03,","377.2","0","274.2","1,0","43.9",",,,0","0",",,,0","8.89","2,0","15.27","1,,,0","2.51","2,,,0"
"USC00132977","2001-11","43.2844","-93.6305","390.1","FOREST CITY 2 NNE, IA US","371.1","0","0.0","4,0","9","2,0","3","2,0","0","2,0","0",",0","0",",0","0","4,0","12","4,0","1","2,0","6","2,0","0","2,0","","","20011121","+,4,0","20011130","+,,0","20011130","+,,0","","","20011125",",2,0","20011108",",2,0","-5.6","4,0,21,+","0",",,0,30,+","0",",,0,30,+","16.8","2,,0,25,","23.9","2,0,08,","640.9","0","263.7","2,0","39.2","2,,,0","0",",,,0","8.28","4,0","14.35","2,,,0","2.21","4,,,0"
"USC00132977","2001-12","43.2844","-93.6305","390.1","FOREST CITY 2 NNE, IA US","371.1","0","0.0","4,0","6",",0","3",",0","0",",0","","","1","1,0","1","1,0","28","1,0","7","4,0","0","4,0","0","4,0","","","20011231",",1,0","","","20011223",",1,0","","","20011206",",,0","20011205",",4,0","-18.9","1,0,31,","","","25","1,,0,23,","10.7",",,0,06,","16.7","4,0,05,","1181.8","0","540.9","4,0","23.0",",,,0","25","1,,,0","-1.96","4,0","2.80","4,,,0","-6.72","1,,,0"
"USC00132977","2002-01","43.2844","-93.6305","390.1","FOREST CITY 2 NNE, IA US","0.0","0","0.0","2,0","0","4,0","0","4,0","0","4,0","","","2",",0","4","2,0","29","2,0","16","1,0","0","1,0","0","1,0","","","20020119",",2,0","","","20020114",",,0","","","20020131","+,4,0","20020127",",1,0","-20.0","2,0,19,","","","51",",,0,14,","0.0","4,,0,31,+","16.7","1,0,27,","1850.8","0","669.0","1,0","0.0","4,,,0","102",",,,0","-4.72","2,0","0.98","1,,,0","-10.41","2,,,0"
"USC00132977","2002-02","43.2844","-93.6305","390.1","FOREST CITY 2 NNE, IA US","0.0","0","0.0","2,0","6",",0","4",",0","0",",0","","","2",",0","2","1,0","25","1,0","11","1,0","0","1,0","0","1,0","","","20020205","+,1,0","","","20020201",",,0","","","20020201",",,0","20020224",",1,0","-21.7","1,0,05,+","","","114",",,0,01,","10.4",",,0,01,","13.9","1,0,24,","2418.9","0","568.1","1,0","28.4",",,,0","165",",,,0","-3.44","2,0","1.64","1,,,0","-8.52","1,,,0"
"USC00132977","2002-03","43.2844","-93.6305","390.1","FOREST CITY 2 NNE, IA US","0.0","0","0.0","4,0","6","2,0","5","2,0","0","2,0","","","4",",0","2","4,0","26","4,0","10","1,0","0","1,0","0","1,0","","","20020304",",4,0","","","20020302",",,0","","","20020308",",2,0","20020330",",1,0","-21.1","4,0,04,","","","76",",,0,02,","8.9","2,,0,08,","12.8","1,0,30,","3014.2","0","595.3","1,0","27.9","2,,,0","172",",,,0","-3.69","4,0","1.30","1,,,0","-8.67","4,,,0"
"USC00132977","2002-04","43.2844","-93.6305","390.1","FOREST CITY 2 NNE, IA US","2.2","0","2.2","5,0","10",",0","5",",0","0",",0","2","4,0","0",",0","0","3,0","12","3,0","1","2,0","5","2,0","1","2,0","","","20020405",",3,0","20020402","+,4,0","20020402","+,,0","","","20020412",",,0","20020418",",2,0","-9.4","3,0,05,","25","4,,0,02,+","13",",,0,02,+","23.1",",,0,12,","32.8","2,0,18,","3309.5","0","295.3","2,0","70.4",",,,0","26",",,,0","6.96","5,0","13.35","2,,,0","0.58","3,,,0"
"USC00132977","2002-05","43.2844","-93.6305","390.1","FOREST CITY 2 NNE, IA US","","","","","5",",0","3",",0","0",",0","0",",0","0",",0","","","","","0",",0","10",",0","1",",0","","","","","20020531","+,,0","20020531","+,,0","","","20020512",",,0","20020531",",,0","","","0",",,0,31,+","0",",,0,31,+","20.1",",,0,12,","32.8",",0,31,","","","","","38.2",",,,0","0",",,,0","","","19.67",",,,0","",""
"USC00132977","2002-06","43.2844","-93.6305","390.1","FOREST CITY 2 NNE, IA US","","","103.2","1,0","10",",0","8",",0","1",",0","0",",0","0",",0","0","1,0","0","1,0","0",",0","28",",0","2",",0","","","20020605",",1,0","20020630","+,,0","20020630","+,,0","","","20020618",",,0","20020630",",,0","7.2","1,0,05,","0",",,0,30,+","0",",,0,30,+","90.7",",,0,18,","34.4",",0,30,","","","19.4",",0","148.3",",,,0","0",",,,0","21.21","1,0","27.00",",,,0","15.41","1,,,0"
"USC00132977","2002-07","43.2844","-93.6305","390.1","FOREST CITY 2 NNE, IA US","","","179.9","1,0","8",",0","7",",0","3",",0","0",",0","0",",0","0","1,0","0","1,0","0",",0","31",",0","8",",0","","","20020713","+,1,0","20020731","+,,0","20020731","+,,0","","","20020711",",,0","20020722","+,,0","11.7","1,0,13,+","0",",,0,31,+","0",",,0,31,+","99.6",",,0,11,","33.9",",0,22,+","1.6","0","1.6",",0","260.2",",,,0","0",",,,0","24.21","1,0","29.97",",,,0","18.46","1,,,0"
"USC00132977","2002-08","43.2844","-93.6305","390.1","FOREST CITY 2 NNE, IA US","","","73.2","3,0","11","1,0","8","1,0","2","1,0","0",",0","0",",0","0","3,0","0","3,0","0","1,0","29","1,0","0","1,0","","","20020819","+,3,0","20020831","+,,0","20020831","+,,0","","","20020803",",1,0","20020801",",1,0","8.9","3,0,19,+","0",",,0,31,+","0",",,0,31,+","59.7","1,,0,03,","31.1","1,0,01,","10.3","0","8.7","1,0","185.3","1,,,0","0",",,,0","20.73","3,0","26.03","1,,,0","15.42","3,,,0"
"USC00132977","2002-09","43.2844","-93.6305","390.1","FOREST CITY 2 NNE, IA US","","","48.1","4,0","8",",0","5",",0","0",",0","0",",0","0",",0","0","4,0","0","4,0","0",",0","21",",0","2",",0","","","20020925","+,4,0","20020930","+,,0","20020930","+,,0","","","20020927","+,,0","20020909",",,0","1.1","4,0,25,+","0",",,0,30,+","0",",,0,30,+","8.4",",,0,27,+","33.3",",0,09,","80.1","0","69.8",",0","41.1",",,,0","0",",,,0","17.54","4,0","24.01",",,,0","11.07","4,,,0"
"USC00132977","2002-10","43.2844","-93.6305","390.1","FOREST CITY 2 NNE, IA US","","","2.5","4,0","9","2,0","7","2,0","1","2,0","0","3,0","1","1,0","0","2,0","18","2,0","0","2,0","4","2,0","0","2,0","","","20021031",",2,0","20021031","+,3,0","20021024",",1,0","","","20021004",",2,0","20021001",",2,0","-5.0","2,0,31,","0","3,,0,31,+","25","1,,0,24,","54.6","2,,0,04,","30.6","2,0,01,","395.2","0","315.1","2,0","103.7","2,,,0","25","1,,,0","6.39","4,0","12.16","2,,,0","0.63","2,,,0"
"USC00132977","2002-11","43.2844","-93.6305","390.1","FOREST CITY 2 NNE, IA US","","","0.0","2,0","3",",0","1",",0","0",",0","0","4,0","1",",0","0","2,0","25","2,0","7",",0","0",",0","0",",0","","","20021129",",2,0","20021130","+,4,0","20021105",",,0","","","20021105",",,0","20021108",",,0","-10.0","2,0,29,","0","4,,0,30,+","25",",,0,05,","5.3",",,0,05,","18.9",",0,08,","901.4","0","506.2",",0","7.1",",,,0","38",",,,0","0.17","2,0","5.39",",,,0","-5.05","2,,,0"
"USC00132977","2002-12","43.2844","-93.6305","390.1","FOREST CITY 2 NNE, IA US","","","0.0","1,0","2",",0","0",",0","0",",0","0",",0","0","1,0","2","1,0","30","1,0","13",",0","0",",0","0",",0","","","20021206","+,1,0","20021231","+,,0","20021231","+,1,0","","","20021218",",,0","20021215",",,0","-19.4","1,0,06,+","0",",,0,31,+","0","1,,0,31,+","2.0",",,0,18,","12.2",",0,15,","1554.9","0","653.5",",0","2.5",",,,0","0","1,,,0","-3.36","1,0","1.78",",,,0","-8.50","1,,,0"
"USC00132977","2003-01","43.2844","-93.6305","390.1","FOREST CITY 2 NNE, IA US","0.0","0","0.0","1,0","3","3,0","0","3,0","0","3,0","","","3",",0","14","1,0","30","1,0","23","1,0","0","1,0","0","1,0","","","20030124",",1,0","","","20030129",",,0","","","20030131",",3,0","20030108",",1,0","-26.1","1,0,24,","","","38",",,0,29,","2.0","3,,0,31,","13.9","1,0,08,","2395.0","0","840.1","1,0","2.8","3,,,0","109",",,,0","-9.67","1,0","-4.11","1,,,0","-15.23","1,,,0"
"USC00132977","2003-02","43.2844","-93.6305","390.1","FOREST CITY 2 NNE, IA US","0.0","0","0.0","4,0","1","4,0","0","4,0","0","4,0","","","5",",0","12","4,0","23","4,0","16",",0","0",",0","0",",0","","","20030207",",4,0","","","20030215",",,0","","","20030206",",4,0","20030221",",,0","-27.2","4,0,07,","","","102",",,0,15,","2.3","4,,0,06,","11.1",",0,21,","3051.5","0","656.5",",0","2.3","4,,,0","202",",,,0","-8.97","4,0","-2.69",",,,0","-15.25","4,,,0"
"USC00132977","2003-03","43.2844","-93.6305","390.1","FOREST CITY 2 NNE, IA US","","","","","4","2,0","3","2,0","1","2,0","","","3",",0","7","5,0","19","5,0","8","1,0","3","1,0","0","1,0","","","20030306","+,5,0","","","20030305",",,0","","","20030328",",2,0","20030317",",1,0","-22.8","5,0,06,+","","","76",",,0,05,","27.2","2,,0,28,","23.3","1,0,17,","","","","","54.1","2,,,0","139",",,,0","-0.78","6,0","6.24","1,,,0","-7.80","5,,,0"
"USC00132977","2003-04","43.2844","-93.6305","390.1","FOREST CITY 2 NNE, IA US","","","8.3","4,0","6","2,0","4","2,0","0","2,0","5","2,0","2",",0","0","4,0","6","4,0","1",",0","9",",0","0",",0","","","20030408","+,4,0","20030407",",2,0","20030406",",,0","","","20030420",",2,0","20030415",",,0","-8.3","4,0,08,+","229","2,,0,07,","152",",,0,06,","14.0","2,,0,20,","31.7",",0,15,","","","255.6",",0","35.1","2,,,0","228",",,,0","9.07","4,0","15.45",",,,0","2.68","4,,,0"
"USC00132977","2003-05","43.2844","-93.6305","390.1","FOREST CITY 2 NNE, IA US","","","7.3","3,0","11",",0","9",",0","1",",0","0",",0","0",",0","0","3,0","0","3,0","0",",0","13",",0","0",",0","","","20030521","+,3,0","20030531","+,,0","20030531","+,,0","","","20030505",",,0","20030528",",,0","5.6","3,0,21,+","0",",,0,31,+","0",",,0,31,+","64.8",",,0,05,","28.3",",0,28,","","","115.5",",0","146.3",",,,0","0",",,,0","14.43","3,0","19.95",",,,0","8.91","3,,,0"
"USC00132977","2003-06","43.2844","-93.6305","390.1","FOREST CITY 2 NNE, IA US","","","64.9","2,0","13",",0","11",",0","1",",0","0",",0","0",",0","0","2,0","0","2,0","0",",0","24",",0","0",",0","","","20030603",",2,0","20030630","+,,0","20030630","+,,0","","","20030624",",,0","20030625","+,,0","9.4","2,0,03,","0",",,0,30,+","0",",,0,30,+","33.0",",,0,24,","31.7",",0,25,+","","","20.5",",0","115.5",",,,0","0",",,,0","19.85","2,0","25.29",",,,0","14.40","2,,,0"
"USC00132977","2003-07","43.2844","-93.6305","390.1","FOREST CITY 2 NNE, IA US","","","105.7","3,0","8","2,0","7","2,0","0","2,0","0",",0","0",",0","0","3,0","0","3,0","0","1,0","30","1,0","2","1,0","","","20030724","+,3,0","20030731","+,,0","20030731","+,,0","","","20030710",",2,0","20030704",",1,0","11.7","3,0,24,+","0",",,0,31,+","0",",,0,31,+","18.3","2,,0,10,","33.3","1,0,04,","1.1","0","1.1","1,0","80.5",",a,,0","0",",,,0","22.20","3,0","27.87","1,,,0","16.54","3,,,0"
"USC00132977","2003-08","43.2844","-93.6305","390.1","FOREST CITY 2 NNE, IA US","","","133.2","2,0","4",",0","3",",0","0",",0","0",",0","0",",0","0","2,0","0","2,0","0","1,0","30","1,0","10","1,0","","","20030831",",2,0","20030831","+,,0","20030831","+,,0","","","20030819",",,0","20030825",",1,0","11.1","2,0,31,","0",",,0,31,+","0",",,0,31,+","9.9",",,0,19,","37.2","1,0,25,","2.2","0","1.1","1,0","22.6",",,,0","0",",,,0","23.02","2,0","29.42","1,,,0","16.62","2,,,0"
"USC00132977","2003-09","43.2844","-93.6305","390.1","FOREST CITY 2 NNE, IA US","","","53.0","2,0","4",",0","2",",0","1",",0","0",",0","0",",0","0","2,0","0","2,0","0",",0","22",",0","2",",0","","","20030930",",2,0","20030930","+,,0","20030930","+,,0","","","20030912",",,0","20030908","+,,0","1.1","2,0,30,","0",",,0,30,+","0",",,0,30,+","28.7",",,0,12,","32.8",",0,08,+","85.3","0","83.1",",0","34.3",",,,0","0",",,,0","17.22","2,0","24.29",",,,0","10.16","2,,,0"
"USC00132977","2003-10","43.2844","-93.6305","390.1","FOREST CITY 2 NNE, IA US","","","","","5",",0","1",",0","0",",0","0",",0","0",",0","","","","","0","2,0","11","2,0","0","2,0","","","","","20031031","+,,0","20031031","+,,0","","","20031012",",,0","20031020",",2,0","","","0",",,0,31,+","0",",,0,31,+","7.9",",,0,12,","30.0","2,0,20,","","","","","13.8",",,,0","0",",,,0","","","18.04","2,,,0","",""
"USC00132977","2003-11","43.2844","-93.6305","390.1","FOREST CITY 2 NNE, IA US","","","0.0","5,0","9",",0","5",",0","0",",0","0","4,0","0",",0","0","4,0","19","4,0","3","2,0","0","2,0","0","2,0","","","20031125","+,4,0","20031130","+,4,0","20031127",",,0","","","20031118",",,0","20031121",",2,0","-12.2","4,0,25,+","0","4,,0,30,+","20",",,0,27,","17.5",",,0,18,","17.2","2,0,21,","","","429.3","2,0","43.6",",,,0","20",",,,0","1.24","5,0","5.95","2,,,0","-3.48","4,,,0"
"USC00132977","2003-12","43.2844","-93.6305","390.1","FOREST CITY 2 NNE, IA US","","","0.0","3,0","","","","","","","","","5",",0","1","3,0","28","3,0","13","2,0","0","2,0","0","2,0","","","20031211",",3,0","","","20031205",",,0","","","","","20031201",",2,0","-17.8","3,0,11,","","","102",",,0,05,","","","11.7","2,0,01,","","","602.8","2,0","","","305",",,,0","-3.19","3,0","0.65","2,,,0","-7.03","3,,,0"
"USC00132977","2004-01","43.2844","-93.6305","390.1","FOREST CITY 2 NNE, IA US","0.0","0","0.0","2,0","2","1,0","2","1,0","1","1,0","","","0","5,0","12","2,0","29","2,0","20",",0","0",",0","0",",0","","","20040130",",2,0","","","20040131","+,5,0","","","20040127",",1,0","20040112",",,0","-28.3","2,0,30,","","","0","5,,0,31,+","50.8","1,,0,27,","7.8",",0,12,","","","826.7",",0","63.5","1,,,0","0","5,,,0","-10.26","2,0","-4.71",",,,0","-15.81","2,,,0"
"USC00132977","2004-02","43.2844","-93.6305","390.1","FOREST CITY 2 NNE, IA US","0.0","0","0.0","2,0","3","3,0","2","3,0","0","3,0","","","2","1,0","5","2,0","27","2,0","19","1,0","0","1,0","0","1,0","","","20040215",",2,0","","","20040202",",1,0","","","20040202",",3,0","20040229",",1,0","-24.4","2,0,15,","","","152","1,,0,02,","10.7","3,,0,02,","8.3","1,0,29,","","","704.7","1,0","21.6","3,,,0","307","1,,,0","-7.56","2,0","-3.06","1,,,0","-12.06","2,,,0"
"USC00132977","2004-03","43.2844","-93.6305","390.1","FOREST CITY 2 NNE, IA US","0.0","0","0.0","3,0","9","5,0","6","5,0","0","5,0","","","2",",0","0","3,0","20","3,0","1","3,0","1","3,0","0","3,0","","","20040312",",3,0","","","20040306","+,,0","","","20040305",",5,0","20040325",",3,0","-11.1","3,0,12,","","","25",",,0,06,+","24.6","5,,0,05,","23.3","3,0,25,","","","404.8","3,0","70.8","3,a,,0","78",",a,,0","3.88","3,0","8.53","3,,,0","-0.78","3,,,0"
"USC00132977","2004-04","43.2844","-93.6305","390.1","FOREST CITY 2 NNE, IA US","2.2","0","2.2","5,0","4",",0","3",",0","1",",0","0",",0","0",",0","0","5,0","8","5,0","0",",0","9",",0","0",",0","","","20040410",",5,0","20040430","+,,0","20040430","+,,0","","","20040425",",,0","20040417",",,0","-5.6","5,0,10,","0",",,0,30,+","0",",,0,30,+","39.6",",,0,25,","31.7",",0,17,","","","206.1",",0","69.4",",,,0","0",",,,0","10.13","5,0","17.83",",,,0","2.42","5,,,0"
"USC00132977","2004-05","43.2844","-93.6305","390.1","FOREST CITY 2 NNE, IA US","13.1","0","10.9","1,0","16",",0","10",",0","4",",0","0",",0","0",",0","0","1,0","1","1,0","0",",0","16",",0","0",",0","","","20040503",",1,0","20040531","+,,0","20040531","+,,0","","","20040522",",,0","20040510",",,0","0.0","1,0,03,","0",",,0,31,+","0",",,0,31,+","57.2",",,0,22,","30.6",",0,10,","","","123.8",",0","232.7",",,,0","0",",,,0","14.63","1,0","20.42",",,,0","8.85","1,,,0"
"USC00132977","2004-06","43.2844","-93.6305","390.1","FOREST CITY 2 NNE, IA US","56.6","0","43.5","4,0","10",",0","7",",0","0",",0","0",",0","0",",0","0","4,0","0","4,0","0",",0","24",",0","1",",0","","","20040625",",4,0","20040630","+,,0","20040630","+,,0","","","20040617",",,0","20040608",",,0","6.7","4,0,25,","0",",,0,30,+","0",",,0,30,+","22.6",",,0,17,","32.2",",0,08,","","","26.5",",0","83.8",",,,0","0",",,,0","19.01","4,0","24.36",",,,0","13.67","4,,,0"
"USC00132977","2004-07","43.2844","-93.6305","390.1","FOREST CITY 2 NNE, IA US","137.7","0","81.1","3,0","11",",0","8",",0","3",",0","0",",0","0",",0","0","3,0","0","3,0","0","1,0","28","1,0","0","1,0","","","20040707",",3,0","20040731","+,,0","20040731","+,,0","","","20040704",",,0","20040721",",1,0","10.0","3,0,07,","0",",,0,31,+","0",",,0,31,+","43.7",",,0,04,","31.1","1,0,21,","10.5","0","10.5","1,0","134.8",",,,0","0",",,,0","20.93","3,0","26.35","1,,,0","15.50","3,,,0"
"USC00132977","2004-08","43.2844","-93.6305","390.1","FOREST CITY 2 NNE, IA US","180.7","0","43.0","2,0","10",",0","6",",0","1",",0","0",",0","0",",0","0","2,0","0","2,0","0",",0","26",",0","0",",0","","","20040821",",2,0","20040831","+,,0","20040831","+,,0","","","20040801",",,0","20040827","+,,0","3.3","2,0,21,","0",",,0,31,+","0",",,0,31,+","46.7",",,0,01,","29.4",",0,27,+","56.2","0","45.7",",0","110.1",",,,0","0",",,,0","18.11","2,0","23.89",",,,0","12.32","2,,,0"
"USC00132977","2004-09","43.2844","-93.6305","390.1","FOREST CITY 2 NNE, IA US","","","","","8","4,0","6","4,0","3","4,0","0",",0","0",",0","","","","","0","1,0","26","1,0","0","1,0","2","","","","20040930","+,,0","20040930","+,,0","","","20040914",",4,0","20040920","+,1,0","","","0",",,0,30,+","0",",,0,30,+","143.8","4,,0,14,","30.0","1,0,20,+","","","","","245.2","4,,,0","0",",,,0","","","25.33","1,,,0","",""
"USC00132977","2004-10","43.2844","-93.6305","390.1","FOREST CITY 2 NNE, IA US","","","0.0","1,0","13",",0","5",",0","0",",0","0",",0","0",",0","0","1,0","4","1,0","0","1,0","7","1,0","0","1,0","","","20041017",",1,0","20041031","+,,0","20041031","+,,0","","","20041030",",,0","20041030",",1,0","-3.3","1,0,17,","0",",,0,31,+","0",",,0,31,+","10.7",",,0,30,","26.7","1,0,30,","","","237.3","1,0","35.8",",,,0","0",",,,0","10.42","1,0","16.14","1,,,0","4.71","1,,,0"
"USC00132977","2004-11","43.2844","-93.6305","390.1","FOREST CITY 2 NNE, IA US","","","0.0","3,0","8","2,0","4","2,0","0","2,0","3","1,0","2",",0","0","2,0","20","2,0","1","2,0","1","2,0","0","2,0","","","20041130",",2,0","20041130","+,1,0","20041127",",,0","","","20041102",",2,0","20041107",",2,0","-11.7","2,0,30,","51","1,,0,30,+","38",",,0,27,","12.7","2,,0,02,","22.8","2,0,07,","","","402.9","2,0","29.3","2,,,0","63",",,,0","3.42","3,0","8.24","2,,,0","-1.40","2,,,0"
"USC00132977","2004-12","43.2844","-93.6305","390.1","FOREST CITY 2 NNE, IA US","","","0.0",",0","3",",0","2",",0","0",",0","11","1,0","1",",0","6",",0","29",",0","12",",0","0",",0","0",",0","","","20041225","+,,0","20041229","+,1,0","20041221",",,0","","","20041221",",,0","20041231",",,0","-26.1",",0,25,+","76","1,,0,29,+","76",",,0,21,","5.3",",,0,21,","12.2",",0,31,","","","724.2",",0","9.6",",,,0","76",",,,0","-5.03",",0","-0.33",",,,0","-9.73",",,,0"
"USC00132977","2005-01","43.2844","-93.6305","390.1","FOREST CITY 2 NNE, IA US","0.0","0","0.0","3,0","4","3,0","3","3,0","0","3,0","25","4,0","3","1,0","7","3,0","28","3,0","26","2,0","0","2,0","0","2,0","","","20050116",",3,0","20050106",",4,0","20050106",",1,0","","","20050122",",3,0","20050126",",2,0","-26.7","3,0,16,","229","4,,0,06,","145","1,,0,06,","13.0","3,,0,22,","7.2","2,0,26,","","","777.0","2,0","24.4","1,a,,0","293","1,,,0","-9.44","3,0","-5.50","2,,,0","-13.38","3,,,0"
"USC00132977","2005-02","43.2844","-93.6305","390.1","FOREST CITY 2 NNE, IA US","0.0","0","0.0",",0","10",",0","3",",0","0",",0","6","4,0","2",",0","0",",0","28",",0","11",",0","0",",0","0",",0","","","20050211","+,,0","20050209",",4,0","20050209",",,0","","","20050214",",,0","20050205",",,0","-15.6",",0,11,+","51","4,,0,09,","38",",,0,09,","24.4",",,0,14,","15.0",",0,05,","","","589.2",",0","37.2",",,,0","74",",,,0","-2.71",",0","1.87",",,,0","-7.29",",,,0"
"USC00132977","2005-03","43.2844","-93.6305","390.1","FOREST CITY 2 NNE, IA US","0.0","0","0.0",",0","5",",0","2",",0","0",",0","9",",0","3",",0","0",",0","27",",0","8",",0","2",",0","0",",0","","","20050313","+,,0","20050320","+,,0","20050319",",,0","","","20050331",",,0","20050330",",,0","-13.3",",0,13,+","305",",,0,20,+","254",",,0,19,","14.0",",,0,31,","22.8",",0,30,","","","595.7",",0","27.0",",,,0","356",",,,0","-0.88",",0","4.56",",,,0","-6.33",",,,0"
"USC00132977","2005-04","43.2844","-93.6305","390.1","FOREST CITY 2 NNE, IA US","2.8","0","2.8",",0","10",",0","7",",0","2",",0","0",",0","0",",0","0",",0","6",",0","0",",0","11",",0","0",",0","","","20050428","+,,0","20050430","+,,0","20050430","+,,0","","","20050412",",,0","20050405",",,0","-0.6",",0,28,+","0",",,0,30,+","0",",,0,30,+","65.8",",,0,12,","26.7",",0,05,","","","212.4",",0","155.0",",,,0","0",",,,0","11.35",",0","17.55",",,,0","5.14",",,,0"
"USC00132977","2005-05","43.2844","-93.6305","390.1","FOREST CITY 2 NNE, IA US","5.0","0","2.2","3,0","18",",0","14",",0","1",",0","0",",0","0",",0","0","3,0","2","3,0","0",",0","14",",0","0",",0","","","20050503",",3,0","20050502",",,0","20050502",",,0","","","20050511",",,0","20050525","+,,0","-1.7","3,0,03,","0",",T,0,02,","0",",T,0,02,","38.1",",,0,11,","25.0",",0,25,+","","","131.7",",0","185.2",",,,0","0",",T,,0","13.94","3,0","18.98",",,,0","8.90","3,,,0"
"USC00132977","2005-06","43.2844","-93.6305","390.1","FOREST CITY 2 NNE, IA US","131.8","0","126.8",",0","13",",0","11",",0","1",",0","0",",0","0",",0","0",",0","0",",0","0",",0","30",",0","3",",0","","","20050616",",,0","20050630","+,,0","20050630","+,,0","","","20050621",",,0","20050624","+,,0","12.8",",0,16,","0",",,0,30,+","0",",,0,30,+","28.4",",,0,21,","32.8",",0,24,+","","","1.4",",0","125.9",",,,0","0",",,,0","22.51",",0","27.86",",,,0","17.16",",,,0"
"USC00132977","2005-07","43.2844","-93.6305","390.1","FOREST CITY 2 NNE, IA US","289.7","0","157.9","1,0","8",",0","4",",0","0",",0","0",",0","0",",0","0","1,0","0","1,0","0",",0","30",",0","5",",0","","","20050727",",1,0","20050731","+,,0","20050731","+,,0","","","20050720",",,0","20050724",",,0","11.1","1,0,27,","0",",,0,31,+","0",",,0,31,+","23.6",",,0,20,","34.4",",0,24,","4.2","0","4.2",",0","71.1",",,,0","0",",,,0","23.46","1,0","28.95",",,,0","17.98","1,,,0"
"USC00132977","2005-08","43.2844","-93.6305","390.1","FOREST CITY 2 NNE, IA US","371.6","0","81.9","2,0","5",",0","5",",0","0",",0","0",",0","0",",0","0","2,0","0","2,0","0","2,0","29","2,0","4","2,0","","","20050823",",2,0","20050831","+,,0","20050831","+,,0","","","20050810",",,0","20050810",",2,0","10.0","2,0,23,","0",",,0,31,+","0",",,0,31,+","18.0",",,0,10,","33.3","2,0,10,","11.1","0","6.9","2,0","49.7",",,,0","0",",,,0","20.92","2,0","26.92","2,,,0","14.92","2,,,0"
"USC00132977","2005-09","43.2844","-93.6305","390.1","FOREST CITY 2 NNE, IA US","429.7","0","58.1","2,0","10","2,0","7","2,0","3","2,0","0",",0","0",",0","0","2,0","0","2,0","0","1,0","24","1,0","1","1,0","","","20050930","+,2,0","20050930","+,,0","20050930","+,,0","","","20050925",",2,0","20050922",",1,0","2.2","2,0,30,+","0",",,0,30,+","0",",,0,30,+","58.7","2,,0,25,","32.2","1,0,22,","49.2","0","38.1","1,0","179.9",",a,,0","0",",,,0","19.01","2,0","25.48","1,,,0","12.54","2,,,0"
"USC00132977","2005-10","43.2844","-93.6305","390.1","FOREST CITY 2 NNE, IA US","445.0","0","15.3","1,0","8",",0","4",",0","0",",0","0",",0","0",",0","0","1,0","8","1,0","0",",0","10",",0","0",",0","","","20051026",",1,0","20051031","+,,0","20051031","+,,0","","","20051031",",,0","20051004",",,0","-1.7","1,0,26,","0",",,0,31,+","0",",,0,31,+","16.0",",,0,31,","31.7",",0,04,","284.4","0","235.2",",0","32.3",",,,0","0",",,,0","11.15","1,0","18.00",",,,0","4.31","1,,,0"
"USC00132977","2005-11","43.2844","-93.6305","390.1","FOREST CITY 2 NNE, IA US","445.0","0","0.0","1,0","6",",0","4",",0","0",",0","4","2,0","1",",0","0","1,0","17","1,0","5","1,0","2","1,0","0","1,0","","","20051118","+,1,0","20051116",",2,0","20051116",",,0","","","20051128",",,0","20051103",",1,0","-13.3","1,0,18,+","51","2,,0,16,","41",",,0,16,","20.6",",,0,28,","24.4","1,0,03,","714.0","0","429.6","1,0","50.8",",,,0","54",",,,0","3.52","1,0","9.14","1,,,0","-2.10","1,,,0"
"USC00132977","2005-12","43.2844","-93.6305","390.1","FOREST CITY 2 NNE, IA US","445.0","0","0.0",",0","7","1,0","3","1,0","0","1,0","","","4","1,0","14",",0","31",",0","23",",0","0",",0","0",",0","","","20051207","+,,0","","","20051214",",1,0","","","20051204",",1,0","20051224",",,0","-22.2",",0,07,+","","","152","1,,0,14,","9.9","1,,0,04,","5.0",",0,24,","1542.2","0","828.2",",0","23.3","1,,,0","318","1,,,0","-8.38",",0","-4.97",",,,0","-11.79",",,,0"
"USC00132977","2006-01","43.2844","-93.6305","390.1","FOREST CITY 2 NNE, IA US","0.0","0","0.0","1,0","3",",0","1",",0","0",",0","","","2",",0","0","1,0","29","1,0","11",",0","0",",0","0",",0","","","20060123",",1,0","","","20060130","+,,0","","","20060130",",,0","20060127",",,0","-13.3","1,0,23,","","","25",",,0,30,+","5.3",",,0,30,","7.8",",0,27,","2162.6","0","620.4",",0","7.8",",,,0","53",",,,0","-2.39","1,0","1.01",",,,0","-5.79","1,,,0"
"USC00132977","2006-02","43.2844","-93.6305","390.1","FOREST CITY 2 NNE, IA US","0.0","0","0.0",",0","4","1,0","1","1,0","0","1,0","10","4,0","3","1,0","4",",0","28",",0","17",",0","0",",0","0",",0","","","20060219","+,,0","20060220",",4,0","20060217",",1,0","","","20060210",",1,0","20060225",",,0","-27.2",",0,19,+","102","4,,0,20,","114","1,,0,17,","4.1","1,,0,10,","11.7",",0,25,","2880.5","0","717.9",",0","6.5","1,,,0","247","1,,,0","-7.31",",0","-1.48",",,,0","-13.13",",,,0"
"USC00132977","2006-03","43.2844","-93.6305","390.1","FOREST CITY 2 NNE, IA US","0.0","0","0.0",",0","8",",0","7",",0","1",",0","6","2,0","3",",0","0",",0","29",",0","3",",0","0",",0","0",",0","","","20060315","+,,0","20060314","+,2,0","20060313",",,0","","","20060331",",,0","20060331","+,,0","-9.4",",0,15,+","51","2,,0,14,+","38",",,0,13,","36.3",",,0,31,","14.4",",0,31,+","3438.8","0","558.3",",0","73.8",",,,0","109",",,,0","0.32",",0","4.63",",,,0","-3.98",",,,0"
"USC00132977","2006-04","43.2844","-93.6305","390.1","FOREST CITY 2 NNE, IA US","2.2","0","2.2","2,0","11",",0","9",",0","2",",0","0",",0","0",",0","0","2,0","3","2,0","0","1,0","8","1,0","0","1,0","","","20060408",",2,0","20060430","+,,0","20060430","+,,0","","","20060430",",,0","20060414",",1,0","-8.9","2,0,08,","0",",,0,30,+","0",",,0,30,+","30.5",",,0,30,","31.1","1,0,14,","3646.5","0","207.7","1,0","137.9",",,,0","0",",,,0","11.08","2,0","17.20","1,,,0","4.96","2,,,0"
"USC00132977","2006-05","43.2844","-93.6305","390.1","FOREST CITY 2 NNE, IA US","35.8","0","33.6","1,0","10",",0","5",",0","0",",0","0",",0","0",",0","0","1,0","0","1,0","0",",0","17",",0","1",",0","","","20060520",",1,0","20060531","+,,0","20060531","+,,0","","","20060509",",,0","20060529",",,0","0.6","1,0,20,","0",",,0,31,+","0",",,0,31,+","20.8",",,0,09,","33.3",",0,29,","3785.3","0","138.8",",0","59.3",",,,0","0",",,,0","14.98","1,0","21.05",",,,0","8.92","1,,,0"
"USC00132977","2006-06","43.2844","-93.6305","390.1","FOREST CITY 2 NNE, IA US","128.9","0","93.1",",0","12",",0","8",",0","0",",0","0",",0","0",",0","0",",0","0",",0","0",",0","28",",0","0",",0","","","20060612",",,0","20060630","+,,0","20060630","+,,0","","","20060625",",,0","20060617","+,,0","7.8",",0,12,","0",",,0,30,+","0",",,0,30,+","18.5",",,0,25,","31.7",",0,17,+","3800.3","0","15.0",",0","77.8",",,,0","0",",,,0","20.94",",0","26.73",",,,0","15.15",",,,0"
"USC00132977","2006-07","43.2844","-93.6305","390.1","FOREST CITY 2 NNE, IA US","289.9","0","161.0","3,0","8",",0","4",",0","1",",0","0",",0","0",",0","0","3,0","0","3,0","0","2,0","29","2,0","9","2,0","","","20060721",",3,0","20060731","+,,0","20060731","+,,0","","","20060720",",,0","20060731",",2,0","11.7","3,0,21,","0",",,0,31,+","0",",,0,31,+","34.8",",,0,20,","36.7","2,0,31,","0.0","0","0.0","2,0","58.4",",,,0","0",",,,0","24.04","3,0","30.49","2,,,0","17.60","3,,,0"
"USC00132977","2006-08","43.2844","-93.6305","390.1","FOREST CITY 2 NNE, IA US","407.0","0","117.1",",0","13",",0","8",",0","2",",0","0",",0","0",",0","0",",0","0",",0","0",",0","31",",0","1",",0","","","20060830","+,,0","20060831","+,,0","20060831","+,,0","","","20060802",",,0","20060801",",,0","12.8",",0,30,+","0",",,0,31,+","0",",,0,31,+","85.1",",,0,02,","37.2",",0,01,","0.0","0","0.0",",0","148.6",",,,0","0",",,,0","22.11",",0","27.47",",,,0","16.75",",,,0"
"USC00132977","2006-09","43.2844","-93.6305","390.1","FOREST CITY 2 NNE, IA US","421.1","0","14.1","2,0","6","2,0","4","2,0","0","2,0","0",",0","0",",0","0","2,0","0","2,0","0","2,0","12","2,0","0","2,0","","","20060921","+,2,0","20060930","+,,0","20060930","+,,0","","","20060911",",2,0","20060917","+,2,0","1.7","2,0,21,+","0",",,0,30,+","0",",,0,30,+","15.5","2,,0,11,","28.3","2,0,17,+","103.1","0","103.1","2,0","66.1",",a,,0","0",",,,0","15.16","2,0","20.83","2,,,0","9.48","2,,,0"
"USC00132977","2006-10","43.2844","-93.6305","390.1","FOREST CITY 2 NNE, IA US","427.8","0","6.7","1,0","7",",0","4",",0","0",",0","1",",0","1",",0","0","1,0","13","1,0","0",",0","5",",0","0",",0","","","20061031","+,1,0","20061012",",,0","20061012",",,0","","","20061016",",,0","20061004",",,0","-4.4","1,0,31,+","25",",,0,12,","25",",,0,12,","7.9",",,0,16,","31.7",",0,04,","417.3","0","314.2",",0","23.2",",,,0","25",",,,0","8.37","1,0","14.51",",,,0","2.22","1,,,0"
"USC00132977","2006-11","43.2844","-93.6305","390.1","FOREST CITY 2 NNE, IA US","427.8","0","0.0","1,0","6",",0","5",",0","0",",0","2","1,0","1",",0","0","1,0","22","1,0","4",",0","1",",0","0",",0","","","20061130",",1,0","20061111",",1,0","20061111",",,0","","","20061129",",,0","20061109",",,0","-13.3","1,0,30,","102","1,,0,11,","76",",,0,11,","12.4",",,0,29,","26.7",",0,09,","875.0","0","457.7",",0","38.7",",,,0","89",",,,0","2.61","1,0","8.23",",,,0","-3.01","1,,,0"
"USC00132977","2006-12","43.2844","-93.6305","390.1","FOREST CITY 2 NNE, IA US","427.8","0","0.0","1,0","5",",0","4",",0","1",",0","0",",0","0",",0","2","1,0","29","1,0","8",",0","0",",0","0",",0","","","20061208","+,1,0","20061208","+,,0","20061207",",,0","","","20061231",",,0","20061210",",,0","-19.4","1,0,08,+","0",",T,0,08,+","0",",T,0,07,","26.4",",,0,31,","11.1",",0,10,","1494.9","0","619.9",",0","48.2",",,,0","0",",T,,0","-2.24","1,0","2.31",",,,0","-6.79","1,,,0"
"USC00132977","2007-01","43.2844","-93.6305","390.1","FOREST CITY 2 NNE, IA US","0.0","0","0.0","1,0","2","3,0","2","3,0","0","3,0","","","5",",0","9","1,0","29","1,0","19","1,0","0","1,0","0","1,0","","","20070117","+,1,0","","","20070115",",,0","","","20070101",",3,0","20070105",",1,0","-25.6","1,0,17,+","","","203",",,0,15,","10.2","3,,0,01,","5.6","1,0,05,","2283.2","0","788.3","1,0","15.0","3,,,0","385",",,,0","-7.95","1,0","-3.20","1,,,0","-12.69","1,,,0"
"USC00132977","2007-02","43.2844","-93.6305","390.1","FOREST CITY 2 NNE, IA US","0.0","0","0.0","2,0","5","1,0","2","1,0","1","1,0","23","2,0","5",",0","15","1,0","27","1,0","23","2,0","0","2,0","0","2,0","","","20070205",",1,0","20070227","+,2,0","20070225",",,0","","","20070226",",1,0","20070222",",2,0","-26.7","1,0,05,","254","2,,0,27,+","178",",,0,25,","35.1","1,,0,26,","6.7","2,0,22,","3083.9","0","800.7","2,0","43.2","1,,,0","369",",,,0","-12.27","2,0","-7.90","2,,,0","-16.64","1,,,0"
"USC00132977","2007-03","43.2844","-93.6305","390.1","FOREST CITY 2 NNE, IA US","0.0","0","0.0","2,0","8","2,0","5","2,0","1","2,0","","","1",",0","2","1,0","21","1,0","8","2,0","2","2,0","0","2,0","","","20070304",",1,0","","","20070302",",,0","","","20070330",",2,0","20070327",",2,0","-18.3","1,0,04,","","","292",",,0,02,","35.6","2,,0,30,","26.7","2,0,27,","3555.9","0","472.0","2,0","70.2","2,,,0","310",",,,0","2.00","2,0","6.83","2,,,0","-2.83","1,,,0"
"USC00132977","2007-04","43.2844","-93.6305","390.1","FOREST CITY 2 NNE, IA US","6.1","0","6.1","1,0","9",",0","5",",0","0",",0","0","2,0","1","1,0","0","1,0","11","1,0","4","1,0","7","1,0","1","1,0","","","20070408","+,1,0","20070413","+,2,0","20070411",",1,0","","","20070425",",,0","20070430",",1,0","-10.6","1,0,08,+","0","2,T,0,13,+","102","1,,0,11,","21.8",",,0,25,","33.3","1,0,30,","3897.3","0","341.4","1,0","79.8",",,,0","102","1,,,0","6.77","1,0","12.43","1,,,0","1.11","1,,,0"
"USC00132977","2007-05","43.2844","-93.6305","390.1","FOREST CITY 2 NNE, IA US","33.9","0","27.8","5,0","7","4,0","4","4,0","0","4,0","0",",0","0",",0","0","4,0","0","4,0","0","4,0","21","4,0","2","4,0","","","20070517",",4,0","20070531","+,,0","20070531","+,,0","","","20070524",",4,0","20070515","+,4,0","3.9","4,0,17,","0",",,0,31,+","0",",,0,31,+","23.9","4,,0,24,","32.2","4,0,15,+","3950.1","0","52.8","4,0","65.0",",a,,0","0",",,,0","17.38","5,0","24.47","4,,,0","10.29","4,,,0"
"USC00132977","2007-06","43.2844","-93.6305","390.1","FOREST CITY 2 NNE, IA US","116.2","0","82.3","5,0","6","2,0","4","2,0","0","2,0","0",",0","0",",0","0","5,0","0","5,0","0","5,0","24","5,0","1","5,0","","","20070605",",5,0","20070630","+,,0","20070630","+,,0","","","20070618",",2,0","20070625",",5,0","8.9","5,0,05,","0",",,0,30,+","0",",,0,30,+","15.2","2,,0,18,","32.2","5,0,25,","3956.7","0","6.6","5,0","40.2",",a,,0","0",",,,0","21.36","5,0","27.69","5,,,0","15.03","5,,,0"
"USC00132977","2007-07","43.2844","-93.6305","390.1","FOREST CITY 2 NNE, IA US","","","","","6",",0","5",",0","1",",0","0",",0","0",",0","","","","","0","5,0","26","5,0","4","5,0","","","","","20070731","+,,0","20070731","+,,0","","","20070708",",,0","20070708",",5,0","","","0",",,0,31,+","0",",,0,31,+","28.2",",,0,08,","35.6","5,0,08,","","","","","98.6",",,,0","0",",,,0","","","29.06","5,,,0","",""
"USC00132977","2007-08","43.2844","-93.6305","390.1","FOREST CITY 2 NNE, IA US","","","97.6","2,0","15","1,0","12","1,0","5","1,0","0",",0","0",",0","0","2,0","0","2,0","0","2,0","29","2,0","0","2,0","","","20070831","+,2,0","20070831","+,,0","20070831","+,,0","","","20070818",",1,0","20070812",",2,0","11.1","2,0,31,+","0",",,0,31,+","0",",,0,31,+","61.0","1,,0,18,","31.7","2,0,12,","","","2.0","2,0","310.3","1,,,0","0",",,,0","21.63","2,0","26.97","2,,,0","16.29","2,,,0"
"USC00132977","2007-09","43.2844","-93.6305","390.1","FOREST CITY 2 NNE, IA US","","","32.2","4,0","5",",0","5",",0","0",",0","0",",0","0",",0","0","3,0","2","3,0","0","2,0","20","2,0","0","2,0","","","20070916",",3,0","20070930","+,,0","20070930","+,,0","","","20070925",",,0","20070918",",2,0","-1.1","3,0,16,","0",",,0,30,+","0",",,0,30,+","21.6",",,0,25,","31.7","2,0,18,","","","76.2","2,0","66.0",",,,0","0",",,,0","16.80","4,0","23.91","2,,,0","9.68","3,,,0"
"USC00132977","2007-10","43.2844","-93.6305","390.1","FOREST CITY 2 NNE, IA US","","","10.9","2,0","10",",0","8",",0","0",",0","0",",0","0",",0","0","2,0","3","2,0","0","1,0","7","1,0","0","1,0","","","20071028",",2,0","20071031","+,,0","20071031","+,,0","","","20071014",",,0","20071007",",1,0","-1.1","2,0,28,","0",",,0,31,+","0",",,0,31,+","22.4",",,0,14,","30.0","1,0,07,","","","187.1","1,0","110.3",",,,0","0",",,,0","12.22","2,0","17.45","1,,,0","7.00","2,,,0"
"USC00132977","2007-11","43.2844","-93.6305","390.1","FOREST CITY 2 NNE, IA US","","","0.0","1,0","2",",0","0",",0","0",",0","1",",0","1",",0","0",",0","28",",0","5","1,0","0","1,0","0","1,0","","","20071130",",,0","20071130",",,0","20071130",",,0","","","20071130",",,0","20071112",",1,0","-14.4",",0,30,","25",",,0,30,","25",",,0,30,","1.5",",,0,30,","18.9","1,0,12,","","","501.9","1,0","2.5",",,,0","25",",,,0","1.06","1,0","6.55","1,,,0","-4.42",",,,0"
"USC00132977","2007-12","43.2844","-93.6305","390.1","FOREST CITY 2 NNE, IA US","","","0.0","2,0","3",",0","2",",0","0",",0","28","3,0","3","1,0","2","2,0","29","2,0","27","1,0","0","1,0","0","1,0","","","20071215",",2,0","20071216","+,3,0","20071209","+,1,0","","","20071202",",,0","20071226","+,1,0","-18.3","2,0,15,","229","3,,0,16,+","76","1,,0,09,+","10.2",",,0,02,","1.7","1,0,26,+","","","800.4","1,0","14.8",",,,0","228","1,,,0","-9.16","2,0","-4.79","1,,,0","-13.53","2,,,0"
"USC00132977","2008-01","43.2844","-93.6305","390.1","FOREST CITY 2 NNE, IA US","0.0","0","0.0","1,0","2","5,0","1","5,0","0","5,0","29","2,","2","2,","14","1,0","30","1,0","24","1,0","0","1,0","0","1,0","","","20080124",",1,0","20080127","+,2,0","20080122",",2,","","","20080117",",5,0","20080129",",1,0","-28.3","1,0,24,","279","2,,0,27,+","127","2,,,22,","4.1","5,,0,17,","4.4","1,0,29,","","","888.2","1,0","6.1","3,a,,0","217","2,a,,","-11.28","1,0","-6.21","1,,,0","-16.34","1,,,0"
"USC00132977","2008-02","43.2844","-93.6305","390.1","FOREST CITY 2 NNE, IA US","0.0","0","0.0","3,0","6","1,0","0","1,0","0","1,0","25","4,0","3","2,0","11","2,0","27","2,0","24","3,0","0","3,0","0","3,0","3","","20080221","+,2,0","20080225","+,4,0","20080212",",2,0","","","20080212",",1,0","20080225","+,3,0","-27.2","2,0,21,+","305","4,,0,25,+","127","2,,0,12,","2.0","1,,0,12,","0.6","3,0,25,+","","","740.0","3,0","10.0","1,,,0","223","2,,,0","-10.36","3,0","-5.32","3,,,0","-15.39","2,,,0"
"USC00132977","2008-03","43.2844","-93.6305","390.1","FOREST CITY 2 NNE, IA US","","","","","2","2,0","0","2,0","0","2,0","8","3,0","0",",0","","","","","","","","","","","","","","","20080302",",3,0","20080323","+,,0","","","20080303",",2,0","","","","","76","3,,0,02,","3",",,0,23,+","1.3","2,,0,03,","","","","","","","2.9",",a,,0","42",",a,,0","","","","","",""
"USC00132977","2008-04","43.2844","-93.6305","390.1","FOREST CITY 2 NNE, IA US","","","0.0","2,0","10","2,0","5","2,0","2","2,0","0",",0","0",",0","0","2,0","17","2,0","1","2,0","4","2,0","0","2,0","1","","20080403","+,2,0","20080412",",,0","20080401",",,0","","","20080425",",2,0","20080422",",2,0","-4.4","2,0,03,+","0",",T,0,12,","3",",,0,01,","47.5","2,,0,25,","23.9","2,0,22,","","","342.3","2,0","140.3",",a,,0","3",",,,0","6.11","2,0","11.63","2,,,0","0.59","2,,,0"
"USC00132977","2008-05","43.2844","-93.6305","390.1","FOREST CITY 2 NNE, IA US","","","4.5","1,0","8","2,0","5","2,0","1","2,0","0",",0","0",",0","0","1,0","0","1,0","0","1,0","11","1,0","0","1,0","","","20080504","+,1,0","20080531","+,,0","20080531","+,,0","","","20080530",",2,0","20080526",",1,0","2.8","1,0,04,+","0",",,0,31,+","0",",,0,31,+","32.8","2,,0,30,","30.6","1,0,26,","","","153.3","1,0","81.9",",a,,0","0",",,,0","13.37","1,0","20.04","1,,,0","6.71","1,,,0"
"USC00132977","2008-06","43.2844","-93.6305","390.1","FOREST CITY 2 NNE, IA US","","","45.1",",0","10",",0","9",",0","2",",0","0",",0","0",",0","0",",0","0",",0","0",",0","28",",0","0",",0","","","20080616",",,0","20080630","+,,0","20080630","+,,0","1","","20080608",",,0","20080608",",,0","10.6",",0,16,","0",",,0,30,+","0",",,0,30,+","81.3",",,0,08,","30.0",",0,08,","","","9.1",",0","214.2",",,,0","0",",,,0","19.53",",0","25.11",",,,0","13.96",",,,0"
"USC00132977","2008-07","43.2844","-93.6305","390.1","FOREST CITY 2 NNE, IA US","","","105.8","1,0","9","2,0","7","2,0","1","2,0","0",",0","0",",0","0","1,0","0","1,0","0","1,0","30","1,0","0","1,0","2","","20080703",",1,0","20080731","+,,0","20080731","+,,0","3","","20080718",",2,0","20080716","+,1,0","11.1","1,0,03,","0",",,0,31,+","0",",,0,31,+","29.2","2,,0,18,","31.1","1,0,16,+","0.0","0","0.0","1,0","104.3",",a,,0","0",",,,0","21.86","1,0","27.61","1,,,0","16.11","1,,,0"
"USC00132977","2008-08","43.2844","-93.6305","390.1","FOREST CITY 2 NNE, IA US","","","60.7",",0","6",",0","4",",0","1",",0","0",",0","0",",0","0",",0","0",",0","0",",0","31",",0","0",",0","4","","20080824",",,0","20080831","+,,0","20080831","+,,0","1","","20080828",",,0","20080804",",,0","8.9",",0,24,","0",",,0,31,+","0",",,0,31,+","51.3",",,0,28,","30.6",",0,04,","5.6","0","5.6",",0","75.7",",,,0","0",",,,0","20.11",",0","26.55",",,,0","13.67",",,,0"
"USC00132977","2008-09","43.2844","-93.6305","390.1","FOREST CITY 2 NNE, IA US","","","22.8",",0","9",",0","3",",0","0",",0","0",",0","0",",0","0",",0","0",",0","0",",0","19",",0","0",",0","2","","20080930",",,0","20080930","+,,0","20080930","+,,0","","","20080924",",,0","20080902",",,0","3.3",",0,30,","0",",,0,30,+","0",",,0,30,+","18.3",",,0,24,","29.4",",0,02,","74.2","0","68.6",",0","40.1",",,,0","0",",,,0","16.81",",0","23.09",",,,0","10.52",",,,0"
"USC00132977","2008-10","43.2844","-93.6305","390.1","FOREST CITY 2 NNE, IA US","","","2.8","1,0","10",",0","6",",0","0",",0","0",",0","0",",0","0","1,0","9","1,0","0","1,0","6","1,0","0","1,0","","","20081029","+,1,0","20081031","+,,0","20081027",",,0","","","20081015",",,0","20081013",",1,0","-6.1","1,0,29,+","0",",,0,31,+","0",",T,0,27,","12.7",",,0,15,","25.0","1,0,13,","347.1","0","272.9","1,0","57.4",",,,0","0",",T,,0","9.33","1,0","15.54","1,,,0","3.12","1,,,0"
"USC00132977","2008-11","43.2844","-93.6305","390.1","FOREST CITY 2 NNE, IA US","","","0.0","1,0","8",",0","4",",0","0",",0","5",",0","2",",0","0","1,0","22","1,0","7",",0","3",",0","0",",0","1","","20081122","+,1,0","20081130","+,,0","20081130","+,,0","","","20081107",",,0","20081104",",,0","-16.1","1,0,22,+","25",",,0,30,+","25",",,0,30,+","19.8",",,0,07,","23.9",",0,04,","860.8","0","513.7",",0","57.0",",,,0","63",",,,0","0.90","1,0","5.68",",,,0","-3.87","1,,,0"
"USC00132977","2008-12","43.2844","-93.6305","390.1","FOREST CITY 2 NNE, IA US","","","0.0",",0","10","1,0","5","1,0","2","1,0","31",",0","6",",0","15",",0","31",",0","23",",0","0",",0","0",",0","","","20081223","+,,0","20081224","+,,0","20081219",",,0","","","20081219",",1,0","20081227",",,0","-26.7",",0,23,+","381",",,0,24,+","165",",,0,19,","50.8","1,,0,19,","6.7",",0,27,","1762.7","0","901.9",",0","93.8","1,,,0","513",",,,0","-10.76",",0","-5.34",",,,0","-16.18",",,,0"
"USC00132977","2009-01","43.2844","-93.6305","390.1","FOREST CITY 2 NNE, IA US","0.0","0","0.0","1,0","7",",0","4",",0","1",",0","31",",0","4",",0","18","1,0","30","1,0","31",",0","0",",0","0",",0","","","20090116",",1,0","20090119","+,,0","20090114",",,0","","","20090113",",,0","20090106","+,,0","-32.8","1,0,16,","432",",,0,19,+","152",",,0,14,","25.4",",,0,13,","-0.6",",0,06,+","2730.5","0","967.8",",0","53.6",",,,0","340",",,,0","-13.85","1,0","-8.24",",,,0","-19.45","1,,,0"
"USC00132977","2009-02","43.2844","-93.6305","390.1","FOREST CITY 2 NNE, IA US","0.0","0","0.0",",0","4",",0","2",",0","0",",0","12","4,0","1","2,0","6",",0","28",",0","13",",0","0",",0","0",",0","","","20090205","+,,0","20090201",",4,0","20090227",",2,0","1","","20090227",",,0","20090211",",,0","-22.2",",0,05,+","330","4,,0,01,","25","2,,0,27,","10.2",",,0,27,","9.4",",0,11,","3406.3","0","675.8",",0","16.6",",,,0","28","2,,,0","-5.80",",0","-0.51",",,,0","-11.10",",,,0"
"USC00132977","2009-03","43.2844","-93.6305","390.1","FOREST CITY 2 NNE, IA US","0.0","0","0.0",",0","7",",0","5",",0","1",",0","1",",0","0",",0","5",",0","26",",0","7",",0","0",",0","0",",0","3","","20090313","+,,0","20090301",",,0","20090311",",,0","","","20090324",",,0","20090322","+,,0","-18.3",",0,13,+","25",",,0,01,","3",",,0,11,","31.5",",,0,24,","19.4",",0,22,+","3969.8","0","563.5",",0","59.4",",,,0","3",",,,0","0.16",",0","5.38",",,,0","-5.07",",,,0"
"USC00132977","2009-04","43.2844","-93.6305","390.1","FOREST CITY 2 NNE, IA US","0.0","0","0.0","2,0","6","3,0","4","3,0","0","3,0","0",",0","0",",0","0","2,0","15","2,0","0","2,0","3","2,0","0","2,0","1","","20090405","+,2,0","20090401",",,0","20090405",",,0","","","20090405",",3,0","20090424",",2,0","-5.0","2,0,05,+","0",",T,0,01,","13",",,0,05,","12.7","3,,0,05,","28.3","2,0,24,","4300.0","0","330.2","2,0","65.3",",a,,0","13",",,,0","6.54","2,0","13.33","2,,,0","-0.25","2,,,0"
"USC00132977","2009-05","43.2844","-93.6305","390.1","FOREST CITY 2 NNE, IA US","9.7","0","9.7",",0","12",",0","11",",0","0",",0","0",",0","0",",0","0",",0","0",",0","0",",0","16",",0","0",",0","","","20090517","+,,0","20090531","+,,0","20090531","+,,0","1","","20090513",",,0","20090520",",,0","2.2",",0,17,+","0",",,0,31,+","0",",,0,31,+","20.3",",,0,13,","31.7",",0,20,","4433.0","0","133.0",",0","113.6",",,,0","0",",,,0","14.36",",0","20.76",",,,0","7.95",",,,0"
"USC00132977","2009-06","43.2844","-93.6305","390.1","FOREST CITY 2 NNE, IA US","73.6","0","63.9",",0","11",",0","7",",0","0",",0","0",",0","0",",0","0",",0","0",",0","0",",0","22",",0","2",",0","3","","20090604","+,,0","20090630","+,,0","20090630","+,,0","1","","20090608",",,0","20090624","+,,0","8.3",",0,04,+","0",",,0,30,+","0",",,0,30,+","21.8",",,0,08,","33.3",",0,24,+","4474.5","0","41.5",",0","77.4",",,,0","0",",,,0","19.08",",0","24.56",",,,0","13.60",",,,0"
"USC00132977","2009-07","43.2844","-93.6305","390.1","FOREST CITY 2 NNE, IA US","114.9","0","41.3","2,0","5",",0","5",",0","2",",0","0",",0","0",",0","0","2,0","0","2,0","0","2,0","27","2,0","0","2,0","1","","20090731","+,2,0","20090731","+,,0","20090731","+,,0","","","20090710",",,0","20090725","+,2,0","11.7","2,0,31,+","0",",,0,31,+","0",",,0,31,+","77.0",",,0,10,","28.3","2,0,25,+","11.6","0","11.6","2,0","125.1",",,,0","0",",,,0","19.36","2,0","24.65","2,,,0","14.06","2,,,0"
"USC00132977","2009-08","43.2844","-93.6305","390.1","FOREST CITY 2 NNE, IA US","156.5","0","41.6",",0","10",",0","6",",0","1",",0","0",",0","0",",0","0",",0","0",",0","0",",0","28",",0","0",",0","2","","20090831",",,0","20090831","+,,0","20090831","+,,0","1","","20090820",",,0","20090809",",,0","5.0",",0,31,","0",",,0,31,+","0",",,0,31,+","40.1",",,0,20,","31.1",",0,09,","40.0","0","28.4",",0","91.4",",,,0","0",",,,0","18.76",",0","24.45",",,,0","13.07",",,,0"
"USC00132977","2009-09","43.2844","-93.6305","390.1","FOREST CITY 2 NNE, IA US","171.6","0","15.1","3,0","2","3,0","2","3,0","0","3,0","0",",0","0",",0","0","3,0","0","3,0","0","3,0","22","3,0","0","3,0","6","","20090930",",3,0","20090930","+,,0","20090930","+,,0","","","20090922",",3,0","20090917","+,3,0","3.3","3,0,30,","0",",,0,30,+","0",",,0,30,+","14.0","3,,0,22,","27.2","3,0,17,+","83.3","0","43.3","3,0","74.7",",a,,0","0",",,,0","17.29","3,0","23.82","3,,,0","10.76","3,,,0"
"USC00132977","2009-10","43.2844","-93.6305","390.1","FOREST CITY 2 NNE, IA US","171.6","0","0.0",",0","20",",0","14",",0","2",",0","0",",0","1",",0","0",",0","13",",0","0",",0","0",",0","0",",0","2","","20091011",",,0","20091014",",,0","20091014",",,0","1","","20091002",",,0","20091008",",,0","-5.0",",0,11,","0",",T,0,14,","25",",,0,14,","42.7",",,0,02,","20.0",",0,08,","473.9","0","390.6",",0","197.8",",,,0","25",",,,0","5.73",",0","10.27",",,,0","1.20",",,,0"
"USC00132977","2009-11","43.2844","-93.6305","390.1","FOREST CITY 2 NNE, IA US","171.6","0","0.0","1,0","4",",0","2",",0","0",",0","0",",0","0",",0","0","1,0","15","1,0","1","1,0","0","1,0","0","1,0","1","","20091129","+,1,0","20091130","+,,0","20091126",",,0","","","20091125",",,0","20091109",",1,0","-5.0","1,0,29,+","0",",,0,30,+","0",",T,0,26,","10.4",",,0,25,","20.0","1,0,09,","857.1","0","383.2","1,0","19.6",",,,0","0",",T,,0","5.12","1,0","10.65","1,,,0","-0.41","1,,,0"
"USC00132977","2009-12","43.2844","-93.6305","390.1","FOREST CITY 2 NNE, IA US","171.6","0","0.0","1,0","12","2,0","8","2,0","1","2,0","25","3,0","10","1,0","9","1,0","30","1,0","26","1,0","0","1,0","0","1,0","1","","20091211","+,1,0","20091231",",3,0","20091210",",1,0","","","20091210",",2,0","20091202",",1,0","-23.3","1,0,11,+","686","3,,0,31,","305","1,,0,10,","45.7","2,,0,10,","10.6","1,0,02,","1685.0","0","827.9","1,0","110.8",",a,,0","878","1,a,,0","-9.26","1,0","-4.83","1,,,0","-13.70","1,,,0"
"USC00132977","2010-01","43.2844","-93.6305","390.1","FOREST CITY 2 NNE, IA US","0.0","0","0.0","1,0","0","2,0","0","2,0","0","2,0","28","3,0","0","1,0","15","1,0","30","1,0","28","1,0","0","1,0","0","1,0","4","","20100103","+,1,0","20100113","+,3,0","20100125",",1,0","","","20100128","+,2,0","20100124",",1,0","-32.2","1,0,03,+","889","3,,0,13,+","13","1,,0,25,","0.0","2,T,0,28,+","1.1","1,0,24,","2618.4","0","933.4","1,0","0.0","2,T,,0","16","1,,,0","-12.78","1,0","-8.74","1,,,0","-16.82","1,,,0"
"USC00132977","2010-02","43.2844","-93.6305","390.1","FOREST CITY 2 NNE, IA US","0.0","0","0.0",",0","2","1,0","2","1,0","0","1,0","28",",0","4",",0","10",",0","28",",0","26",",0","0",",0","0",",0","","","20100225","+,,0","20100216","+,,0","20100209",",,0","","","20100208",",1,0","20100207","+,,0","-24.4",",0,25,+","1143",",,0,16,+","127",",,0,09,","6.1","1,,0,08,","1.1",",0,07,+","3436.7","0","818.3",",0","10.9","1,,,0","407",",,,0","-10.89",",0","-6.14",",,,0","-15.64",",,,0"
"USC00132977","2010-03","43.2844","-93.6305","390.1","FOREST CITY 2 NNE, IA US","0.0","0","0.0","1,0","7",",0","4",",0","0",",0","12","3,0","0","1,0","0","1,0","21","1,0","4","1,0","2","1,0","0","1,0","8","","20100302","+,1,0","20100301",",3,0","20100331","+,1,0","1","","20100307",",,0","20100331","+,1,0","-15.0","1,0,02,+","889","3,,0,01,","0","1,,0,31,+","10.7",",,0,07,","24.4","1,0,31,+","3934.3","0","497.6","1,0","34.4",",,,0","0","1,,,0","1.75","1,0","6.24","1,,,0","-2.75","1,,,0"
"USC00132977","2010-04","43.2844","-93.6305","390.1","FOREST CITY 2 NNE, IA US","2.8","0","2.8","1,0","9","2,0","5","2,0","1","2,0","0",",0","0",",0","0","1,0","3","1,0","0","1,0","9","1,0","0","1,0","","","20100409","+,1,0","20100430","+,,0","20100430","+,,0","","","20100413",",2,0","20100402",",1,0","-3.3","1,0,09,+","0",",,0,30,+","0",",,0,30,+","25.4","2,,0,13,","30.0","1,0,02,","4136.9","0","202.6","1,0","69.8",",a,,0","0",",,,0","11.44","1,0","18.81","1,,,0","4.07","1,,,0"
"USC00132977","2010-05","43.2844","-93.6305","390.1","FOREST CITY 2 NNE, IA US","34.1","0","31.3","1,0","13",",0","7",",0","0",",0","0",",0","0",",0","0",",0","0",",0","0","1,0","18","1,0","1","1,0","1","","20100509",",,0","20100531","+,,0","20100531","+,,0","2","","20100526",",,0","20100525",",1,0","0.6",",0,09,","0",",,0,31,+","0",",,0,31,+","24.6",",,0,26,","32.8","1,0,25,","4268.8","0","131.9","1,0","99.2",",,,0","0",",,,0","14.92","1,0","21.54","1,,,0","8.29",",,,0"
"USC00132977","2010-06","43.2844","-93.6305","390.1","FOREST CITY 2 NNE, IA US","74.4","0","40.3","1,0","16",",0","12",",0","1",",0","0",",0","0",",0","0","1,0","0","1,0","0","1,0","26","1,0","0","1,0","3","","20100604","+,1,0","20100630","+,,0","20100630","+,,0","6","","20100623",",,0","20100623",",1,0","10.6","1,0,04,+","0",",,0,30,+","0",",,0,30,+","27.4",",,0,23,","31.1","1,0,23,","4280.0","0","11.2","1,0","195.0",",,,0","0",",,,0","19.34","1,0","24.81","1,,,0","13.86","1,,,0"
"USC00132977","2010-07","43.2844","-93.6305","390.1","FOREST CITY 2 NNE, IA US","189.4","0","115.0","2,0","11","2,0","7","2,0","1","2,0","0",",0","0",",0","0","2,0","0","2,0","0","2,0","29","2,0","2","2,0","6","","20100730",",2,0","20100731","+,,0","20100731","+,,0","4","","20100722",",2,0","20100715",",2,0","11.7","2,0,30,","0",",,0,31,+","0",",,0,31,+","54.1","2,,0,22,","33.3","2,0,15,","0.3","0","0.3","2,0","148.2",",a,,0","0",",,,0","22.29","2,0","27.68","2,,,0","16.90","2,,,0"
"USC00132977","2010-08","43.2844","-93.6305","390.1","FOREST CITY 2 NNE, IA US","334.7","0","145.3","1,0","9",",0","4",",0","0",",0","0",",0","0",",0","0","1,0","0","1,0","0","1,0","30","1,0","5","1,0","4","","20100826",",1,0","20100831","+,,0","20100831","+,,0","2","","20100809","+,,0","20100809","+,1,0","11.7","1,0,26,","0",",,0,31,+","0",",,0,31,+","23.6",",,0,09,+","35.6","1,0,09,+","1.1","0","0.8","1,0","68.3",",,,0","0",",,,0","23.15","1,0","29.41","1,,,0","16.89","1,,,0"
"USC00132977","2010-09","43.2844","-93.6305","390.1","FOREST CITY 2 NNE, IA US","341.3","0","6.6","1,0","16","2,0","10","2,0","0","2,0","0",",0","0",",0","0","1,0","0","1,0","0","1,0","20","1,0","0","1,0","","","20100927","+,1,0","20100930","+,,0","20100930","+,,0","3","","20100901",",2,0","20100921",",1,0","4.4","1,0,27,+","0",",,0,30,+","0",",,0,30,+","23.1","2,,0,01,","29.4","1,0,21,","77.5","0","76.4","1,0","118.7",",a,,0","0",",,,0","15.92","1,0","22.20","1,,,0","9.65","1,,,0"
"USC00132977","2010-10","43.2844","-93.6305","390.1","FOREST CITY 2 NNE, IA US","346.4","0","5.1","2,0","4",",0","3",",0","0",",0","0",",0","0",",0","0","2,0","5","2,0","0","2,0","12","2,0","0","2,0","1","","20101030",",2,0","20101031","+,,0","20101028",",,0","","","20101027",",,0","20101010",",2,0","-5.6","2,0,30,","0",",,0,31,+","0",",T,0,28,","5.6",",,0,27,","31.1","2,0,10,","285.5","0","208.0","2,0","13.0",",,,0","0",",T,,0","11.34","2,0","18.86","2,,,0","3.81","2,,,0"
"USC00132977","2010-11","43.2844","-93.6305","390.1","FOREST CITY 2 NNE, IA US","346.4","0","0.0","1,0","8",",0","5",",0","1",",0","1",",0","1",",0","0","1,0","25","1,0","4","1,0","1","1,0","0","1,0","2","","20101124",",1,0","20101114",",,0","20101114",",,0","","","20101113",",,0","20101110",",1,0","-13.3","1,0,24,","25",",,0,14,","38",",,0,14,","38.1",",,0,13,","21.1","1,0,10,","776.1","0","490.6","1,0","55.0",",,,0","38",",,,0","1.42","1,0","6.80","1,,,0","-3.97","1,,,0"
"USC00132977","2010-12","43.2844","-93.6305","390.1","FOREST CITY 2 NNE, IA US","346.4","0","0.0","1,0","6","2,0","4","2,0","0","2,0","22","1,0","5","1,0","7","1,0","30","1,0","26","1,0","0","1,0","0","1,0","2","","20101214","+,1,0","20101228","+,1,0","20101224",",1,0","","","20101224",",2,0","20101231",",1,0","-23.9","1,0,14,+","610","1,,0,28,+","152","1,,0,24,","10.4","2,,0,24,","3.9","1,0,31,","1614.3","0","838.2","1,0","99.1",",a,,0","434","1,,,0","-9.61","1,0","-5.54","1,,,0","-13.68","1,,,0"
"USC00132977","2011-01","43.2844","-93.6305","390.1","FOREST CITY 2 NNE, IA US","0.0","7","0.0","3,K","","","","","","","27","4,K","5","3,K","12","2,K","29","2,K","25","3,K","0","3,K","0","3,K","3","","20110123",",2,K","20110131",",4,K","20110111",",3,K","","","","","20110118","+,3,K","-28.9","2,K,23,","381","4,,K,31,","178","3,,K,11,","","","1.7","3,K,18,+","2458.1","7","843.8","3,K","","","351","3,,,K","-11.81","3,K","-6.41","3,,,K","-17.22","2,,,K"
"USC00132977","2011-02","43.2844","-93.6305","390.1","FOREST CITY 2 NNE, IA US","0.0","7","0.0","3,7","6","4,7","2","4,7","1","4,7","21","5,7","2","4,7","8","3,7","25","3,7","15","3,7","0","3,7","0","3,7","2","","20110209",",3,7","20110213","+,5,7","20110227",",4,7","","","20110221",",4,7","20110218",",3,7","-27.2","3,7,09,","483","5,,7,13,+","89","4,,7,27,","26.7","4,,7,21,","12.8","3,7,18,","3108.1","7","650.0","3,7","37.7","1,a,,7","155","4,,,7","-7.67","3,7","-3.13","3,,,7","-12.20","3,,,7"
"USC00132977","2011-03","43.2844","-93.6305","390.1","FOREST CITY 2 NNE, IA US","0.0","7","0.0","1,7","6","3,7","4","3,7","0","3,7","","","","","2","1,7","27","1,7","9","1,7","0","1,7","0","1,7","3","","20110303","+,1,7","","","","","","","20110323",",3,7","20110317",",1,7","-18.9","1,7,03,+","","","","","13.2","3,,7,23,","13.9","1,7,17,","3704.2","7","596.1","1,7","34.1","1,a,,7","","","-1.54","1,7","3.22","1,,,7","-6.29","1,,,7"
"USC00132977","2011-04","43.2844","-93.6305","390.1","FOREST CITY 2 NNE, IA US","0.0","7","0.0","2,7","11","2,7","7","2,7","0","2,7","","","","","0","2,7","11","2,7","0","2,7","3","2,7","0","2,7","","","20110403",",2,7","","","","","","","20110426",",2,7","20110411",",2,7","-5.0","2,7,03,","","","","","22.9","2,,7,26,","25.6","2,7,11,","4039.5","7","335.3","2,7","90.6","2,,,7","","","6.36","2,7","11.69","2,,,7","1.03","2,,,7"
"USC00132977","2011-05","43.2844","-93.6305","390.1","FOREST CITY 2 NNE, IA US","10.9","7","10.9","3,K","12","4,K","9","4,K","0","4,K","","","","","0","3,K","3","3,K","0","3,K","14","3,K","1","3,K","","","20110503",",3,K","","","","","","","20110526",",4,K","20110511",",3,K","-2.8","3,K,03,","","","","","24.9","4,,K,26,","35.6","3,K,11,","4176.9","7","137.4","3,K","106.9","4,,,K","","","13.81","3,K","20.05","3,,,K","7.58","3,,,K"
"USC00132977","2011-06","43.2844","-93.6305","390.1","FOREST CITY 2 NNE, IA US","74.8","7","63.9","2,7","8","2,7","6","2,7","2","2,7","","","","","0","2,7","0","2,7","0","2,7","24","2,7","3","2,7","","","20110624",",2,7","","","","","2","","20110615",",2,7","20110608",",2,7","7.2","2,7,24,","","","","","61.0","2,,7,15,","36.1","2,7,08,","4210.8","7","33.9","2,7","126.6","2,,,7","","","19.40","2,7","25.53","2,,,7","13.27","2,,,7"
"USC00132977","2011-07","43.2844","-93.6305","390.1","FOREST CITY 2 NNE, IA US","235.0","7","160.2","3,K","7","3,K","5","3,K","0","3,K","","","","","0","3,K","0","3,K","0","3,K","28","3,K","5","3,K","1","","20110702",",3,K","","","","","1","","20110711",",3,K","20110721","+,3,K","13.3","3,K,02,","","","","","21.8","3,,K,11,","34.4","3,K,21,+","0.3","7","0.3","3,K","59.3","3,,,K","","","24.04","3,K","29.46","3,,,K","18.63","3,,,K"
"USC00132977","2011-08","43.2844","-93.6305","390.1","FOREST CITY 2 NNE, IA US","314.4","7","79.4","1,7","6","1,7","3","1,7","0","1,7","","","","","0","1,7","0","1,7","0","1,7","29","1,7","2","1,7","3","","20110813",",1,7","","","","","","","20110823",",1,7","20110802",",1,7","10.0","1,7,13,","","","","","8.6","1,,7,23,","32.8","1,7,02,","4.5","7","4.2","1,7","19.8","1,,,7","","","20.84","1,7","27.16","1,,,7","14.52","1,,,7"
"USC00132977","2011-09","43.2844","-93.6305","390.1","FOREST CITY 2 NNE, IA US","341.0","7","26.6",",7","8",",7","3",",7","0",",7","","","","","0",",7","2",",7","0",",7","14",",7","1",",7","3","","20110916","+,,7","","","","","1","","20110904",",,7","20110902",",,7","-1.1",",7,16,+","","","","","13.0",",,7,04,","34.4",",7,02,","132.7","7","128.2",",7","33.9",",,,7","","","14.95",",7","21.07",",,,7","8.83",",,,7"
"USC00132977","2011-10","43.2844","-93.6305","390.1","FOREST CITY 2 NNE, IA US","352.2","7","11.2",",7","3",",7","1",",7","0",",7","","","","","0",",7","9",",7","0",",7","11",",7","0",",7","3","","20111029",",,7","","","","","1","","20111013",",,7","20111009","+,,7","-3.3",",7,29,","","","","","15.0",",,7,13,","28.9",",7,09,+","365.6","7","232.9",",7","16.3",",,,7","","","11.18",",7","18.31",",,,7","4.05",",,,7"
"USC00132977","2011-11","43.2844","-93.6305","390.1","FOREST CITY 2 NNE, IA US","352.2","7","0.0",",K","3",",K","1",",K","0",",K","","","","","0",",K","23",",K","2",",K","0",",K","0",",K","","","20111118","+,,K","","","","","","","20111126",",,K","20111102",",,K","-11.1",",K,18,+","","","","","4.8",",,K,26,","17.8",",K,02,","845.8","7","480.2",",K","7.8",",,,K","","","2.33",",K","8.00",",,,K","-3.35",",,,K"
"USC00132977","2011-12","43.2844","-93.6305","390.1","FOREST CITY 2 NNE, IA US","352.2","7","0.0","2,7","5","2,7","3","2,7","0","2,7","","","","","4","2,7","28","2,7","14","2,7","0","2,7","0","2,7","2","","20111210",",2,7","","","","","","","20111204",",2,7","20111219",",2,7","-18.9","2,7,10,","","","","","16.3","2,,7,04,","10.0","2,7,19,","1488.9","7","643.1","2,7","31.3","2,,,7","","","-3.84","2,7","0.74","2,,,7","-8.42","2,,,7"
"USC00132977","2012-01","43.2844","-93.6305","390.1","FOREST CITY 2 NNE, IA US","0.0","7","0.0","1,7","2","2,7","1","2,7","0","2,7","","","","","4","1,7","30","1,7","16","1,7","0","1,7","0","1,7","","","20120121",",1,7","","","","","","","20120123",",2,7","20120106",",1,7","-22.8","1,7,21,","","","","","3.6","2,,7,23,","12.8","1,7,06,","2187.7","7","698.8","1,7","13.8",",a,,7","","","-4.96","1,7","-0.22","1,,,7","-9.70","1,,,7"
"USC00132977","2012-02","43.2844","-93.6305","390.1","FOREST CITY 2 NNE, IA US","0.0","7","0.0","1,7","3","1,7","3","1,7","1","1,7","","","","","2","1,7","28","1,7","11","1,7","0","1,7","0","1,7","4","","20120212","+,1,7","","","","","1","","20120229",",1,7","20120203",",1,7","-18.9","1,7,12,+","","","","","27.4","1,,7,29,","8.9","1,7,03,","2787.6","7","599.9","1,7","36.1","1,,,7","","","-3.09","1,7","1.53","1,,,7","-7.71","1,,,7"
"USC00132977","2012-03","43.2844","-93.6305","390.1","FOREST CITY 2 NNE, IA US","5.3","7","5.3",",7","11",",7","5",",7","0",",7","","","","","0",",7","10",",7","2",",7","7",",7","0",",7","1","","20120305",",,7","","","","","2","","20120320",",,7","20120317",",,7","-11.1",",7,05,","","","","","8.1",",,7,20,","27.2",",7,17,","3090.6","7","303.0",",7","37.3",",,,7","","","8.73",",7","14.79",",,,7","2.66",",,,7"
"USC00132977","2012-04","43.2844","-93.6305","390.1","FOREST CITY 2 NNE, IA US","5.3","7","0.0",",7","11",",7","8",",7","1",",7","","","","","0",",7","6",",7","0",",7","6",",7","0",",7","3","","20120412","+,,7","","","","","","","20120420",",,7","20120426",",,7","-6.1",",7,12,+","","","","","37.8",",,7,20,","28.3",",7,26,","3371.8","7","281.2",",7","107.4",",,,7","","","8.96",",7","15.76",",,,7","2.16",",,,7"
"USC00132977","2012-05","43.2844","-93.6305","390.1","FOREST CITY 2 NNE, IA US","37.8","7","32.5","1,7","10","1,7","8","1,7","0","1,7","","","","","0","1,7","0","1,7","0","1,7","19","1,7","1","1,7","2","","20120530","+,1,7","","","","","1","","20120502",",1,7","20120528",",1,7","6.7","1,7,30,+","","","","","16.3","1,,7,02,","35.0","1,7,28,","3442.1","7","70.3","1,7","70.3","1,,,7","","","17.07","1,7","23.42","1,,,7","10.72","1,,,7"
"USC00132977","2012-06","43.2844","-93.6305","390.1","FOREST CITY 2 NNE, IA US","139.1","7","101.3","4,7","7","4,7","3","4,7","1","4,7","","","","","0","4,7","0","4,7","0","4,7","23","4,7","5","4,7","1","","20120601",",4,7","","","","","2","","20120621",",4,7","20120628",",4,7","6.7","4,7,01,","","","","","41.1","4,,7,21,","37.2","4,7,28,","3458.7","7","16.6","4,7","62.7","4,,,7","","","21.59","4,7","27.56","4,,,7","15.62","4,,,7"
"USC00132977","2012-07","43.2844","-93.6305","390.1","FOREST CITY 2 NNE, IA US","","","","","4",",7","2",",7","0",",7","","","","","","","","","","","","","","","","","","","","","","","1","","20120729",",,7","","","","","","","","","6.6",",,7,29,","","","","","","","12.2",",,,7","","","","","","","",""
"USC00132977","2012-08","43.2844","-93.6305","390.1","FOREST CITY 2 NNE, IA US","","","93.0","1,7","6","1,7","4","1,7","0","1,7","","","","","0","1,7","0","1,7","0","1,7","28","1,7","7","1,7","1","","20120817",",1,7","","","","","","","20120813",",1,7","20120830","+,1,7","6.7","1,7,17,","","","","","13.5","1,,7,13,","35.0","1,7,30,+","","","25.7","1,7","34.7","1,,,7","","","20.57","1,7","27.62","1,,,7","13.53","1,,,7"
"USC00132977","2012-09","43.2844","-93.6305","390.1","FOREST CITY 2 NNE, IA US","","","","","4",",7","2",",7","0",",7","","","","","","","","","","","","","","","","","","","","","","","","","20120905",",,7","","","","","","","","","19.6",",,7,05,","","","","","","","31.5",",,,7","","","","","","","",""
"USC00132977","2012-10","43.2844","-93.6305","390.1","FOREST CITY 2 NNE, IA US","","","0.0",",7","8",",7","4",",7","0",",7","","","","","0",",7","14",",7","0",",7","9",",7","0",",7","2","","20121008","+,,7","","","","","1","","20121025",",,7","20121001",",,7","-5.0",",7,08,+","","","","","24.9",",,7,25,","26.1",",7,01,","","","316.2",",7","39.9",",,,7","","","8.13",",7","14.30",",,,7","1.96",",,,7"
"USC00132977","2012-11","43.2844","-93.6305","390.1","FOREST CITY 2 NNE, IA US","","","0.0","1,7","7",",7","3",",7","0",",7","","","","","0",",7","18",",7","4","1,7","2","1,7","0","1,7","2","","20121127","+,,7","","","","","","","20121106",",,7","20121111",",1,7","-12.8",",7,27,+","","","","","3.3",",,7,06,","24.4","1,7,11,","","","465.5","1,7","11.4",",,,7","","","2.21","1,7","8.04","1,,,7","-3.62",",,,7"
"USC00132977","2012-12","43.2844","-93.6305","390.1","FOREST CITY 2 NNE, IA US","","","0.0","3,7","4","3,7","3","3,7","0","3,7","","","","","4","1,7","30","1,7","15","3,7","0","3,7","0","3,7","1","","20121226","+,1,7","","","","","","","20121215",",3,7","20121203",",3,7","-21.7","1,7,26,+","","","","","18.0","3,,7,15,","14.4","3,7,03,","","","662.6","3,7","28.2","3,,,7","","","-5.12","3,7","-0.42","3,,,7","-9.82","1,,,7"
"USC00132977","2013-01","43.2844","-93.6305","390.1","FOREST CITY 2 NNE, IA US","0.0","7","0.0","4,7","3","2,7","2","2,7","0","2,7","11","4,7","0","3,7","9","3,7","28","3,7","20","4,7","0","4,7","0","4,7","2","","20130122","+,3,7","20130101",",4,7","20130130",",3,7","","","20130128",",2,7","20130120",",4,7","-23.3","3,7,22,+","178","4,,7,01,","10","3,,7,30,","7.6","2,,7,28,","6.7","4,7,20,","","","741.2","4,7","10.9","2,,,7","13","3,,,7","-8.91","4,7","-3.56","4,,,7","-14.25","3,,,7"
"USC00132977","2013-02","43.2844","-93.6305","390.1","FOREST CITY 2 NNE, IA US","0.0","7","0.0","2,7","3","1,7","1","1,7","0","1,7","11","2,7","2","2,7","5","2,7","26","2,7","19","2,7","0","2,7","0","2,7","1","","20130202","+,2,7","20130224","+,2,7","20130222",",2,7","","","20130211",",1,7","20130214",",2,7","-23.3","2,7,02,+","152","2,,7,24,+","152","2,,7,22,","15.5","1,,7,11,","6.1","2,7,14,","","","676.3","2,7","17.8","1,,,7","193","2,,,7","-7.68","2,7","-2.75","2,,,7","-12.60","2,,,7"
"USC00132977","2013-03","43.2844","-93.6305","390.1","FOREST CITY 2 NNE, IA US","0.0","7","0.0","2,7","6","2,7","5","2,7","0","2,7","","","4","4,7","0","2,7","28","2,7","19","2,7","0","2,7","0","2,7","1","","20130307",",2,7","","","20130311",",4,7","","","20130309",",2,7","20130331","+,2,7","-17.2","2,7,07,","","","140","4,,7,11,","14.2","2,,7,09,","12.2","2,7,31,+","","","665.3","2,7","38.7","2,,,7","369","4,,,7","-4.61","2,7","-0.12","2,,,7","-9.09","2,,,7"
"USC00132977","2013-04","43.2844","-93.6305","390.1","FOREST CITY 2 NNE, IA US","0.0","7","0.0","2,7","15","2,7","12","2,7","1","2,7","","","","","0","2,7","22","2,7","0","2,7","4","2,7","0","2,7","1","","20130401",",2,7","","","","","1","","20130410",",2,7","20130429",",2,7","-7.2","2,7,01,","","","","","56.1","2,,7,10,","25.6","2,7,29,","","","391.1","2,7","166.5","2,,,7","","","4.37","2,7","9.82","2,,,7","-1.09","2,,,7"
"USC00132977","2013-05","43.2844","-93.6305","390.1","FOREST CITY 2 NNE, IA US","","","","","14","3,7","8","3,7","3","3,7","","","","","","","","","","","","","","","1","","","","","","","","3","","20130517",",3,7","","","","","","","","","61.0","3,,7,17,","","","","","","","186.7",",a,,7","","","","","","","",""
"USC00132977","2013-06","43.2844","-93.6305","390.1","FOREST CITY 2 NNE, IA US","","","66.0","3,7","14",",7","12",",7","3",",7","","","","","0","3,7","0","3,7","0","2,7","22","2,7","0","2,7","2","","20130602",",3,7","","","","","4","","20130622","+,,7","20130623",",2,7","8.3","3,7,02,","","","","","30.5",",,7,22,+","31.7","2,7,23,","","","27.0","2,7","181.0",",,,7","","","19.84","3,7","24.77","2,,,7","14.91","3,,,7"
"USC00132977","2013-07","43.2844","-93.6305","390.1","FOREST CITY 2 NNE, IA US","","","124.2","2,7","6","1,7","4","1,7","0","1,7","","","","","0","2,7","0","2,7","0","2,7","28","2,7","6","2,7","1","","20130728","+,2,7","","","","","3","","20130714",",1,7","20130718",",2,7","8.3","2,7,28,+","","","","","13.2","1,,7,14,","33.9","2,7,18,","12.1","7","12.1","2,7","37.9","1,,,7","","","22.20","2,7","28.06","2,,,7","16.34","2,,,7"
"USC00132977","2013-08","43.2844","-93.6305","390.1","FOREST CITY 2 NNE, IA US","","","89.1","2,7","5",",7","5",",7","0",",7","","","","","0","2,7","0","2,7","0","2,7","29","2,7","5","2,7","4","","20130816","+,2,7","","","","","2","","20130822",",,7","20130827",",2,7","10.6","2,7,16,+","","","","","15.2",",,7,22,","34.4","2,7,27,","19.6","7","7.5","2,7","50.8",",,,7","","","21.15","2,7","26.75","2,,,7","15.54","2,,,7"
"USC00132977","2013-09","43.2844","-93.6305","390.1","FOREST CITY 2 NNE, IA US","","","62.0","4,7","5",",7","2",",7","0",",7","","","","","0","3,7","0","3,7","0","4,7","20","4,7","1","4,7","4","","20130916",",3,7","","","","","","","20130915",",,7","20130910",",4,7","5.6","3,7,16,","","","","","8.1",",,7,15,","36.1","4,7,10,","67.8","7","48.2","4,7","15.2",",,,7","","","18.82","4,7","25.82","4,,,7","11.81","3,,,7"
"USC00132977","2013-10","43.2844","-93.6305","390.1","FOREST CITY 2 NNE, IA US","","","1.7","3,7","11","2,7","4","2,7","1","2,7","","","","","0","3,7","9","3,7","0","3,7","7","3,7","0","3,7","","","20131026","+,3,7","","","","","","","20131005",",2,7","20131003",",3,7","-5.0","3,7,26,+","","","","","27.9","2,,7,05,","26.7","3,7,03,","328.0","7","260.2","3,7","61.1","2,,,7","","","9.10","3,7","15.26","3,,,7","2.94","3,,,7"
"USC00132977","2013-11","43.2844","-93.6305","390.1","FOREST CITY 2 NNE, IA US","","","0.0","1,7","3","1,7","2","1,7","1","1,7","","","","","0","1,7","25","1,7","9","1,7","0","1,7","0","1,7","1","","20131124",",1,7","","","","","","","20131106",",1,7","20131117",",1,7","-16.1","1,7,24,","","","","","26.2","1,,7,06,","16.1","1,7,17,","889.1","7","561.1","1,7","29.8","1,,,7","","","-1.01","1,7","4.22","1,,,7","-6.24","1,,,7"
"USC00132977","2013-12","43.2844","-93.6305","390.1","FOREST CITY 2 NNE, IA US","","","0.0","1,7","10","1,7","2","1,7","0","1,7","","","5","3,7","13","1,7","30","1,7","22","1,7","0","1,7","0","1,7","","","20131225","+,1,7","","","20131209",",3,7","","","20131209",",1,7","20131229","+,1,7","-25.0","1,7,25,+","","","64","3,,7,09,","2.8","1,,7,09,","6.7","1,7,29,+","1747.5","7","858.4","1,7","12.2","1,,,7","244","3,,,7","-10.28","1,7","-5.57","1,,,7","-14.99","1,,,7"
"USC00132977","2014-01","43.2844","-93.6305","390.1","FOREST CITY 2 NNE, IA US","0.0","7","0.0","2,7","5","2,7","5","2,7","0","2,7","23","4,7","5","2,7","18","2,7","29","2,7","21","2,7","0","2,7","0","2,7","","","20140107","+,2,7","20140131","+,4,7","20140131","+,2,7","","","20140131",",2,7","20140120",",2,7","-30.0","2,7,07,+","127","4,,7,31,+","76","2,,7,31,+","6.4","2,,7,31,","6.7","2,7,20,","2645.0","7","897.5","2,7","19.0","2,,,7","320","2,,,7","-12.62","2,7","-6.42","2,,,7","-18.81","2,,,7"
"USC00132977","2014-02","43.2844","-93.6305","390.1","FOREST CITY 2 NNE, IA US","0.0","7","0.0","5,7","5","5,7","4","5,7","0","5,7","","","4","5,7","15","5,7","23","5,7","20","4,7","0","4,7","0","4,7","","","20140212","+,5,7","","","20140216",",5,7","","","20140216",",5,7","20140220",",4,7","-26.7","5,7,12,+","","","76","5,,7,16,","6.4","5,,7,16,","7.2","4,7,20,","3386.7","7","741.7","4,7","16.8","5,,,7","177","5,,,7","-13.89","5,7","-8.38","4,,,7","-19.40","5,,,7"
"USC00132977","2014-03","43.2844","-93.6305","390.1","FOREST CITY 2 NNE, IA US","","","","","","","","","","","","","","","3","5,7","24","5,7","","","","","","","","","20140303","+,5,7","","","","","","","","","","","-26.1","5,7,03,+","","","","","","","","","","","","","","","","","","","","","-9.25","5,,,7"
"USC00132977","2014-04","43.2844","-93.6305","390.1","FOREST CITY 2 NNE, IA US","","","0.0","4,7","13","5,7","8","5,7","1","5,7","","","","","0","4,7","12","4,7","0","4,7","4","4,7","0","4,7","","","20140402","+,4,7","","","","","2","","20140428",",5,7","20140420",",4,7","-7.2","4,7,02,+","","","","","48.8","5,,7,28,","23.9","4,7,20,","","","298.8","4,7","131.5","5,,,7","","","6.84","4,7","13.20","4,,,7","0.48","4,,,7"
"USC00132977","2014-05","43.2844","-93.6305","390.1","FOREST CITY 2 NNE, IA US","","","23.3","1,7","10",",7","7",",7","0",",7","","","","","0","1,7","1","1,7","0","1,7","15","1,7","0","1,7","","","20140501",",1,7","","","","","","","20140520",",,7","20140531",",1,7","0.0","1,7,01,","","","","","15.2",",,7,20,","30.6","1,7,31,","","","148.7","1,7","66.5",",,,7","","","14.15","1,7","20.13","1,,,7","8.17","1,,,7"
"USC00132977","2014-06","43.2844","-93.6305","390.1","FOREST CITY 2 NNE, IA US","","","67.8","2,7","13","1,7","10","1,7","3","1,7","0",",7","0",",7","0","2,7","0","2,7","0","2,7","28","2,7","0","2,7","","","20140613",",2,7","20140630","+,,7","20140630","+,,7","6","","20140630",",1,7","20140622","+,2,7","8.3","2,7,13,","0",",,7,30,+","0",",,7,30,+","48.3","1,,7,30,","28.9","2,7,22,+","","","6.4","2,7","212.9","1,,,7","0",",,,7","20.52","2,7","25.71","2,,,7","15.34","2,,,7"
"USC00132977","2014-07","43.2844","-93.6305","390.1","FOREST CITY 2 NNE, IA US","","","54.5",",7","6",",7","3",",7","0",",7","0",",7","0",",7","0",",7","0",",7","0",",7","29",",7","0",",7","","","20140715",",,7","20140731","+,,7","20140731","+,,7","2","","20140725",",,7","20140722","+,,7","8.3",",7,15,","0",",,7,31,+","0",",,7,31,+","8.4",",,7,25,","30.6",",7,22,+","15.2","7","15.2",",7","25.3",",,,7","0",",,,7","19.60",",7","25.02",",,,7","14.18",",,,7"
"USC00132977","2014-08","43.2844","-93.6305","390.1","FOREST CITY 2 NNE, IA US","","","87.1","1,7","10","1,7","9","1,7","1","1,7","0","1,7","0","1,7","0","1,7","0","1,7","0","1,7","30","1,7","0","1,7","1","","20140829","+,1,7","20140831","+,1,7","20140831","+,1,7","1","","20140829",",1,7","20140825","+,1,7","10.6","1,7,29,+","0","1,,7,31,+","0","1,,7,31,+","42.2","1,,7,29,","31.1","1,7,25,+","22.1","7","6.9","1,7","114.6","1,,,7","0","1,,,7","21.01","1,7","26.36","1,,,7","15.65","1,,,7"
"USC00132977","2014-09","43.2844","-93.6305","390.1","FOREST CITY 2 NNE, IA US","","","17.5","1,7","12","1,7","9","1,7","1","1,7","0","1,7","0","1,7","0","1,7","0","1,7","0","1,7","18","1,7","0","1,7","","","20140913",",1,7","20140930","+,1,7","20140930","+,1,7","","","20140901",",1,7","20140905",",1,7","1.1","1,7,13,","0","1,,7,30,+","0","1,,7,30,+","27.9","1,,7,01,","30.0","1,7,05,","117.4","7","95.3","1,7","103.0","1,,,7","0","1,,,7","15.65","1,7","21.72","1,,,7","9.58","1,,,7"
"USC00132977","2014-10","43.2844","-93.6305","390.1","FOREST CITY 2 NNE, IA US","","","0.0","3,7","7","3,7","4","3,7","0","3,7","0","1,7","0","1,7","0","3,7","4","3,7","0","3,7","1","3,7","0","3,7","1","","20141031",",3,7","20141031","+,1,7","20141031","+,1,7","","","20141014",",3,7","20141017",",3,7","-4.4","3,7,31,","0","1,,7,31,+","0","1,,7,31,+","16.8","3,,7,14,","22.2","3,7,17,","372.0","7","254.6","3,7","44.6","3,,,7","0","1,,,7","9.24","3,7","15.58","3,,,7","2.90","3,,,7"
"USC00132977","2014-11","43.2844","-93.6305","390.1","FOREST CITY 2 NNE, IA US","","","0.0","3,7","6","3,7","2","3,7","1","3,7","","","","","2","3,7","21","3,7","13","3,7","0","3,7","0","3,7","","","20141130",",3,7","","","","","","","20141126",",3,7","20141105","+,3,7","-24.4","3,7,30,","","","","","25.4","3,,7,26,","13.9","3,7,05,+","948.9","7","576.9","3,7","36.3","3,,,7","","","-3.04","3,7","2.06","3,,,7","-8.13","3,,,7"
"USC00132977","2014-12","43.2844","-93.6305","390.1","FOREST CITY 2 NNE, IA US","","","0.0","4,7","5","3,7","3","3,7","0","3,7","","","","","3","4,7","25","4,7","14","3,7","0","3,7","0","3,7","","","20141230",",4,7","","","","","","","20141224","+,3,7","20141215",",3,7","-22.8","4,7,30,","","","","","7.6","3,,7,24,+","10.0","3,7,15,","1577.2","7","628.3","3,7","23.4","3,,,7","","","-4.76","4,7","-1.19","3,,,7","-8.33","4,,,7"
"USC00132977","2015-01","43.2844","-93.6305","390.1","FOREST CITY 2 NNE, IA US","","","","","2","4,7","1","4,7","0","4,7","","","2","5,7","","","","","15","5,7","0","5,7","0","5,7","","","","","","","20150106",",5,7","","","20150106",",4,7","20150117",",5,7","","","","","127","5,,7,06,","5.1","4,,7,06,","7.8","5,7,17,","","","","","5.6","4,,,7","229","5,,,7","","","-2.88","5,,,7","",""
"USC00132977","2015-02","43.2844","-93.6305","390.1","FOREST CITY 2 NNE, IA US","","","0.0",",7","6",",7","4",",7","1",",7","","","2","3,7","19",",7","28",",7","23",",7","0",",7","0",",7","","","20150228","+,,7","","","20150226",",3,7","","","20150201",",,7","20150208",",,7","-25.6",",7,28,+","","","114","3,,7,26,","33.0",",,7,01,","6.1",",7,08,","","","867.0",",7","55.9",",,,7","216","3,,,7","-12.63",",7","-6.70",",,,7","-18.56",",,,7"
"USC00132977","2015-03","43.2844","-93.6305","390.1","FOREST CITY 2 NNE, IA US","","","0.0","3,7","2","2,7","2","2,7","0","2,7","","","0","3,7","3","3,7","25","3,7","5","2,7","2","2,7","0","2,7","","","20150305",",3,7","","","20150323",",3,7","","","20150325",",2,7","20150331",",2,7","-23.3","3,7,05,","","","13","3,,7,23,","8.9","2,,7,25,","22.2","2,7,31,","","","472.8","2,7","12.5","2,,,7","13","3,,,7","1.45","3,7","7.68","2,,,7","-4.78","3,,,7"
"USC00132977","2015-04","43.2844","-93.6305","390.1","FOREST CITY 2 NNE, IA US","","","0.0","5,7","8","4,7","7","4,7","2","4,7","1","4,7","1","4,7","0","5,7","5","5,7","0","5,7","5","5,7","0","5,7","","","20150423",",5,7","20150410",",4,7","20150410",",4,7","","","20150408",",4,7","20150419","+,5,7","-3.9","5,7,23,","25","4,,7,10,","25","4,,7,10,","26.7","4,,7,08,","24.4","5,7,19,+","","","226.2","5,7","120.8","4,,,7","25","4,,,7","9.29","5,7","16.26","5,,,7","2.31","5,,,7"
"USC00132977","2015-05","43.2844","-93.6305","390.1","FOREST CITY 2 NNE, IA US","","","10.0","2,7","17","2,7","12","2,7","1","2,7","0","2,7","0","2,7","0","2,7","0","2,7","0","2,7","14","2,7","0","2,7","","","20150520","+,2,7","20150531","+,2,7","20150531","+,2,7","","","20150515",",2,7","20150504",",2,7","1.1","2,7,20,+","0","2,,7,31,+","0","2,,7,31,+","35.1","2,,7,15,","29.4","2,7,04,","","","135.7","2,7","136.5","2,,,7","0","2,,,7","14.00","2,7","19.68","2,,,7","8.32","2,,,7"
"USC00132977","2015-06","43.2844","-93.6305","390.1","FOREST CITY 2 NNE, IA US","","","55.4","1,7","15","1,7","12","1,7","2","1,7","0",",7","0",",7","0","1,7","0","1,7","0","1,7","26","1,7","1","1,7","","","20150601",",1,7","20150630","+,,7","20150630","+,,7","","","20150622",",1,7","20150610",",1,7","7.8","1,7,01,","0",",,7,30,+","0",",,7,30,+","33.0","1,,7,22,","33.3","1,7,10,","","","13.3","1,7","152.1","1,,,7","0",",,,7","19.78","1,7","25.07","1,,,7","14.49","1,,,7"
"USC00132977","2015-07","43.2844","-93.6305","390.1","FOREST CITY 2 NNE, IA US","","","94.9","2,7","10","1,7","9","1,7","3","1,7","0","1,7","0","1,7","0","2,7","0","2,7","0","1,7","28","1,7","1","1,7","","","20150707",",2,7","20150731","+,1,7","20150731","+,1,7","1","","20150724",",1,7","20150718",",1,7","9.4","2,7,07,","0","1,,7,31,+","0","1,,7,31,+","35.1","1,,7,24,","32.8","1,7,18,","10.0","7","10.0","1,7","150.7","1,,,7","0","1,,,7","21.27","2,7","26.74","1,,,7","15.80","2,,,7"
"USC00132977","2015-08","43.2844","-93.6305","390.1","FOREST CITY 2 NNE, IA US","","","59.5","1,7","8","1,7","7","1,7","2","1,7","0","1,7","0","1,7","0","1,7","0","1,7","0","1,7","26","1,7","0","1,7","2","","20150827","+,1,7","20150831","+,1,7","20150831","+,1,7","","","20150817",",1,7","20150815",",1,7","8.3","1,7,27,+","0","1,,7,31,+","0","1,,7,31,+","36.3","1,,7,17,","31.1","1,7,15,","35.6","7","25.6","1,7","138.2","1,,,7","0","1,,,7","19.46","1,7","24.84","1,,,7","14.09","1,,,7"
"USC00132977","2015-09","43.2844","-93.6305","390.1","FOREST CITY 2 NNE, IA US","","","65.3",",7","10",",7","7",",7","0",",7","0",",7","0",",7","0",",7","0",",7","0",",7","25",",7","0",",7","","","20150930",",,7","20150930","+,,7","20150930","+,,7","1","","20150907",",,7","20150907","+,,7","3.3",",7,30,","0",",,7,30,+","0",",,7,30,+","24.6",",,7,07,","30.6",",7,07,+","77.6","7","42.0",",7","84.1",",,,7","0",",,,7","19.11",",7","25.42",",,,7","12.80",",,,7"
"USC00132977","2015-10","43.2844","-93.6305","390.1","FOREST CITY 2 NNE, IA US","","","1.9","1,7","4","1,7","3","1,7","0","1,7","0","2,7","0","2,7","0","1,7","6","1,7","0","1,7","6","1,7","0","1,7","","","20151018","+,1,7","20151031","+,2,7","20151031","+,2,7","","","20151028",",1,7","20151012",",1,7","-2.2","1,7,18,+","0","2,,7,31,+","0","2,,7,31,+","10.9","1,,7,28,","28.9","1,7,12,","325.0","7","247.4","1,7","23.9","1,,,7","0","2,,,7","10.15","1,7","16.84","1,,,7","3.47","1,,,7"
"USC00132977","2015-11","43.2844","-93.6305","390.1","FOREST CITY 2 NNE, IA US","","","0.0","2,7","7","2,7","5","2,7","1","2,7","3","5,7","1","1,7","1","2,7","15","2,7","5","1,7","0","1,7","0","1,7","","","20151122",",2,7","20151123","+,5,7","20151121",",1,7","","","20151112",",2,7","20151106",",1,7","-17.8","2,7,22,","178","5,,7,23,+","178","1,,7,21,","26.7","2,,7,12,","20.0","1,7,06,","735.6","7","410.6","1,7","58.9","2,,,7","178","1,,,7","3.69","2,7","8.79","1,,,7","-1.41","2,,,7"
"USC00132977","2015-12","43.2844","-93.6305","390.1","FOREST CITY 2 NNE, IA US","","","0.0",",7","10","1,7","9","1,7","0","1,7","12",",7","4",",7","0",",7","29",",7","9",",7","0",",7","0",",7","","","20151228",",,7","20151231","+,,7","20151229",",,7","","","20151214",",1,7","20151210",",,7","-15.6",",7,28,","203",",,7,31,+","165",",,7,29,","23.4","1,,7,14,","8.9",",7,10,","1368.0","7","632.4",",7","99.7","1,,,7","284",",,,7","-2.07",",7","1.89",",,,7","-6.02",",,,7"
"USC00132977","2016-01","43.2844","-93.6305","390.1","FOREST CITY 2 NNE, IA US","0.0","7","0.0","1,7","6","1,7","4","1,7","0","1,7","","","5","1,7","9","1,7","30","1,7","22","1,7","0","1,7","0","1,7","","","20160118",",1,7","","","20160122",",1,7","","","20160108",",1,7","20160131",",1,7","-27.8","1,7,18,","","","38","1,,7,22,","5.1","1,,7,08,","3.9","1,7,31,","2213.6","7","845.6","1,7","14.5","1,,,7","138","1,,,7","-9.85","1,7","-5.90","1,,,7","-13.80","1,,,7"
"USC00132977","2016-02","43.2844","-93.6305","390.1","FOREST CITY 2 NNE, IA US","0.0","7","0.0","1,7","4","3,7","3","3,7","0","3,7","","","","","4","1,7","27","1,7","14","1,7","0","1,7","0","1,7","","","20160213",",1,7","","","","","","","20160203",",3,7","20160228",",1,7","-23.3","1,7,13,","","","","","22.9","3,,7,03,","15.0","1,7,28,","2866.6","7","653.0","1,7","36.9","3,,,7","","","-4.99","1,7","-0.95","1,,,7","-9.03","1,,,7"
"USC00132977","2016-03","43.2844","-93.6305","390.1","FOREST CITY 2 NNE, IA US","0.0","7","0.0","4,7","11","4,7","8","4,7","1","4,7","","","3","5,7","0","4,7","17","4,7","2","4,7","0","4,7","0","4,7","","","20160302",",4,7","","","20160324",",5,7","","","20160316",",4,7","20160312",",4,7","-16.1","4,7,02,","","","152","5,,7,24,","26.2","4,,7,16,","20.6","4,7,12,","3255.2","7","388.6","4,7","111.8","4,,,7","292","5,,,7","3.94","4,7","9.08","4,,,7","-1.20","4,,,7"
"USC00132977","2016-04","43.2844","-93.6305","390.1","FOREST CITY 2 NNE, IA US","0.6","7","0.6","2,7","7","2,7","3","2,7","0","2,7","0","2,7","0","2,7","0","2,7","11","2,7","0","2,7","9","2,7","0","2,7","","","20160410","+,2,7","20160430","+,2,7","20160408",",2,7","","","20160428",",2,7","20160417",",2,7","-8.3","2,7,10,+","0","2,,7,30,+","0","2,T,7,08,","15.7","2,,7,28,","26.1","2,7,17,","3538.4","7","283.2","2,7","33.5","2,,,7","0","2,T,,7","8.24","2,7","14.37","2,,,7","2.11","2,,,7"
"USC00132977","2016-05","43.2844","-93.6305","390.1","FOREST CITY 2 NNE, IA US","13.5","7","12.9",",7","10",",7","9",",7","1",",7","0",",7","0",",7","0",",7","2",",7","0",",7","15",",7","0",",7","1","","20160515","+,,7","20160531","+,,7","20160531","+,,7","","","20160529",",,7","20160507",",,7","0.0",",7,15,+","0",",,7,31,+","0",",,7,31,+","35.6",",,7,29,","30.0",",7,07,","3685.0","7","146.6",",7","124.5",",,,7","0",",,,7","14.02",",7","20.12",",,,7","7.92",",,,7"
"USC00132977","2016-06","43.2844","-93.6305","390.1","FOREST CITY 2 NNE, IA US","96.5","7","83.0","2,7","8",",7","8",",7","2",",7","0",",7","0",",7","0","1,7","0","1,7","0","2,7","28","2,7","1","2,7","","","20160602","+,1,7","20160630","+,,7","20160630","+,,7","1","","20160615",",,7","20160611",",2,7","7.2","1,7,02,+","0",",,7,30,+","0",",,7,30,+","43.2",",,7,15,","34.4","2,7,11,","3698.6","7","13.6","2,7","130.6",",,,7","0",",,,7","20.82","2,7","27.20","2,,,7","14.44","1,,,7"
"USC00132977","2016-07","43.2844","-93.6305","390.1","FOREST CITY 2 NNE, IA US","201.3","7","104.8",",7","10",",7","9",",7","2",",7","0",",7","0",",7","0",",7","0",",7","0",",7","31",",7","2",",7","","","20160702",",,7","20160731","+,,7","20160731","+,,7","","","20160717",",,7","20160724",",,7","10.0",",7,02,","0",",,7,31,+","0",",,7,31,+","66.0",",,7,17,","34.4",",7,24,","4.1","7","4.1",",7","169.3",",,,7","0",",,,7","21.58",",7","26.90",",,,7","16.26",",,,7"
"USC00132977","2016-08","43.2844","-93.6305","390.1","FOREST CITY 2 NNE, IA US","280.8","7","79.5","2,7","8",",7","7",",7","1",",7","0",",7","0",",7","0","2,7","0","2,7","0",",7","29",",7","0",",7","1","","20160821",",2,7","20160831","+,,7","20160831","+,,7","1","","20160824",",,7","20160811",",,7","10.6","2,7,21,","0",",,7,31,+","0",",,7,31,+","33.0",",,7,24,","31.7",",7,11,","10.1","7","6.0",",7","124.5",",,,7","0",",,,7","20.85","2,7","26.27",",,,7","15.44","2,,,7"
"USC00132977","2016-09","43.2844","-93.6305","390.1","FOREST CITY 2 NNE, IA US","314.6","7","33.8",",7","12",",7","10",",7","3",",7","0",",7","0",",7","0",",7","0",",7","0",",7","22",",7","0",",7","1","","20160928","+,,7","20160930","+,,7","20160930","+,,7","1","","20160922",",,7","20160906",",,7","5.6",",7,28,+","0",",,7,30,+","0",",,7,30,+","77.5",",,7,22,","29.4",",7,06,","55.5","7","45.4",",7","282.6",",,,7","0",",,,7","17.95",",7","23.59",",,,7","12.30",",,,7"
"USC00132977","2016-10","43.2844","-93.6305","390.1","FOREST CITY 2 NNE, IA US","314.6","7","0.0","1,7","4",",7","3",",7","1",",7","0",",7","0",",7","0",",7","4",",7","0","1,7","7","1,7","0","1,7","","","20161022",",,7","20161031","+,,7","20161031","+,,7","","","20161026",",,7","20161018",",1,7","-3.9",",7,22,","0",",,7,31,+","0",",,7,31,+","54.6",",,7,26,","25.0","1,7,18,","277.9","7","222.4","1,7","85.0",",,,7","0",",,,7","10.89","1,7","17.35","1,,,7","4.43",",,,7"
"USC00132977","2016-11","43.2844","-93.6305","390.1","FOREST CITY 2 NNE, IA US","314.6","7","0.0",",7","2",",7","2",",7","0",",7","0",",7","0",",7","0",",7","19",",7","1",",7","2",",7","0",",7","1","","20161120",",,7","20161130","+,,7","20161119",",,7","","","20161123",",,7","20161106",",,7","-10.0",",7,20,","0",",,7,30,+","0",",T,7,19,","20.8",",,7,23,","21.7",",7,06,","649.9","7","372.0",",7","27.2",",,,7","0",",T,,7","5.93",",7","11.83",",,,7","0.03",",,,7"
"USC00132977","2016-12","43.2844","-93.6305","390.1","FOREST CITY 2 NNE, IA US","314.6","7","0.0","1,7","6","1,7","4","1,7","0","1,7","","","3","1,7","7","1,7","30","1,7","19",",7","0",",7","0",",7","","","20161219",",1,7","","","20161211",",1,7","","","20161226",",1,7","20161226",",,7","-31.7","1,7,19,","","","152","1,,7,11,","12.7","1,,7,26,","4.4",",7,26,","1429.6","7","779.7",",7","36.4","1,,,7","381","1,,,7","-7.70","1,7","-3.35",",,,7","-12.06","1,,,7"
"USC00132977","2017-01","43.2844","-93.6305","390.1","FOREST CITY 2 NNE, IA US","0.0","7","0.0","1,7","6","2,7","4","2,7","0","2,7","","","","","8","1,7","30","1,7","24","1,7","0","1,7","0","1,7","3","","20170106",",1,7","","","","","","","20170126",",2,7","20170131",",1,7","-24.4","1,7,06,","","","","","15.2","2,,7,26,","4.4","1,7,31,","2200.5","7","770.9","1,7","31.3","2,,,7","","","-7.37","1,7","-3.76","1,,,7","-10.97","1,,,7"
"USC00132977","2017-02","43.2844","-93.6305","390.1","FOREST CITY 2 NNE, IA US","0.0","7","0.0","2,7","2","2,7","1","2,7","0","2,7","","","2",",7","0","2,7","22","2,7","10","2,7","0","2,7","0","2,7","","","20170210","+,2,7","","","20170224",",,7","","","20170221",",2,7","20170223","+,2,7","-15.6","2,7,10,+","","","254",",,7,24,","19.1","2,,7,21,","16.1","2,7,23,+","2721.4","7","520.9","2,7","19.9","2,,,7","279",",,,7","-1.70","2,7","3.39","2,,,7","-6.79","2,,,7"
"USC00132977","2017-03","43.2844","-93.6305","390.1","FOREST CITY 2 NNE, IA US","0.0","7","0.0","1,7","6","1,7","4","1,7","0","1,7","","","1","4,7","2","1,7","22","1,7","8","1,7","0","1,7","0","1,7","2","","20170316",",1,7","","","20170313",",4,7","","","20170330",",1,7","20170329","+,1,7","-22.8","1,7,16,","","","152","4,,7,13,","15.0","1,,7,30,","13.9","1,7,29,+","3303.9","7","582.5","1,7","46.3","1,,,7","165","4,,,7","-1.09","1,7","3.44","1,,,7","-5.61","1,,,7"
"USC00132977","2017-04","43.2844","-93.6305","390.1","FOREST CITY 2 NNE, IA US","0.0","7","0.0",",7","11",",7","7",",7","0",",7","0",",7","0",",7","0",",7","6",",7","0",",7","5",",7","0",",7","","","20170408","+,,7","20170430","+,,7","20170430","+,,7","1","","20170420",",,7","20170410","+,,7","-5.0",",7,08,+","0",",,7,30,+","0",",,7,30,+","23.4",",,7,20,","23.3",",7,10,+","3595.8","7","291.9",",7","79.8",",,,7","0",",,,7","8.60",",7","13.87",",,,7","3.33",",,,7"
"USC00132977","2017-05","43.2844","-93.6305","390.1","FOREST CITY 2 NNE, IA US","11.4","7","11.4","1,7","12",",7","9",",7","1",",7","0",",7","0",",7","0","1,7","0","1,7","0","1,7","12","1,7","0","1,7","","","20170520",",1,7","20170531","+,,7","20170531","+,,7","","","20170517",",,7","20170517",",1,7","0.6","1,7,20,","0",",,7,31,+","0",",,7,31,+","28.2",",,7,17,","29.4","1,7,17,","3752.0","7","156.2","1,7","117.2",",,,7","0",",,,7","13.51","1,7","19.26","1,,,7","7.75","1,,,7"
"USC00132977","2017-06","43.2844","-93.6305","390.1","FOREST CITY 2 NNE, IA US","75.2","7","63.8","4,7","10","1,7","7","1,7","1","1,7","0",",7","0",",7","0","4,7","0","4,7","0","2,7","25","2,7","3","2,7","","","20170627",",4,7","20170630","+,,7","20170630","+,,7","","","20170622",",1,7","20170611",",2,7","5.0","4,7,27,","0",",,7,30,+","0",",,7,30,+","32.8","1,,7,22,","32.8","2,7,11,","3777.8","7","25.8","2,7","67.8","1,,,7","0",",,,7","19.84","4,7","26.69","2,,,7","12.98","4,,,7"
"USC00132977","2017-07","43.2844","-93.6305","390.1","FOREST CITY 2 NNE, IA US","170.2","7","95.0","4,7","5","4,7","5","4,7","0","4,7","0","2,7","0","2,7","0","4,7","0","4,7","0","4,7","27","4,7","2","4,7","","","20170716",",4,7","20170731","+,2,7","20170731","+,2,7","","","20170727",",4,7","20170707",",4,7","9.4","4,7,16,","0","2,,7,31,+","0","2,,7,31,+","21.8","4,,7,27,","32.8","4,7,07,","1.1","7","1.1","4,7","57.3","4,,,7","0","2,,,7","21.81","4,7","28.13","4,,,7","15.49","4,,,7"
"USC00132977","2017-08","43.2844","-93.6305","390.1","FOREST CITY 2 NNE, IA US","195.0","7","24.8","1,7","14",",7","9",",7","0",",7","0",",7","0",",7","0","1,7","0","1,7","0","1,7","28","1,7","0","1,7","3","","20170824","+,1,7","20170831","+,,7","20170831","+,,7","","","20170814",",,7","20170802",",1,7","7.2","1,7,24,+","0",",,7,31,+","0",",,7,31,+","22.1",",,7,14,","28.9","1,7,02,","21.2","7","20.1","1,7","95.5",",,,7","0",",,,7","18.49","1,7","23.83","1,,,7","13.15","1,,,7"
"USC00132977","2017-09","43.2844","-93.6305","390.1","FOREST CITY 2 NNE, IA US","","","","","5","4,7","4","4,7","1","4,7","0","3,7","0","3,7","","","","","","","","","","","","","","","20170930","+,3,7","20170930","+,3,7","","","20170916",",4,7","","","","","0","3,,7,30,+","0","3,,7,30,+","30.5","4,,7,16,","","","","","","","70.1","4,,,7","0","3,,,7","","","","","",""
"USC00132977","2017-10","43.2844","-93.6305","390.1","FOREST CITY 2 NNE, IA US","","","1.7","1,7","12","1,7","8","1,7","1","1,7","0",",7","0",",7","0","1,7","5","1,7","0","1,7","8","1,7","0","1,7","","","20171031",",1,7","20171031","+,,7","20171028","+,,7","","","20171008",",1,7","20171003",",1,7","-6.7","1,7,31,","0",",,7,31,+","0",",T,7,28,+","33.0","1,,7,08,","25.6","1,7,03,","","","247.4","1,7","100.5","1,,,7","0",",T,,7","10.14","1,7","15.49","1,,,7","4.80","1,,,7"
"USC00132977","2017-11","43.2844","-93.6305","390.1","FOREST CITY 2 NNE, IA US","","","0.0","1,7","4",",7","1",",7","0",",7","0",",7","0",",7","0","1,7","26","1,7","6","1,7","0","1,7","0","1,7","","","20171119",",1,7","20171130","+,,7","20171130","+,,7","","","20171118",",,7","20171125",",1,7","-13.3","1,7,19,","0",",,7,30,+","0",",,7,30,+","3.6",",,7,18,","17.2","1,7,25,","","","536.3","1,7","6.4",",,,7","0",",,,7","-0.16","1,7","5.16","1,,,7","-5.48","1,,,7"
"USC00132977","2017-12","43.2844","-93.6305","390.1","FOREST CITY 2 NNE, IA US","","","0.0","1,7","3","1,7","0","1,7","0","1,7","9","1,7","2","1,7","6","1,7","30","1,7","17","1,7","0","1,7","0","1,7","1","","20171231",",1,7","20171231","+,1,7","20171230",",1,7","","","20171230",",1,7","20171205",",1,7","-28.9","1,7,31,","102","1,,7,31,+","102","1,,7,30,","2.3","1,,7,30,","17.8","1,7,05,","","","751.0","1,7","4.4","1,,,7","140","1,,,7","-6.70","1,7","-1.72","1,,,7","-11.68","1,,,7"
"USC00132977","2018-01","43.2844","-93.6305","390.1","FOREST CITY 2 NNE, IA US","0.0","7","0.0","2,7","6","2,7","2","2,7","0","2,7","","","4","4,7","16","2,7","29","2,7","19","2,7","0","2,7","0","2,7","","","20180102",",2,7","","","20180123",",4,7","","","20180123",",2,7","20180127",",2,7","-29.4","2,7,02,","","","102","4,,7,23,","11.9","2,,7,23,","8.9","2,7,27,","","","853.8","2,7","28.5","2,,,7","216","4,,,7","-11.11","2,7","-6.10","2,,,7","-16.11","2,,,7"
"USC00132977","2018-02","43.2844","-93.6305","390.1","FOREST CITY 2 NNE, IA US","0.0","7","0.0","5,7","","","","","","","","","","","9","5,7","23","5,7","17","5,7","0","5,7","0","5,7","","","20180207",",5,7","","","","","","","","","20180228",",5,7","-23.9","5,7,07,","","","","","","","9.4","5,7,28,","","","652.6","5,7","","","","","-10.04","5,7","-4.47","5,,,7","-15.60","5,,,7"
"USC00132977","2018-03","43.2844","-93.6305","390.1","FOREST CITY 2 NNE, IA US","0.0","7","0.0","3,7","2","5,7","0","5,7","0","5,7","","","3","3,7","0","3,7","27","3,7","6","2,7","0","2,7","0","2,7","","","20180309","+,3,7","","","20180325",",3,7","","","20180327",",5,7","20180318",",2,7","-12.2","3,7,09,+","","","305","3,,7,25,","2.3","5,,7,27,","8.9","2,7,18,","","","548.2","2,7","3.6","5,,,7","419","3,,,7","-1.27","3,7","2.59","2,,,7","-5.14","3,,,7"
"USC00132977","2018-05","43.2844","-93.6305","390.1","FOREST CITY 2 NNE, IA US","","","60.7","2,7","14","2,7","7","2,7","2","2,7","0","2,7","0","2,7","0","2,7","0","2,7","0","2,7","19","2,7","4","2,7","2","","20180512",",2,7","20180531","+,2,7","20180531","+,2,7","","","20180502",",2,7","20180528",",2,7","6.1","2,7,12,","0","2,,7,31,+","0","2,,7,31,+","41.4","2,,7,02,","36.1","2,7,28,","","","64.0","2,7","138.7","2,,,7","0","2,,,7","18.22","2,7","24.21","2,,,7","12.22","2,,,7"
"USC00132977","2018-06","43.2844","-93.6305","390.1","FOREST CITY 2 NNE, IA US","","","72.2","5,7","","","","","","","","","","","0","5,7","0","5,7","0","5,7","23","5,7","3","5,7","1","","20180626",",5,7","","","","","","","","","20180618","+,5,7","10.6","5,7,26,","","","","","","","32.8","5,7,18,+","","","3.9","5,7","","","","","21.06","5,7","26.14","5,,,7","15.98","5,,,7"
"USC00132977","2018-07","43.2844","-93.6305","390.1","FOREST CITY 2 NNE, IA US","","","89.8","5,7","8","3,7","6","3,7","2","3,7","0","4,7","0","4,7","0","5,7","0","5,7","0","5,7","25","5,7","0","5,7","","","20180727",",5,7","20180731","+,4,7","20180731","+,4,7","","","20180720",",3,7","20180712","+,5,7","12.2","5,7,27,","0","4,,7,31,+","0","4,,7,31,+","67.3","3,,7,20,","31.1","5,7,12,+","1.9","7","1.9","5,7","172.8","3,,,7","0","4,,,7","21.71","5,7","26.88","5,,,7","16.54","5,,,7"
"USC00132977","2018-08","43.2844","-93.6305","390.1","FOREST CITY 2 NNE, IA US","","","84.5","3,7","11","2,7","8","2,7","1","2,7","0","1,7","0","1,7","0","3,7","0","3,7","0","3,7","26","3,7","0","3,7","","","20180830",",3,7","20180831","+,1,7","20180831","+,1,7","","","20180821",",2,7","20180814",",3,7","6.7","3,7,30,","0","1,,7,31,+","0","1,,7,31,+","50.8","2,,7,21,","31.1","3,7,14,","13.3","7","11.4","3,7","141.1","2,,,7","0","1,,,7","20.94","3,7","26.54","3,,,7","15.34","3,,,7"
"USC00132977","2018-09","43.2844","-93.6305","390.1","FOREST CITY 2 NNE, IA US","","","44.5","4,7","9","4,7","6","4,7","4","4,7","0","4,7","0","4,7","0","4,7","0","4,7","0","4,7","17","4,7","2","4,7","1","","20180929",",4,7","20180930","+,4,7","20180930","+,4,7","","","20180920",",4,7","20180918","+,4,7","2.2","4,7,29,","0","4,,7,30,+","0","4,,7,30,+","109.7","4,,7,20,","32.2","4,7,18,+","77.9","7","64.6","4,7","289.8","4,,,7","0","4,,,7","17.56","4,7","23.46","4,,,7","11.66","4,,,7"
"USC00132977","2018-10","43.2844","-93.6305","390.1","FOREST CITY 2 NNE, IA US","","","0.0","3,7","12","3,7","8","3,7","0","3,7","0","1,7","1","1,7","0","3,7","13","3,7","1","3,7","3","3,7","0","3,7","","","20181012",",3,7","20181031","+,1,7","20181015",",1,7","","","20181009",",3,7","20181004",",3,7","-3.3","3,7,12,","0","1,,7,31,+","25","1,,7,15,","18.5","3,,7,09,","29.4","3,7,04,","386.1","7","308.2","3,7","74.5","3,,,7","25","1,,,7","7.33","3,7","13.30","3,,,7","1.35","3,,,7"
"USC00132977","2018-11","43.2844","-93.6305","390.1","FOREST CITY 2 NNE, IA US","","","0.0","5,7","","","","","","","8","4,7","2","4,7","1","4,7","24","4,7","14","5,7","0","5,7","0","5,7","1","","20181119",",4,7","20181120","+,4,7","20181117",",4,7","","","","","20181101",",5,7","-20.0","4,7,19,","102","4,,7,20,+","102","4,,7,17,","","","13.9","5,7,01,","933.9","7","547.8","5,7","32.9","2,a,,7","140","4,,,7","-3.40","5,7","1.13","5,,,7","-7.93","4,,,7"
"USC00132977","2019-02","43.2844","-93.6305","390.1","FOREST CITY 2 NNE, IA US","","","0.0","5,7","","","","","","","","","","","16","5,7","23","5,7","23","3,7","0","3,7","0","3,7","","","20190201",",5,7","","","","","","","","","20190204","+,3,7","-31.7","5,7,01,","","","","","","","5.6","3,7,04,+","","","717.5","3,7","","","","","-12.74","5,7","-6.53","3,,,7","-18.94","5,,,7"
"USC00132977","2019-04","43.2844","-93.6305","390.1","FOREST CITY 2 NNE, IA US","","","","","12","3,7","8","3,7","0","3,7","","","","","","","","","2","3,7","5","3,7","0","3,7","","","","","","","","","","","20190411",",3,7","20190422",",3,7","","","","","","","21.8","3,,7,11,","28.9","3,7,22,","","","","","72.6","3,,,7","","","","","13.73","3,,,7","",""
"USC00132977","2019-05","43.2844","-93.6305","390.1","FOREST CITY 2 NNE, IA US","","","","","14","5,7","12","5,7","3","5,7","0",",7","0",",7","","","","","0","5,7","5","5,7","0","5,7","","","","","20190531","+,,7","20190531","+,,7","","","20190519",",5,7","20190517",",5,7","","","0",",,7,31,+","0",",,7,31,+","43.2","5,,7,19,","29.4","5,7,17,","","","","","184.8","5,,,7","0",",,,7","","","17.07","5,,,7","",""
"USC00132977","2019-06","43.2844","-93.6305","390.1","FOREST CITY 2 NNE, IA US","","","54.9","3,7","8","1,7","6","1,7","0","1,7","0",",7","0",",7","0","3,7","0","3,7","0","3,7","22","3,7","1","3,7","","","20190613",",3,7","20190630","+,,7","20190630","+,,7","","","20190618",",1,7","20190630",",3,7","7.2","3,7,13,","0",",,7,30,+","0",",,7,30,+","19.8","1,,7,18,","32.2","3,7,30,","","","18.4","3,7","59.5","1,,,7","0",",,,7","19.69","3,7","25.00","3,,,7","14.37","3,,,7"
"USC00132977","2019-07","43.2844","-93.6305","390.1","FOREST CITY 2 NNE, IA US","","","112.1","5,7","10","3,7","8","3,7","0","3,7","0",",7","0",",7","0","4,7","0","4,7","0","5,7","26","5,7","2","5,7","","","20190731","+,4,7","20190731","+,,7","20190731","+,,7","","","20190718",",3,7","20190701",",5,7","11.7","4,7,31,+","0",",,7,31,+","0",",,7,31,+","18.5","3,,7,18,","34.4","5,7,01,","1.6","7","1.6","5,7","68.6","3,,,7","0",",,,7","22.67","5,7","27.84","5,,,7","17.49","4,,,7"
"USC00132977","2019-08","43.2844","-93.6305","390.1","FOREST CITY 2 NNE, IA US","","","43.4","4,7","6","3,7","4","3,7","0","3,7","0","3,7","0","3,7","0","4,7","0","4,7","0","4,7","26","4,7","0","4,7","1","","20190829","+,4,7","20190831","+,3,7","20190831","+,3,7","","","20190818",",3,7","20190806","+,4,7","8.3","4,7,29,+","0","3,,7,31,+","0","3,,7,31,+","20.3","3,,7,18,","29.4","4,7,06,+","15.2","7","13.6","4,7","47.5","3,,,7","0","3,,,7","19.44","4,7","25.10","4,,,7","13.77","4,,,7"
"USC00132977","2019-09","43.2844","-93.6305","390.1","FOREST CITY 2 NNE, IA US","","","","","","","","","","","0","5,7","0","5,7","","","","","","","","","","","1","","","","20190930","+,5,7","20190930","+,5,7","","","","","","","","","0","5,,7,30,+","0","5,,7,30,+","","","","","","","","","","","0","5,,,7","","","","","",""
"USC00132977","2019-10","43.2844","-93.6305","390.1","FOREST CITY 2 NNE, IA US","","","3.6","4,7","10","3,7","10","3,7","1","3,7","0","3,7","0","3,7","0","4,7","11","4,7","1","3,7","2","3,7","0","3,7","","","20191031",",4,7","20191029",",3,7","20191029",",3,7","","","20191002",",3,7","20191001",",3,7","-8.3","4,7,31,","0","3,T,7,29,","0","3,T,7,29,","38.9","3,,7,02,","31.1","3,7,01,","","","297.6","3,7","149.4","3,,,7","0","3,T,,7","7.42","4,7","12.75","3,,,7","2.10","4,,,7"
"USC00132977","2019-11","43.2844","-93.6305","390.1","FOREST CITY 2 NNE, IA US","","","","","","","","","","","2","3,7","1","4,7","","","","","7","5,7","0","5,7","0","5,7","","","","","20191107",",3,7","20191107",",4,7","","","","","20191116",",5,7","","","51","3,,7,07,","64","4,,7,07,","","","10.0","5,7,16,","","","","","","","84","4,,,7","","","2.71","5,,,7","",""
"USC00132977","2019-12","43.2844","-93.6305","390.1","FOREST CITY 2 NNE, IA US","","","","","3","5,7","2","5,7","0","5,7","","","","","","","","","12","5,7","0","5,7","0","5,7","","","","","","","","","","","20191229",",5,7","20191226",",5,7","","","","","","","3.8","5,,7,29,","8.9","5,7,26,","","","","","7.9","5,,,7","","","","","-0.34","5,,,7","",""
"USC00132977","2020-01","43.2844","-93.6305","390.1","FOREST CITY 2 NNE, IA US","","","","","2","5,7","2","5,7","0","5,7","","","","","","","","","18","5,7","0","5,7","0","5,7","","","","","","","","","","","20200113","+,5,7","20200110",",5,7","","","","","","","5.6","5,,7,13,+","5.0","5,7,10,","","","","","11.2","5,,,7","","","","","-3.55","5,,,7","",""
"USC00132977","2020-02","43.2844","-93.6305","390.1","FOREST CITY 2 NNE, IA US","","","0.0","2,7","7","1,7","2","1,7","0","1,7","","","2","2,7","7","2,7","27","2,7","20","2,7","0","2,7","0","2,7","1","","20200214",",2,7","","","20200209",",2,7","","","20200218",",1,7","20200203",",2,7","-28.9","2,7,14,","","","71","2,,7,09,","10.4","1,,7,18,","5.6","2,7,03,","","","730.1","2,7","20.3","1,,,7","203","2,,,7","-8.71","2,7","-3.27","2,,,7","-14.15","2,,,7"
"USC00132977","2020-03","43.2844","-93.6305","390.1","FOREST CITY 2 NNE, IA US","","","0.0",",7","11",",7","4",",7","1",",7","","","1",",7","0",",7","25",",7","2",",7","0",",7","0",",7","","","20200301",",,7","","","20200320",",,7","","","20200320",",,7","20200309",",,7","-10.0",",7,01,","","","36",",,7,20,","35.1",",,7,20,","18.9",",7,09,","","","507.4",",7","72.3",",,,7","44",",,,7","1.97",",7","6.45",",,,7","-2.52",",,,7"
"USC00132977","2020-04","43.2844","-93.6305","390.1","FOREST CITY 2 NNE, IA US","","","0.0","5,7","5","5,7","4","5,7","0","5,7","","","1","4,7","0","5,7","15","5,7","4","5,7","4","5,7","0","5,7","","","20200416","+,5,7","","","20200413",",4,7","","","20200429",",5,7","20200423",",5,7","-10.0","5,7,16,+","","","102","4,,7,13,","8.4","5,,7,29,","27.2","5,7,23,","","","315.1","5,7","19.3","5,,,7","122","4,,,7","5.73","5,7","12.26","5,,,7","-0.80","5,,,7"
"USC00132977","2020-05","43.2844","-93.6305","390.1","FOREST CITY 2 NNE, IA US","","","8.7","4,7","12",",7","11",",7","1",",7","0",",7","0",",7","0","4,7","2","4,7","0","3,7","12","3,7","0","3,7","","","20200510",",4,7","20200531","+,,7","20200531","+,,7","","","20200517",",,7","20200525",",3,7","-2.2","4,7,10,","0",",,7,31,+","0",",,7,31,+","33.3",",,7,17,","27.8","3,7,25,","","","148.8","3,7","81.6",",,,7","0",",,,7","13.25","4,7","19.36","3,,,7","7.13","4,,,7"
"USC00132977","2020-06","43.2844","-93.6305","390.1","FOREST CITY 2 NNE, IA US","","","111.4","2,7","12","2,7","6","2,7","1","2,7","0",",7","0",",7","0","2,7","0","2,7","0","2,7","28","2,7","5","2,7","","","20200624","+,2,7","20200630","+,,7","20200630","+,,7","","","20200619",",2,7","20200603",",2,7","12.8","2,7,24,+","0",",,7,30,+","0",",,7,30,+","34.0","2,,7,19,","36.1","2,7,03,","","","2.7","2,7","65.7","2,,,7","0",",,,7","22.21","2,7","28.18","2,,,7","16.25","2,,,7"
"USC00132977","2020-07","43.2844","-93.6305","390.1","FOREST CITY 2 NNE, IA US","","","126.4","3,7","6","3,7","3","3,7","2","3,7","0",",7","0",",7","0","3,7","0","3,7","0","3,7","28","3,7","2","3,7","","","20200716",",3,7","20200731","+,,7","20200731","+,,7","1","","20200710",",3,7","20200709",",3,7","10.6","3,7,16,","0",",,7,31,+","0",",,7,31,+","39.4","3,,7,10,","33.9","3,7,09,","1.6","7","1.6","3,7","82.4","3,,,7","0",",,,7","22.79","3,7","28.64","3,,,7","16.94","3,,,7"
"USC00132977","2020-08","43.2844","-93.6305","390.1","FOREST CITY 2 NNE, IA US","","","","","","","","","","","0","5,7","0","5,7","","","","","","","","","","","","","","","20200831","+,5,7","20200831","+,5,7","1","","","","","","","","0","5,,7,31,+","0","5,,7,31,+","","","","","","","","","125.2","1,a,,7","0","5,,,7","","","","","",""
"USC00132977","2020-09","43.2844","-93.6305","390.1","FOREST CITY 2 NNE, IA US","","","15.6","5,7","8","1,7","4","1,7","1","1,7","0","1,7","0","1,7","0","5,7","0","5,7","0","2,7","17","2,7","0","2,7","","","20200919","+,5,7","20200930","+,1,7","20200930","+,1,7","","","20200906",",1,7","20200926","+,2,7","3.9","5,7,19,+","0","1,,7,30,+","0","1,,7,30,+","65.5","1,,7,06,","30.6","2,7,26,+","","","83.8","2,7","100.9","1,,,7","0","1,,,7","15.58","5,7","21.50","2,,,7","9.66","5,,,7"
"USC00132977","2020-10","43.2844","-93.6305","390.1","FOREST CITY 2 NNE, IA US","","","0.3","3,7","6","1,7","4","1,7","0","1,7","2","1,7","1","1,7","0","3,7","16","3,7","2","3,7","6","3,7","0","3,7","","","20201028",",3,7","20201027","+,1,7","20201026",",1,7","","","20201023",",1,7","20201010",",3,7","-10.6","3,7,28,","51","1,,7,27,+","56","1,,7,26,","9.9","1,,7,23,","28.3","3,7,10,","","","347.7","3,7","27.4","1,,,7","56","1,,,7","5.93","3,7","11.10","3,,,7","0.75","3,,,7"
"USC00132977","2020-11","43.2844","-93.6305","390.1","FOREST CITY 2 NNE, IA US","","","0.0","4,7","4",",7","3",",7","0",",7","0",",7","0",",7","0","4,7","20","4,7","1","3,7","5","3,7","0","3,7","","","20201121","+,4,7","20201124","+,,7","20201124",",,7","","","20201110",",,7","20201104",",3,7","-10.6","4,7,21,+","0",",T,7,24,+","5",",,7,24,","20.6",",,7,10,","24.4","3,7,04,","","","398.9","3,7","39.9",",,,7","8",",,,7","3.00","4,7","9.12","3,,,7","-3.12","4,,,7"
"USC00132977","2020-12","43.2844","-93.6305","390.1","FOREST CITY 2 NNE, IA US","","","","","3","2,7","2","2,7","0","2,7","8","2,7","2","2,7","","","","","","","","","","","1","","","","20201231","+,2,7","20201224",",2,7","","","20201230",",2,7","","","","","76","2,,7,31,+","74","2,,7,24,","4.8","2,,7,30,","","","","","","","9.4","2,,,7","127","2,,,7","","","","","",""
"USC00132977","2021-01","43.2844","-93.6305","390.1","FOREST CITY 2 NNE, IA US","0.0","7","0.0","5,7","7","2,7","2","2,7","0","2,7","","","2","1,7","0","5,7","26","5,7","19","3,7","0","3,7","0","3,7","","","20210129","+,5,7","","","20210115",",1,7","","","20210115",",2,7","20210114",",3,7","-17.2","5,7,29,+","","","104","1,,7,15,","11.7","2,,7,15,","9.4","3,7,14,","","","623.9","3,7","17.4",",a,,7","194","1,,,7","-5.79","5,7","-1.64","3,,,7","-9.94","5,,,7"
"USC00132977","2021-02","43.2844","-93.6305","390.1","FOREST CITY 2 NNE, IA US","0.0","7","0.0",",7","6",",7","2",",7","0",",7","","","4",",7","16",",7","28",",7","23",",7","0",",7","0",",7","","","20210215",",,7","","","20210222",",,7","","","20210222",",,7","20210228",",,7","-31.7",",7,15,","","","132",",,7,22,","8.4",",,7,22,","6.7",",7,28,","","","883.3",",7","19.0",",,,7","287",",,,7","-13.21",",7","-8.97",",,,7","-17.46",",,,7"
"USC00132977","2021-03","43.2844","-93.6305","390.1","FOREST CITY 2 NNE, IA US","0.0","7","0.0",",7","9",",7","6",",7","1",",7","","","2",",7","0",",7","26",",7","2",",7","1",",7","0",",7","","","20210302",",,7","","","20210315",",,7","","","20210324",",,7","20210330",",,7","-9.4",",7,02,","","","102",",,7,15,","25.9",",,7,24,","22.8",",7,30,","","","451.0",",7","70.3",",,,7","155",",,,7","3.78",",7","9.62",",,,7","-2.05",",,,7"
"USC00132977","2021-04","43.2844","-93.6305","390.1","FOREST CITY 2 NNE, IA US","4.2","7","4.2",",7","7",",7","2",",7","0",",7","0",",7","0",",7","0",",7","15",",7","0",",7","6",",7","0",",7","","","20210402","+,,7","20210430","+,,7","20210426",",,7","","","20210408",",,7","20210405",",,7","-8.9",",7,02,+","0",",,7,30,+","18",",,7,26,","9.1",",,7,08,","28.9",",7,05,","","","316.4",",7","21.6",",,,7","18",",,,7","7.93",",7","14.20",",,,7","1.65",",,,7"
"USC00132977","2021-05","43.2844","-93.6305","390.1","FOREST CITY 2 NNE, IA US","33.4","7","29.2",",7","12",",7","8",",7","1",",7","0",",7","0",",7","0",",7","2",",7","0",",7","12",",7","1",",7","","","20210511",",,7","20210531","+,,7","20210531","+,,7","","","20210521",",,7","20210502",",,7","-1.1",",7,11,","0",",,7,31,+","0",",,7,31,+","44.2",",,7,21,","33.9",",7,02,","","","167.9",",7","116.0",",,,7","0",",,,7","13.86",",7","19.87",",,,7","7.85",",,,7"
"USC00132977","2021-06","43.2844","-93.6305","390.1","FOREST CITY 2 NNE, IA US","168.7","7","135.3",",7","8",",7","4",",7","0",",7","0",",7","0",",7","0",",7","0",",7","0",",7","29",",7","10",",7","1","","20210622",",,7","20210630","+,,7","20210630","+,,7","","","20210627",",,7","20210618",",,7","6.7",",7,22,","0",",,7,30,+","0",",,7,30,+","23.1",",,7,27,","36.1",",7,18,","","","9.4",",7","48.0",",,,7","0",",,,7","22.53",",7","29.80",",,,7","15.26",",,,7"
"USC00132977","2021-07","43.2844","-93.6305","390.1","FOREST CITY 2 NNE, IA US","286.5","7","117.8",",7","9",",7","6",",7","1",",7","0",",7","0",",7","0",",7","0",",7","0",",7","29",",7","3",",7","1","","20210713",",,7","20210731","+,,7","20210731","+,,7","","","20210715",",,7","20210728",",,7","11.1",",7,13,","0",",,7,31,+","0",",,7,31,+","36.1",",,7,15,","33.9",",7,28,","3.1","7","3.1",",7","85.4",",,,7","0",",,,7","22.03",",7","27.62",",,,7","16.45",",,,7"
"USC00132977","2021-08","43.2844","-93.6305","390.1","FOREST CITY 2 NNE, IA US","377.3","7","90.8",",7","11",",7","7",",7","4",",7","0",",7","0",",7","0",",7","0",",7","0",",7","31",",7","0",",7","","","20210814",",,7","20210831","+,,7","20210831","+,,7","","","20210827",",,7","20210821","+,,7","7.2",",7,14,","0",",,7,31,+","0",",,7,31,+","59.9",",,7,27,","30.6",",7,21,+","7.0","7","3.9",",7","181.5",",,,7","0",",,,7","21.14",",7","27.30",",,,7","14.97",",,,7"
"USC00132977","2021-09","43.2844","-93.6305","390.1","FOREST CITY 2 NNE, IA US","401.5","7","24.2",",7","8",",7","2",",7","1",",7","0",",7","0",",7","0",",7","0",",7","0",",7","25",",7","0",",7","","","20210926",",,7","20210930","+,,7","20210930","+,,7","","","20210903",",,7","20210927",",,7","3.9",",7,26,","0",",,7,30,+","0",",,7,30,+","35.8",",,7,03,","31.1",",7,27,","57.8","7","50.8",",7","51.1",",,,7","0",",,,7","17.45",",7","25.12",",,,7","9.78",",,,7"
"USC00132977","2021-10","43.2844","-93.6305","390.1","FOREST CITY 2 NNE, IA US","410.4","7","8.9",",7","8",",7","5",",7","0",",7","0",",7","0",",7","0",",7","4",",7","0",",7","13",",7","0",",7","1","","20211024",",,7","20211031","+,,7","20211031","+,,7","","","20211028",",,7","20211009","+,,7","-3.3",",7,24,","0",",,7,31,+","0",",,7,31,+","17.3",",,7,28,","27.2",",7,09,+","264.5","7","206.7",",7","56.3",",,,7","0",",,,7","11.95",",7","17.92",",,,7","5.98",",,,7"
"USC00132977","2021-11","43.2844","-93.6305","390.1","FOREST CITY 2 NNE, IA US","410.4","7","0.0",",7","5",",7","1",",7","0",",7","1",",7","0",",7","0",",7","24",",7","2",",7","0",",7","0",",7","","","20211126",",,7","20211112",",,7","20211112",",,7","","","20211111",",,7","20211107",",,7","-11.7",",7,26,","25",",,7,12,","20",",,7,12,","21.8",",,7,11,","20.6",",7,07,","755.2","7","490.7",",7","25.4",",,,7","23",",,,7","1.98",",7","7.53",",,,7","-3.58",",,,7"
"USC00132977","2021-12","43.2844","-93.6305","390.1","FOREST CITY 2 NNE, IA US","410.4","7","0.0",",7","5",",7","3",",7","0",",7","8",",7","2",",7","2",",7","29",",7","16",",7","0",",7","0",",7","","","20211230","+,,7","20211212","+,,7","20211211",",,7","","","20211211",",,7","20211216",",,7","-18.9",",7,30,+","102",",,7,12,+","104",",,7,11,","14.5",",,7,11,","18.9",",7,16,","1425.9","7","670.7",",7","26.2",",,,7","135",",,,7","-3.30",",7","2.04",",,,7","-8.64",",,,7"
"USC00132977","2022-01","43.2844","-93.6305","390.1","FOREST CITY 2 NNE, IA US","0.0","7","0.0",",7","5",",7","2",",7","0",",7","","","2",",7","21",",7","31",",7","26",",7","0",",7","0",",7","","","20220127","+,,7","","","20220115",",,7","","","20220115",",,7","20220112",",,7","-30.0",",7,27,+","","","206",",,7,15,","17.0",",,7,15,","7.8",",7,12,","2395.5","7","969.6",",7","23.4",",,,7","313",",,,7","-12.95",",7","-6.06",",,,7","-19.83",",,,7"
"USC00132977","2022-02","43.2844","-93.6305","390.1","FOREST CITY 2 NNE, IA US","0.0","7","0.0",",7","6",",7","0",",7","0",",7","","","1",",7","13",",7","28",",7","17",",7","0",",7","0",",7","","","20220204",",,7","","","20220225",",,7","","","20220225",",,7","20220221",",,7","-26.1",",7,04,","","","46",",,7,25,","1.5",",,7,25,","8.3",",7,21,","3191.3","7","795.8",",7","5.7",",,,7","90",",,,7","-10.09",",7","-3.85",",,,7","-16.33",",,,7"
"USC00132977","2022-03","43.2844","-93.6305","390.1","FOREST CITY 2 NNE, IA US","0.0","7","0.0",",7","7",",7","2",",7","0",",7","","","0",",7","2",",7","29",",7","8",",7","1",",7","0",",7","","","20220313","+,,7","","","20220331",",,7","","","20220323",",,7","20220322",",,7","-17.8",",7,13,+","","","18",",,7,31,","17.3",",,7,23,","22.2",",7,22,","3751.5","7","560.2",",7","30.3",",,,7","23",",,,7","0.26",",7","5.46",",,,7","-4.94",",,,7"
"USC00132977","2022-04","43.2844","-93.6305","390.1","FOREST CITY 2 NNE, IA US","0.0","7","0.0",",7","14",",7","9",",7","1",",7","","","0",",7","0",",7","24",",7","1",",7","2",",7","0",",7","","","20220401",",,7","","","20220418",",,7","","","20220413",",,7","20220424",",,7","-7.2",",7,01,","","","15",",,7,18,","46.0",",,7,13,","23.3",",7,24,","4190.0","7","438.5",",7","124.9",",,,7","20",",,,7","3.72",",7","9.23",",,,7","-1.80",",,,7"
"USC00132977","2022-05","43.2844","-93.6305","390.1","FOREST CITY 2 NNE, IA US","39.4","7","39.4",",7","14",",7","8",",7","0",",7","0",",7","0",",7","0",",7","0",",7","0",",7","15",",7","3",",7","1","","20220505","+,,7","20220531","+,,7","20220531","+,,7","","","20220525",",,7","20220513","+,,7","0.6",",7,05,+","0",",,7,31,+","0",",,7,31,+","21.3",",,7,25,","34.4",",7,13,+","4335.3","7","145.3",",7","61.9",",,,7","0",",,,7","14.92",",7","21.18",",,,7","8.65",",,,7"
"USC00132977","2022-06","43.2844","-93.6305","390.1","FOREST CITY 2 NNE, IA US","119.6","7","80.2",",7","11",",7","7",",7","1",",7","0",",7","0",",7","0",",7","0",",7","0",",7","28",",7","4",",7","","","20220602",",,7","20220630","+,,7","20220630","+,,7","1","","20220625",",,7","20220621","+,,7","7.2",",7,02,","0",",,7,30,+","0",",,7,30,+","73.2",",,7,25,","34.4",",7,21,+","4351.1","7","15.8",",7","133.6",",,,7","0",",,,7","20.48",",7","26.68",",,,7","14.28",",,,7"
"USC00132977","2022-07","43.2844","-93.6305","390.1","FOREST CITY 2 NNE, IA US","239.5","7","119.9",",7","12",",7","6",",7","0",",7","0",",7","0",",7","0",",7","0",",7","0",",7","31",",7","0",",7","","","20220731","+,,7","20220731","+,,7","20220731","+,,7","","","20220706",",,7","20220724","+,,7","12.2",",7,31,+","0",",,7,31,+","0",",,7,31,+","24.6",",,7,06,","31.7",",7,24,+","0.6","7","0.6",",7","59.5",",,,7","0",",,,7","22.18",",7","27.95",",,,7","16.41",",,,7"
"USC00132977","2022-08","43.2844","-93.6305","390.1","FOREST CITY 2 NNE, IA US","307.6","7","68.1",",7","7",",7","6",",7","2",",7","0",",7","0",",7","0",",7","0",",7","0",",7","31",",7","1",",7","","","20220827","+,,7","20220831","+,,7","20220831","+,,7","","","20220807",",,7","20220803",",,7","12.2",",7,27,+","0",",,7,31,+","0",",,7,31,+","95.3",",,7,07,","33.3",",7,03,","3.7","7","3.1",",7","177.6",",,,7","0",",,,7","20.43",",7","26.17",",,,7","14.69",",,,7"
"USC00132977","2022-09","43.2844","-93.6305","390.1","FOREST CITY 2 NNE, IA US","336.3","7","28.7",",7","6",",7","2",",7","0",",7","0",",7","0",",7","0",",7","2",",7","0",",7","21",",7","1",",7","1","","20220929",",,7","20220930","+,,7","20220930","+,,7","","","20220910",",,7","20220921",",,7","-1.1",",7,29,","0",",,7,30,+","0",",,7,30,+","14.5",",,7,10,","33.9",",7,21,","86.3","7","82.6",",7","27.2",",,,7","0",",,,7","16.54",",7","23.29",",,,7","9.78",",,,7"
"USC00132977","2022-10","43.2844","-93.6305","390.1","FOREST CITY 2 NNE, IA US","337.4","7","1.1",",7","4",",7","2",",7","0",",7","0",",7","0",",7","0",",7","13",",7","0",",7","10",",7","0",",7","","","20221020","+,,7","20221031","+,,7","20221031","+,,7","","","20221012",",,7","20221023",",,7","-8.3",",7,20,+","0",",,7,31,+","0",",,7,31,+","6.1",",,7,12,","26.1",",7,23,","379.6","7","293.3",",7","12.7",",,,7","0",",,,7","8.91",",7","16.33",",,,7","1.49",",,,7"
"USC00132977","2022-11","43.2844","-93.6305","390.1","FOREST CITY 2 NNE, IA US","337.4","7","0.0",",7","6",",7","4",",7","0",",7","9",",7","3",",7","0",",7","23",",7","10",",7","2",",7","0",",7","","","20221120",",,7","20221120","+,,7","20221130",",,7","","","20221109",",,7","20221102",",,7","-13.9",",7,20,","76",",,7,20,+","56",",,7,30,","4.3",",,7,09,","23.9",",7,02,","898.5","7","518.9",",7","18.6",",,,7","138",",,,7","1.04",",7","6.70",",,,7","-4.63",",,,7"
"USC00132977","2022-12","43.2844","-93.6305","390.1","FOREST CITY 2 NNE, IA US","337.4","7","0.0",",7","10",",7","6",",7","0",",7","25",",7","5",",7","10",",7","31",",7","22",",7","0",",7","0",",7","1","","20221223",",,7","20221226",",,7","20221209",",,7","","","20221209",",,7","20221203",",,7","-26.1",",7,23,","254",",,7,26,","140",",,7,09,","13.2",",,7,09,","7.8",",7,03,","1736.5","7","838.0",",7","37.9",",,,7","437",",,,7","-8.70",",7","-4.67",",,,7","-12.73",",,,7"
"USC00132977","2023-01","43.2844","-93.6305","390.1","FOREST CITY 2 NNE, IA US","","","","","9",",7","5",",7","0",",7","","","2",",7","","","","","19","5,7","0","5,7","0","5,7","2","","","","","","20230119",",,7","","","20230119","+,,7","20230117","+,5,7","","","","","157",",,7,19,","12.4",",,7,19,+","3.3","5,7,17,+","","","","","45.8",",,,7","220",",,,7","","","-3.63","5,,,7","",""
"USC00132977","2023-02","43.2844","-93.6305","390.1","FOREST CITY 2 NNE, IA US","","","0.0",",7","5",",7","3",",7","0",",7","","","1",",7","6",",7","28",",7","14",",7","0",",7","0",",7","","","20230203",",,7","","","20230223",",,7","","","20230215",",,7","20230221","+,,7","-25.6",",7,03,","","","104",",,7,23,","22.6",",,7,15,","5.0",",7,21,+","","","727.2",",7","54.1",",,,7","112",",,,7","-7.64",",7","-1.92",",,,7","-13.35",",,,7"
"USC00132977","2023-03","43.2844","-93.6305","390.1","FOREST CITY 2 NNE, IA US","","","","","","","","","","","","","","","","","","","8","3,7","0","3,7","0","3,7","","","","","","","","","","","","","20230331","+,3,7","","","","","","","","","12.2","3,7,31,+","","","","","","","","","","","2.81","3,,,7","",""
"USC00132977","2023-04","43.2844","-93.6305","390.1","FOREST CITY 2 NNE, IA US","","","4.7","5,7","6","3,7","4","3,7","1","3,7","","","","","0","4,7","14","4,7","0","5,7","7","5,7","0","5,7","","","20230406",",4,7","","","","","1","","20230419",",3,7","20230413",",5,7","-5.0","4,7,06,","","","","","26.7","3,,7,19,","31.7","5,7,13,","","","271.1","5,7","53.4","3,,,7","","","7.60","5,7","14.10","5,,,7","1.10","4,,,7"
"USC00132977","2023-05","43.2844","-93.6305","390.1","FOREST CITY 2 NNE, IA US","","","20.4","3,7","9",",7","5",",7","1",",7","0",",7","0",",7","0","3,7","0","3,7","0","3,7","21","3,7","0","3,7","","","20230503",",3,7","20230531","+,,7","20230531","+,,7","1","","20230514",",,7","20230531",",3,7","0.6","3,7,03,","0",",,7,31,+","0",",,7,31,+","35.8",",,7,14,","30.6","3,7,31,","","","79.0","3,7","83.2",",,,7","0",",,,7","16.24","3,7","23.04","3,,,7","9.43","3,,,7"
"USC00132977","2023-06","43.2844","-93.6305","390.1","FOREST CITY 2 NNE, IA US","","","84.3","5,7","10",",7","7",",7","0",",7","0",",7","0",",7","0","4,7","0","4,7","0","5,7","25","5,7","1","5,7","1","","20230612",",4,7","20230630","+,,7","20230630","+,,7","","","20230625",",,7","20230604",",5,7","7.8","4,7,12,","0",",,7,30,+","0",",,7,30,+","24.4",",,7,25,","32.2","5,7,04,","","","8.9","5,7","92.5",",,,7","0",",,,7","21.36","5,7","28.06","5,,,7","14.65","4,,,7"
"USC00132977","2023-07","43.2844","-93.6305","390.1","FOREST CITY 2 NNE, IA US","","","77.3","4,7","7","4,7","4","4,7","1","4,7","0",",7","0",",7","0","4,7","0","4,7","0","4,7","26","4,7","2","4,7","","","20230709","+,4,7","20230731","+,,7","20230731","+,,7","","","20230713",",4,7","20230728","+,4,7","9.4","4,7,09,+","0",",,7,31,+","0",",,7,31,+","29.7","4,,7,13,","32.2","4,7,28,+","11.2","7","11.2","4,7","60.3","4,,,7","0",",,,7","20.78","4,7","27.16","4,,,7","14.40","4,,,7"
"USC00132977","2023-08","43.2844","-93.6305","390.1","FOREST CITY 2 NNE, IA US","","","104.1",",7","10",",7","5",",7","0",",7","0",",7","0",",7","0",",7","0",",7","0",",7","31",",7","4",",7","1","","20230819",",,7","20230831","+,,7","20230831","+,,7","","","20230811",",,7","20230824",",,7","10.0",",7,19,","0",",,7,31,+","0",",,7,31,+","15.7",",,7,11,","36.7",",7,24,","17.9","7","6.7",",7","67.5",",,,7","0",",,,7","21.48",",7","27.87",",,,7","15.08",",,,7"
"USC00132977","2023-09","43.2844","-93.6305","390.1","FOREST CITY 2 NNE, IA US","","","47.0",",7","5",",7","3",",7","1",",7","0",",7","0",",7","0",",7","0",",7","0",",7","27",",7","4",",7","","","20230914","+,,7","20230930","+,,7","20230930","+,,7","","","20230924",",,7","20230904",",,7","5.0",",7,14,+","0",",,7,30,+","0",",,7,30,+","42.9",",,7,24,","35.6",",7,04,","56.8","7","38.9",",7","69.4",",,,7","0",",,,7","18.60",",7","25.49",",,,7","11.71",",,,7"
"USC00132977","2023-10","43.2844","-93.6305","390.1","FOREST CITY 2 NNE, IA US","","","","","","","","","","","0",",7","0",",7","","","","","","","","","","","","","","","20231031","+,,7","20231031","+,,7","","","","","","","","","0",",,7,31,+","0",",,7,31,+","","","","","","","","","","","0",",,,7","","","","","",""
"USC00132977","2023-11","43.2844","-93.6305","390.1","FOREST CITY 2 NNE, IA US","","","0.0",",7","2",",7","0",",7","0",",7","1",",7","0",",7","0",",7","25",",7","5",",7","0",",7","0",",7","","","20231129","+,,7","20231126",",,7","20231126",",,7","","","20231121",",,7","20231117","+,,7","-17.2",",7,29,+","25",",,7,26,","13",",,7,26,","1.3",",,7,21,","17.8",",7,17,+","","","480.8",",7","2.3",",,,7","13",",,,7","2.31",",7","8.89",",,,7","-4.28",",,,7"
"USC00132977","2023-12","43.2844","-93.6305","390.1","FOREST CITY 2 NNE, IA US","","","0.0",",7","5",",7","2",",7","0",",7","0",",7","0",",7","0",",7","28",",7","5",",7","0",",7","0",",7","","","20231219","+,,7","20231231","+,,7","20231231",",,7","","","20231225",",,7","20231208",",,7","-12.2",",7,19,+","0",",T,7,31,+","3",",,7,31,","19.3",",,7,25,","12.2",",7,08,","","","585.3",",7","38.7",",,,7","3",",,,7","-0.55",",7","4.08",",,,7","-5.18",",,,7"
"USC00132977","2024-01","43.2844","-93.6305","390.1","FOREST CITY 2 NNE, IA US","0.0","","0.0",",7","7",",7","3",",7","0",",7","","","4",",7","9",",7","31",",7","22",",7","0",",7","0",",7","","","20240115","+,,7","","","20240109",",,7","","","20240109",",,7","20240130",",,7","-26.1",",7,15,+","","","79",",,7,09,","6.1",",,7,09,","10.0",",7,30,","","","809.5",",7","18.8",",,,7","244",",,,7","-7.78",",7","-4.65",",,,7","-10.91",",,,7"
"USC00132977","2024-02","43.2844","-93.6305","390.1","FOREST CITY 2 NNE, IA US","0.0","","0.0",",7","3",",7","1",",7","0",",7","0",",7","0",",7","0",",7","27",",7","4",",7","1",",7","0",",7","","","20240229","+,,7","20240228","+,,7","20240228",",,7","","","20240215",",,7","20240227",",,7","-17.2",",7,29,+","0",",T,7,28,+","10",",,7,28,","3.3",",,7,15,","22.2",",7,27,","","","519.6",",7","5.1",",,,7","18",",,,7","0.42",",7","6.99",",,,7","-6.16",",,,7"
"USC00132977","2024-03","43.2844","-93.6305","390.1","FOREST CITY 2 NNE, IA US","0.0","","0.0",",7","7",",7","4",",7","0",",7","3",",7","1",",7","0",",7","30",",7","3",",7","3",",7","0",",7","","","20240310",",,7","20240324",",,7","20240324",",,7","","","20240325",",,7","20240312",",,7","-11.1",",7,10,","51",",,7,24,","38",",,7,24,","22.6",",,7,25,","25.0",",7,12,","","","496.5",",7","54.5",",,,7","79",",,,7","2.32",",7","9.57",",,,7","-4.93",",,,7"
"USC00132977","2024-04","43.2844","-93.6305","390.1","FOREST CITY 2 NNE, IA US","","","","","","","","","","","0",",7","0","1,7","","","","","","","","","","","","","","","20240403",",,7","20240403",",1,7","","","","","","","","","0",",T,7,03,","0","1,T,7,03,","","","","","","","","","","","0","1,T,,7","","","","","",""
"USC00132977","2024-05","43.2844","-93.6305","390.1","FOREST CITY 2 NNE, IA US","","","","","","","","","","","0",",7","0",",7","","","","","","","","","","","","","","","20240531","+,,7","20240531","+,,7","","","","","","","","","0",",,7,31,+","0",",,7,31,+","","","","","","","","","","","0",",,,7","","","","","",""
