"STATION","DATE","LATITUDE","LONGITUDE","ELEVATION","NAME","CDSD","CDSD_ATTRIBUTES","CLDD","CLDD_ATTRIBUTES","DP01","DP01_ATTRIBUTES","DP10","DP10_ATTRIBUTES","DP1X","DP1X_ATTRIBUTES","DSND","DSND_ATTRIBUTES","DSNW","DSNW_ATTRIBUTES","DT00","DT00_ATTRIBUTES","DT32","DT32_ATTRIBUTES","DX32","DX32_ATTRIBUTES","DX70","DX70_ATTRIBUTES","DX90","DX90_ATTRIBUTES","DYFG","DYFG_ATTRIBUTES","DYNT","DYNT_ATTRIBUTES","DYSD","DYSD_ATTRIBUTES","DYSN","DYSN_ATTRIBUTES","DYTS","DYTS_ATTRIBUTES","DYXP","DYXP_ATTRIBUTES","DYXT","DYXT_ATTRIBUTES","EMNT","EMNT_ATTRIBUTES","EMSD","EMSD_ATTRIBUTES","EMSN","EMSN_ATTRIBUTES","EMXP","EMXP_ATTRIBUTES","EMXT","EMXT_ATTRIBUTES","EVAP","EVAP_ATTRIBUTES","HDSD","HDSD_ATTRIBUTES","HTDD","HTDD_ATTRIBUTES","PRCP","PRCP_ATTRIBUTES","SNOW","SNOW_ATTRIBUTES","TAVG","TAVG_ATTRIBUTES","TMAX","TMAX_ATTRIBUTES","TMIN","TMIN_ATTRIBUTES","WDMV","WDMV_ATTRIBUTES"
"USC00341445","1943-06","36.06167","-98.59","484.6","CANTON, OK US","","","216.3",",6","","","","","","","","","","","0",",6","0",",6","0",",6","30",",6","29",",6","","","19430630",",,6","","","","","","","","","19430627","+,,6","11.1",",6,30,","","","","","","","41.7",",6,27,+","","","","","0.0",",6","","","","","25.54",",6","34.03",",,,6","17.05",",,,6","",""
"USC00341445","1943-07","36.06167","-98.59","484.6","CANTON, OK US","","","280.4","2,6","","","","","","","","","","","0","2,6","0","2,6","0",",6","31",",6","28",",6","","","19430710",",2,6","","","","","","","","","19430724","+,,6","10.6","2,6,10,","","","","","","","43.3",",6,24,+","","","0.0","6","0.0",",6","","","","","27.87","2,6","37.41",",,,6","18.33","2,,,6","",""
"USC00341445","1943-08","36.06167","-98.59","484.6","CANTON, OK US","","","375.2",",6","","","","","","","","","","","0",",6","0",",6","0",",6","31",",6","31",",6","","","19430818",",,6","","","","","","","","","19430810",",,6","5.6",",6,18,","","","","","","","43.3",",6,10,","","","0.0","6","0.0",",6","","","","","30.44",",6","40.33",",,,6","20.54",",,,6","",""
"USC00341445","1943-09","36.06167","-98.59","484.6","CANTON, OK US","","","77.6","3,6","","","","","","","","","","","0","2,6","0","2,6","0","1,6","28","1,6","18","1,6","","","19430924","+,2,6","","","","","","","","","19430905","+,1,6","6.7","2,6,24,+","","","","","","","42.8","1,6,05,+","","","5.3","6","5.3","1,6","","","","","21.33","3,6","31.61","1,,,6","11.05","2,,,6","",""
"USC00341445","1943-10","36.06167","-98.59","484.6","CANTON, OK US","","","15.0","5,6","","","","","","","","","","","0","3,6","6","3,6","0","2,6","29","2,6","8","2,6","","","19431016",",3,6","","","","","","","","","19431027","+,2,6","-6.7","3,6,16,","","","","","","","32.8","2,6,27,+","","","66.4","6","61.1","2,6","","","","","16.56","5,6","29.63","2,,,6","3.50","3,,,6","",""
"USC00341445","1943-11","36.06167","-98.59","484.6","CANTON, OK US","","","0.0","2,6","","","","","","","","","","","0","1,6","21","1,6","0","1,6","11","1,6","0","1,6","","","19431110","+,1,6","","","","","","","","","19431102",",1,6","-7.2","1,6,10,+","","","","","","","30.6","1,6,02,","","","360.3","6","293.9","1,6","","","","","7.96","2,6","18.17","1,,,6","-2.26","1,,,6","",""
"USC00341445","1943-12","36.06167","-98.59","484.6","CANTON, OK US","","","0.0",",6","","","","","","","","","","","2",",6","26",",6","5",",6","0",",6","0",",6","","","19431230","+,,6","","","","","","","","","19431205",",,6","-17.8",",6,30,+","","","","","","","18.3",",6,05,","","","882.1","6","521.8",",6","","","","","1.50",",6","7.54",",,,6","-4.54",",,,6","",""
"USC00341445","1944-01","36.06167","-98.59","484.6","CANTON, OK US","0.0","6","0.0",",6","","","","","","","","","","","1",",6","24",",6","3",",6","1",",6","0",",6","","","19440109",",,6","","","","","","","","","19440121",",,6","-17.8",",6,09,","","","","","","","21.1",",6,21,","","","1358.9","6","476.8",",6","","","","","2.95",",6","9.14",",,,6","-3.23",",,,6","",""
"USC00341445","1944-02","36.06167","-98.59","484.6","CANTON, OK US","0.0","6","0.0",",6","","","","","","","","","","","0",",6","12",",6","1",",6","2",",6","0",",6","","","19440212","+,,6","","","","","","","","","19440225",",,6","-12.2",",6,12,+","","","","","","","26.1",",6,25,","","","1735.5","6","376.6",",6","","","","","5.35",",6","11.51",",,,6","-0.81",",,,6","",""
"USC00341445","1944-03","36.06167","-98.59","484.6","CANTON, OK US","0.0","6","0.0","1,6","","","","","","","","","","","0","1,6","19","1,6","1",",6","5",",6","0",",6","","","19440329",",1,6","","","","","","","","","19440315",",,6","-8.9","1,6,29,","","","","","","","25.0",",6,15,","","","2094.6","6","359.1",",6","","","","","6.51","1,6","13.25",",,,6","-0.23","1,,,6","",""
"USC00341445","1944-04","36.06167","-98.59","484.6","CANTON, OK US","7.0","6","7.0",",6","","","","","","","","","","","0",",6","3",",6","0",",6","12",",6","0",",6","","","19440403",",,6","","","","","","","","","19440423","+,,6","-1.1",",6,03,","","","","","","","28.3",",6,23,+","","","2271.7","6","177.1",",6","","","","","12.66",",6","19.44",",,,6","5.88",",,,6","",""
"USC00341445","1944-05","36.06167","-98.59","484.6","CANTON, OK US","109.3","6","102.3",",6","","","","","","","","","","","0",",6","0",",6","0",",6","27",",6","6",",6","","","19440506",",,6","","","","","","","","","19440525",",,6","1.7",",6,06,","","","","","","","35.6",",6,25,","","","2308.8","6","37.1",",6","","","","","20.44",",6","27.15",",,,6","13.72",",,,6","",""
"USC00341445","1944-06","36.06167","-98.59","484.6","CANTON, OK US","337.2","6","227.9","1,6","","","","","","","","","","","0","1,6","0","1,6","0",",6","30",",6","17",",6","","","19440607",",1,6","","","","","","","","","19440624",",,6","12.2","1,6,07,","","","","","","","38.3",",6,24,","","","2308.8","6","0.0",",6","","","","","26.25","1,6","32.65",",,,6","19.84","1,,,6","",""
"USC00341445","1944-07","36.06167","-98.59","484.6","CANTON, OK US","587.2","6","250.0",",6","","","","","","","","","","","0",",6","0",",6","0",",6","31",",6","24",",6","","","19440721",",,6","","","","","","","","","19440709",",,6","15.0",",6,21,","","","","","","","38.3",",6,09,","","","0.0","6","0.0",",6","","","","","26.40",",6","33.78",",,,6","19.02",",,,6","",""
"USC00341445","1944-08","36.06167","-98.59","484.6","CANTON, OK US","877.0","6","289.8",",6","","","","","","","","","","","0",",6","0",",6","0",",6","31",",6","23",",6","","","19440831",",,6","","","","","","","","","19440803",",,6","11.7",",6,31,","","","","","","","42.2",",6,03,","","","0.0","6","0.0",",6","","","","","27.68",",6","35.52",",,,6","19.84",",,,6","",""
"USC00341445","1944-09","36.06167","-98.59","484.6","CANTON, OK US","984.7","6","107.7","1,6","","","","","","","","","","","0","1,6","0","1,6","0",",6","29",",6","9",",6","","","19440925",",1,6","","","","","","","","","19440921",",,6","5.6","1,6,25,","","","","","","","37.8",",6,21,","","","12.2","6","12.2",",6","","","","","21.40","1,6","29.00",",,,6","13.81","1,,,6","",""
"USC00341445","1944-10","36.06167","-98.59","484.6","CANTON, OK US","998.6","6","13.9",",6","","","","","","","","","","","0",",6","1",",6","0",",6","24",",6","0",",6","","","19441012",",,6","","","","","","","","","19441025",",,6","-0.6",",6,12,","","","","","","","31.7",",6,25,","","","89.2","6","77.0",",6","","","","","16.30",",6","25.15",",,,6","7.45",",,,6","",""
"USC00341445","1944-11","36.06167","-98.59","484.6","CANTON, OK US","1001.9","6","3.3","1,6","","","","","","","","","","","0","1,6","10","1,6","0",",6","11",",6","0",",6","","","19441130",",1,6","","","","","","","","","19441102","+,,6","-9.4","1,6,30,","","","","","","","28.3",",6,02,+","","","342.2","6","253.0",",6","","","","","9.65","1,6","16.47",",,,6","2.82","1,,,6","",""
"USC00341445","1944-12","36.06167","-98.59","484.6","CANTON, OK US","1001.9","6","0.0",",6","","","","","","","","","","","0",",6","31",",6","4",",6","0",",6","0",",6","","","19441202","+,,6","","","","","","","","","19441220",",,6","-10.6",",6,02,+","","","","","","","17.8",",6,20,","","","892.6","6","550.4",",6","","","","","0.58",",6","6.76",",,,6","-5.60",",,,6","",""
"USC00341445","1945-01","36.06167","-98.59","484.6","CANTON, OK US","0.0","6","0.0",",6","","","","","","","","","","","0",",6","28",",6","1",",6","1",",6","0",",6","","","19450109",",,6","","","","","","","","","19450114",",,6","-12.2",",6,09,","","","","","","","22.2",",6,14,","","","1384.1","6","491.5",",6","","","","","2.48",",6","9.27",",,,6","-4.31",",,,6","",""
"USC00341445","1945-02","36.06167","-98.59","484.6","CANTON, OK US","0.0","6","0.0",",6","","","","","","","","","","","0",",6","26",",6","2",",6","0",",6","0",",6","","","19450228",",,6","","","","","","","","","19450215","+,,6","-15.0",",6,28,","","","","","","","20.6",",6,15,+","","","1811.2","6","427.1",",6","","","","","3.08",",6","9.40",",,,6","-3.24",",,,6","",""
"USC00341445","1945-03","36.06167","-98.59","484.6","CANTON, OK US","0.0","6","0.0",",6","","","","","","","","","","","0",",6","10",",6","0",",6","12",",6","0",",6","","","19450307",",,6","","","","","","","","","19450328",",,6","-8.3",",6,07,","","","","","","","29.4",",6,28,","","","2051.9","6","240.7",",6","","","","","10.57",",6","18.46",",,,6","2.68",",,,6","",""
"USC00341445","1945-04","36.06167","-98.59","484.6","CANTON, OK US","7.8","6","7.8",",6","","","","","","","","","","","0",",6","4",",6","0",",6","13",",6","0",",6","","","19450405",",,6","","","","","","","","","19450421",",,6","-5.6",",6,05,","","","","","","","28.9",",6,21,","","","2249.9","6","198.0",",6","","","","","12.00",",6","18.59",",,,6","5.40",",,,6","",""
"USC00341445","1945-05","36.06167","-98.59","484.6","CANTON, OK US","59.2","6","51.4",",6","","","","","","","","","","","0",",6","1",",6","0",",6","22",",6","4",",6","","","19450504",",,6","","","","","","","","","19450528","+,,6","0.0",",6,04,","","","","","","","35.0",",6,28,+","","","2344.6","6","94.7",",6","","","","","16.94",",6","24.55",",,,6","9.32",",,,6","",""
"USC00341445","1945-06","36.06167","-98.59","484.6","CANTON, OK US","172.8","6","113.6",",6","","","","","","","","","","","0",",6","0",",6","0",",6","29",",6","10",",6","","","19450619",",,6","","","","","","","","","19450628",",,6","8.9",",6,19,","","","","","","","35.6",",6,28,","","","2353.5","6","8.9",",6","","","","","21.82",",6","29.09",",,,6","14.56",",,,6","",""
"USC00341445","1945-07","36.06167","-98.59","484.6","CANTON, OK US","379.8","6","207.0",",6","","","","","","","","","","","0",",6","0",",6","0",",6","31",",6","19",",6","","","19450708",",,6","","","","","","","","","19450731","+,,6","13.3",",6,08,","","","","","","","38.9",",6,31,+","","","0.0","6","0.0",",6","","","","","25.01",",6","32.49",",,,6","17.53",",,,6","",""
"USC00341445","1945-08","36.06167","-98.59","484.6","CANTON, OK US","614.5","6","234.7",",6","","","","","","","","","","","0",",6","0",",6","0",",6","31",",6","25",",6","","","19450824",",,6","","","","","","","","","19450806",",,6","11.1",",6,24,","","","","","","","40.0",",6,06,","","","0.0","6","0.0",",6","","","","","25.90",",6","33.86",",,,6","17.95",",,,6","",""
"USC00341445","1945-09","36.06167","-98.59","484.6","CANTON, OK US","736.2","6","121.7","1,6","","","","","","","","","","","0","1,6","0","1,6","0",",6","28",",6","13",",6","","","19450930",",1,6","","","","","","","","","19450902",",,6","1.7","1,6,30,","","","","","","","38.9",",6,02,","","","42.3","6","42.3",",6","","","","","21.06","1,6","29.91",",,,6","12.22","1,,,6","",""
"USC00341445","1945-10","36.06167","-98.59","484.6","CANTON, OK US","743.8","6","7.6","1,6","","","","","","","","","","","0","1,6","3","1,6","0",",6","18",",6","0",",6","","","19451022",",1,6","","","","","","","","","19451019","+,,6","-4.4","1,6,22,","","","","","","","29.4",",6,19,+","","","170.9","6","128.6",",6","","","","","14.40","1,6","22.00",",,,6","6.80","1,,,6","",""
"USC00341445","1945-11","36.06167","-98.59","484.6","CANTON, OK US","749.6","6","5.8",",6","","","","","","","","","","","0",",6","18",",6","0",",6","11",",6","0",",6","","","19451123",",,6","","","","","","","","","19451107",",,6","-10.6",",6,23,","","","","","","","31.7",",6,07,","","","441.8","6","270.9",",6","","","","","9.50",",6","19.61",",,,6","-0.61",",,,6","",""
"USC00341445","1945-12","36.06167","-98.59","484.6","CANTON, OK US","749.6","6","0.0",",6","","","","","","","","","","","1",",6","29",",6","2",",6","1",",6","0",",6","","","19451219",",,6","","","","","","","","","19451230",",,6","-18.9",",6,19,","","","","","","","22.2",",6,30,","","","1010.8","6","569.0",",6","","","","","-0.02",",6","8.48",",,,6","-8.52",",,,6","",""
"USC00341445","1946-01","36.06167","-98.59","484.6","CANTON, OK US","0.0","6","0.0",",6","","","","","","","","","","","0",",6","30",",6","2",",6","1",",6","0",",6","","","19460116",",,6","","","","","","","","","19460126",",,6","-13.3",",6,16,","","","","","","","24.4",",6,26,","","","1529.6","6","518.8",",6","","","","","1.60",",6","9.30",",,,6","-6.10",",,,6","",""
"USC00341445","1946-02","36.06167","-98.59","484.6","CANTON, OK US","0.0","6","0.0",",6","","","","","","","","","","","0",",6","23",",6","0",",6","2",",6","0",",6","","","19460211",",,6","","","","","","","","","19460226","+,,6","-10.0",",6,11,","","","","","","","23.9",",6,26,+","","","1880.2","6","350.6",",6","","","","","5.81",",6","14.49",",,,6","-2.87",",,,6","",""
"USC00341445","1946-03","36.06167","-98.59","484.6","CANTON, OK US","0.3","6","0.3","5,6","3",",6","2",",6","1",",6","","","","","0","5,6","5","5,6","0","5,6","9","5,6","0","5,6","1","","19460310","+,5,6","","","","","","","19460327",",,6","19460325",",5,6","-5.6","5,6,10,+","","","","","26.7",",,6,27,","28.3","5,6,25,","","","2052.7","6","172.5","5,6","33.9",",,,6","","","11.71","5,6","20.22","5,,,6","3.20","5,,,6","",""
"USC00341445","1946-04","36.06167","-98.59","484.6","CANTON, OK US","","","","","6",",6","3",",6","0",",6","","","","","","","","","","","","","","","","","","","","","","","","","19460422",",,6","","","","","","","","","22.9",",,6,22,","","","","","","","","","42.1",",,,6","","","","","","","","","",""
"USC00341445","1946-05","36.06167","-98.59","484.6","CANTON, OK US","","","","","9",",6","7",",6","0",",6","","","","","","","","","","","","","","","","","","","","","","","","","19460517",",,6","","","","","","","","","21.6",",,6,17,","","","","","","","","","67.2",",,,6","","","","","","","","","",""
"USC00341445","1946-06","36.06167","-98.59","484.6","CANTON, OK US","","","","","4",",6","4",",6","2",",6","","","","","","","","","","","","","","","","","","","","","","","","","19460629",",,6","","","","","","","","","40.6",",,6,29,","","","2400.3","2,,,6","","","","","74.9",",,,6","","","","","","","","","8528","2,,,6"
"USC00341445","1946-07","36.06167","-98.59","484.6","CANTON, OK US","","","","","2",",6","2",",6","0",",6","","","","","","","","","","","","","","","","","","","","","","","","","19460708",",,6","","","","","","","","","8.9",",,6,08,","","","2644.4","1,,,6","","","","","17.0",",,,6","","","","","","","","","7454",",,,6"
"USC00341445","1946-08","36.06167","-98.59","484.6","CANTON, OK US","","","227.4","5,6","1",",6","1",",6","0",",6","","","","","0","5,6","0","5,6","0","4,6","27","4,6","25","4,6","","","19460831","+,5,6","","","","","","","19460811",",,6","19460807",",4,6","7.2","5,6,31,+","","","","","22.9",",,6,11,","43.9","4,6,07,","2194.5","4,,,6","","","0.0","4,6","22.9",",,,6","","","27.04","5,6","36.78","4,,,6","17.31","5,,,6","",""
"USC00341445","1946-09","36.06167","-98.59","484.6","CANTON, OK US","","","135.2","2,6","7",",6","5",",6","0",",6","","","","","0","2,6","0","2,6","0","2,6","28","2,6","14","2,6","","","19460924","+,2,6","","","","","","","19460901",",,6","19460909",",2,6","6.7","2,6,24,+","","","","","14.0",",,6,01,","35.6","2,6,09,","1586.8","3,,,6","","","10.5","2,6","47.8",",,,6","","","22.79","2,6","30.54","2,,,6","15.04","2,,,6","8123","3,,,6"
"USC00341445","1946-10","36.06167","-98.59","484.6","CANTON, OK US","","","32.3",",6","8",",6","4",",6","1",",6","","","","","0",",6","0",",6","0",",6","25",",6","0",",6","1","","19461024",",,6","","","","","","","19461006",",,6","19461003",",,6","1.1",",6,24,","","","","","50.8",",,6,06,","31.1",",6,03,","1317.6","3,,,6","","","78.9",",6","95.8",",,,6","","","16.83",",6","24.50",",,,6","9.16",",,,6","11260",",,,6"
"USC00341445","1946-11","36.06167","-98.59","484.6","CANTON, OK US","","","0.0","5,6","7",",6","5",",6","0",",6","","","","","0","5,6","8","5,6","0","5,6","3","5,6","0","5,6","1","","19461117",",5,6","","","","","","","19461105",",,6","19461124",",5,6","-5.6","5,6,17,","","","","","20.8",",,6,05,","25.0","5,6,24,","734.9","5,,,6","","","216.6","5,6","63.4",",,,6","","","9.67","5,6","17.27","5,,,6","2.06","5,,,6","9763","4,,,6"
"USC00341445","1946-12","36.06167","-98.59","484.6","CANTON, OK US","","","0.6","3,6","1",",6","1",",6","0",",6","","","","","0","3,6","12","3,6","3",",6","8",",6","0",",6","1","","19461231","+,3,6","","","","","","","19461211",",,6","19461226",",,6","-12.2","3,6,31,+","","","","","3.8",",,6,11,","27.8",",6,26,","","","","","292.2",",6","3.8",",,,6","","","7.24","3,6","12.97",",,,6","1.51","3,,,6","10357","1,,,6"
"USC00341445","1947-01","36.06167","-98.59","484.6","CANTON, OK US","0.0","6","0.0",",6","4",",6","3",",6","1",",6","","","","","3",",6","21",",6","5",",6","1",",6","0",",6","2","","19470104",",,6","","","","","","","19470102",",,6","19470129",",,6","-28.9",",6,04,","","","","","27.9",",,6,02,","22.8",",6,29,","","","","","490.3",",6","33.7",",,,6","","","2.52",",6","8.78",",,,6","-3.75",",,,6","9570","2,,,6"
"USC00341445","1947-02","36.06167","-98.59","484.6","CANTON, OK US","0.0","6","0.0",",6","2",",6","2",",6","0",",6","","","","","0",",6","27",",6","0",",6","3",",6","0",",6","","","19470210",",,6","","","","","","","19470228",",,6","19470215",",,6","-11.7",",6,10,","","","","","4.1",",,6,28,","26.1",",6,15,","","","","","445.9",",6","7.1",",,,6","","","2.41",",6","10.40",",,,6","-5.58",",,,6","9557",",,,6"
"USC00341445","1947-03","36.06167","-98.59","484.6","CANTON, OK US","1.6","6","1.6",",6","7",",6","3",",6","1",",6","","","","","0",",6","21",",6","1",",6","4",",6","0",",6","","","19470302",",,6","","","","","","","19470312",",,6","19470323",",,6","-9.4",",6,02,","","","","","49.3",",,6,12,","29.4",",6,23,","","","","","372.3",",6","65.6",",,,6","","","6.38",",6","13.35",",,,6","-0.60",",,,6","11383",",,,6"
"USC00341445","1947-04","36.06167","-98.59","484.6","CANTON, OK US","12.4","6","10.8",",6","9",",6","9",",6","4",",6","","","","","0",",6","1",",6","0",",6","14",",6","0",",6","","","19470413",",,6","","","","","","","19470404",",,6","19470430",",,6","0.0",",6,13,","","","","","30.5",",,6,04,","30.0",",6,30,","","","","","155.1",",6","159.0",",,,6","","","13.52",",6","19.86",",,,6","7.19",",,,6","11952",",,,6"
"USC00341445","1947-05","36.06167","-98.59","484.6","CANTON, OK US","49.9","6","37.5",",6","10",",6","8",",6","1",",6","","","","","0",",6","0",",6","0",",6","24",",6","1",",6","","","19470529",",,6","","","","","","","19470511",",,6","19470503",",,6","2.8",",6,29,","","","","","50.8",",,6,11,","33.3",",6,03,","1748.6","2,,,6","","","48.7",",6","152.4",",,,6","","","17.97",",6","24.23",",,,6","11.71",",,,6","9334",",,,6"
"USC00341445","1947-06","36.06167","-98.59","484.6","CANTON, OK US","229.8","6","179.9",",6","8",",6","5",",6","1",",6","","","","","0",",6","0",",6","0",",6","29",",6","13",",6","","","19470614",",,6","","","","","","","19470606",",,6","19470627",",,6","6.1",",6,14,","","","","","40.9",",,6,06,","37.8",",6,27,","2422.7",",,,6","","","5.8",",6","88.7",",,,6","","","24.14",",6","30.90",",,,6","17.37",",,,6","9916",",,,6"
"USC00341445","1947-07","36.06167","-98.59","484.6","CANTON, OK US","","","","","4",",6","3",",6","0",",6","","","","","0","1,6","0","1,6","","","","","","","","","19470719",",1,6","","","","","","","19470721",",,6","","","12.8","1,6,19,","","","","","9.1",",,6,21,","","","2752.2",",,,6","","","","","18.0",",,,6","","","","","","","19.24","1,,,6","7521",",,,6"
"USC00341445","1947-08","36.06167","-98.59","484.6","CANTON, OK US","","","349.0",",6","","","","","","","","","","","0",",6","0",",6","0",",6","31",",6","30",",6","","","19470827",",,6","","","","","","","","","19470810","+,,6","16.7",",6,27,","","","","","","","41.7",",6,10,+","2892.3",",,,6","","","0.0",",6","","","","","29.59",",6","37.44",",,,6","21.74",",,,6","7485",",,,6"
"USC00341445","1947-09","36.06167","-98.59","484.6","CANTON, OK US","","","199.0","1,6","","","","","","","","","","","0","1,6","0","1,6","0","1,6","29","1,6","19","1,6","","","19470915",",1,6","","","","","","","","","19470903",",1,6","6.1","1,6,15,","","","","","","","41.7","1,6,03,","2464.5",",,,6","","","3.0","1,6","","","","","25.09","1,6","33.76","1,,,6","16.42","1,,,6","9238",",,,6"
"USC00341445","1947-10","36.06167","-98.59","484.6","CANTON, OK US","","","101.9",",6","","","","","","","","","","","0",",6","0",",6","0",",6","28",",6","5",",6","","","19471027",",,6","","","","","","","","","19471004",",,6","1.1",",6,27,","","","","","","","36.1",",6,04,","1504.3",",,,6","","","35.5",",6","","","","","20.48",",6","28.61",",,,6","12.35",",,,6","8373",",,,6"
"USC00341445","1947-11","36.06167","-98.59","484.6","CANTON, OK US","","","0.0","1,6","","","","","","","","","","","0","1,6","15","1,6","0",",6","1",",6","0",",6","","","19471111",",1,6","","","","","","","","","19471105",",,6","-7.8","1,6,11,","","","","","","","22.2",",6,05,","","","","","344.2",",6","","","","","6.39","1,6","12.35",",,,6","0.42","1,,,6","8924",",,,6"
"USC00341445","1947-12","36.06167","-98.59","484.6","CANTON, OK US","","","0.0","1,6","","","","","","","","","","","0","1,6","26","1,6","2","1,6","1","1,6","0","1,6","1","","19471231",",1,6","","","","","1","","","","19471228",",1,6","-11.7","1,6,31,","","","","","","","22.2","1,6,28,","","","","","448.7","1,6","","","","","3.38","1,6","9.88","1,,,6","-3.13","1,,,6","8721","1,,,6"
"USC00341445","1948-01","36.06167","-98.59","484.6","CANTON, OK US","0.0","0","0.0","5,0","4",",0","2",",0","0",",0","2",",0","2",",0","0","4,0","22","4,0","7","4,0","0","4,0","0","4,0","","","19480128",",4,0","19480130",",,0","19480130",",,0","","","19480130",",,0","19480108",",4,0","-16.7","4,0,28,","51",",,0,30,","51",",,0,30,","5.1",",,0,30,","20.6","4,0,08,","","","","","487.2","4,0","10.1",",,,0","101",",,,0","-0.28","5,0","7.00","4,,,0","-7.56","4,,,0","13855","2,,,0"
"USC00341445","1948-02","36.06167","-98.59","484.6","CANTON, OK US","0.0","0","0.0","1,0","9",",0","4",",0","0",",0","1","2,0","2",",0","1","1,0","21","1,0","5","1,0","1","1,0","0","1,0","3","","19480209",",1,0","19480209",",2,0","19480205",",,0","","","19480205",",,0","19480218",",1,0","-21.1","1,0,09,","51","2,,0,09,","229",",,0,05,","19.1",",,0,05,","23.9","1,0,18,","","","","","476.3","1,0","45.4",",,,0","280",",,,0","1.32","1,0","7.62","1,,,0","-4.98","1,,,0","9318","1,,,0"
"USC00341445","1948-03","36.06167","-98.59","484.6","CANTON, OK US","0.9","0","0.9","4,0","9","2,0","4","2,0","0","2,0","1",",0","3",",0","1","4,0","13","4,0","4","2,0","9","2,0","0","2,0","","","19480311",",4,0","19480305",",,0","19480311",",,0","2","","19480301",",2,0","19480325",",2,0","-19.4","4,0,11,","25",",,0,05,","28",",,0,11,","16.5","2,,0,01,","26.7","2,0,25,","","","","","322.8","2,0","47.8",",a,,0","96",",,,0","6.47","4,0","13.20","2,,,0","-0.27","4,,,0","16807",",,,0"
"USC00341445","1948-04","36.06167","-98.59","484.6","CANTON, OK US","28.8","0","27.9","3,0","2",",0","1",",0","0",",0","0",",0","0",",0","0","3,0","1","3,0","0","1,0","26","1,0","2","1,0","","","19480401",",3,0","19480430","+,,0","19480430","+,,0","","","19480424",",,0","19480417",",1,0","-2.2","3,0,01,","0",",,0,30,+","0",",,0,30,+","8.4",",,0,24,","33.3","1,0,17,","205.2","5,,,0","","","43.6","1,0","8.7",",,,0","0",",,,0","17.98","3,0","25.92","1,,,0","10.03","3,,,0","16739",",,,0"
"USC00341445","1948-05","36.06167","-98.59","484.6","CANTON, OK US","","","","","6",",0","3",",0","1",",0","0",",0","0",",0","","","","","","","","","","","","","","","19480531","+,,0","19480531","+,,0","4","","19480510",",,0","","","","","0",",,0,31,+","0",",,0,31,+","57.7",",,0,10,","","","","","","","","","84.8",",,,0","0",",,,0","","","","","","","15531","3,,,0"
"USC00341445","1948-06","36.06167","-98.59","484.6","CANTON, OK US","","","187.9","3,0","11",",0","7",",0","1",",0","0",",0","0",",0","0","3,0","0","3,0","0","3,0","27","3,0","15","3,0","","","19480603","+,3,0","19480630","+,,0","19480630","+,,0","8","","19480628",",,0","19480618",",3,0","13.9","3,0,03,+","0",",,0,30,+","0",",,0,30,+","26.7",",,0,28,","40.6","3,0,18,","211.8","3,,,0","","","0.0","3,0","97.6",",,,0","0",",,,0","25.29","3,0","32.21","3,,,0","18.38","3,,,0","13120",",,,0"
"USC00341445","1948-07","36.06167","-98.59","484.6","CANTON, OK US","","","262.5","2,0","9",",0","6",",0","0",",0","0",",0","0",",0","0","2,0","0","2,0","0","2,0","29","2,0","22","2,0","","","19480731",",2,0","19480731","+,,0","19480731","+,,0","9","","19480715",",,0","19480730","+,2,0","15.0","2,0,31,","0",",,0,31,+","0",",,0,31,+","9.1",",,0,15,","38.9","2,0,30,+","262.3","2,,,0","0.0","0","0.0","2,0","41.7",",,,0","0",",,,0","27.39","2,0","34.35","2,,,0","20.42","2,,,0","11975",",,,0"
"USC00341445","1948-08","36.06167","-98.59","484.6","CANTON, OK US","","","190.1","5,0","9","3,0","6","3,0","2","3,0","0","3,0","0","3,0","0","5,0","0","5,0","0","5,0","26","5,0","18","5,0","","","19480805",",5,0","19480831","+,3,0","19480831","+,3,0","7","","19480809",",3,0","19480823",",5,0","11.7","5,0,05,","0","3,,0,31,+","0","3,,0,31,+","54.6","3,,0,09,","38.3","5,0,23,","","","0.0","0","0.0","5,0","142.8","3,,,0","0","3,,,0","25.65","5,0","32.77","5,,,0","18.52","5,,,0","7332","4,,,0"
"USC00341445","1948-09","36.06167","-98.59","484.6","CANTON, OK US","","","","","2",",0","2",",0","0",",0","0",",0","0",",0","","","","","","","","","","","","","","","19480930","+,,0","19480930","+,,0","1","","19480908",",,0","","","","","0",",,0,30,+","0",",,0,30,+","24.1",",,0,08,","","","","","","","","","41.1",",,,0","0",",,,0","","","","","","","14836","2,,,0"
"USC00341445","1948-10","36.06167","-98.59","484.6","CANTON, OK US","","","14.8","4,0","3",",0","2",",0","0",",0","0",",0","0",",0","0","4,0","2","4,0","0","4,0","23","4,0","1","4,0","","","19481018",",4,0","19481031","+,,0","19481031","+,,0","","","19481020",",,0","19481005",",4,0","-1.7","4,0,18,","0",",,0,31,+","0",",,0,31,+","6.6",",,0,20,","32.2","4,0,05,","141.9","4,,,0","","","72.0","4,0","13.7",",,,0","0",",,,0","16.21","4,0","25.51","4,,,0","6.91","4,,,0","14852",",,,0"
"USC00341445","1948-11","36.06167","-98.59","484.6","CANTON, OK US","","","","","5",",0","3",",0","2",",0","1",",0","0",",0","","","","","0","5,0","4","5,0","0","5,0","","","","","19481128",",,0","19481119",",,0","2","","19481101",",,0","19481101",",5,0","","","25",",,0,28,","15",",,0,19,","61.0",",,0,01,","25.0","5,0,01,","","","","","","","99.1",",,,0","28",",,,0","","","14.80","5,,,0","","","15808","2,,,0"
"USC00341445","1948-12","36.06167","-98.59","484.6","CANTON, OK US","","","","","5",",0","1",",0","0",",0","0",",0","0",",0","","","","","","","","","","","","","","","19481201",",,0","19481226","+,,0","","","19481202",",,0","","","","","0",",T,0,01,","0",",T,0,26,+","8.6",",,0,02,","","","","","","","","","14.5",",,,0","0",",T,,0","","","","","","","19501",",,,0"
"USC00341445","1949-01","36.06167","-98.59","484.6","CANTON, OK US","","","","","12",",0","11",",0","0",",0","9","3,0","8",",0","","","","","","","","","","","","","","","19490128",",3,0","19490126",",,0","","","19490111",",,0","","","","","203","3,,0,28,","102",",,0,26,","16.5",",,0,11,","","","","","","","","","80.7",",,,0","456",",,,0","","","","","","","29033",",,,0"
"USC00341445","1949-02","36.06167","-98.59","484.6","CANTON, OK US","","","","","1","5,0","1","5,0","0","5,0","1","1,0","1",",0","","","","","","","","","","","1","","","","19490214",",1,0","19490214",",,0","1","","19490224",",5,0","","","","","25","1,,0,14,","25",",,0,14,","2.5","5,,0,24,","","","","","","","","","47.3",",a,,0","25",",,,0","","","","","","","24053",",,,0"
"USC00341445","1949-03","36.06167","-98.59","484.6","CANTON, OK US","","","","","8",",0","6",",0","1",",0","0",",0","0",",0","","","","","","","","","","","","","","","19490309",",,0","19490310",",,0","","","19490321",",,0","","","","","0",",T,0,09,","3",",,0,10,","27.9",",,0,21,","","","","","","","","","68.9",",,,0","3",",,,0","","","","","","","28002",",,,0"
"USC00341445","1949-04","36.06167","-98.59","484.6","CANTON, OK US","","","","","4",",0","2",",0","0",",0","0",",0","0",",0","","","","","","","","","","","","","","","19490430","+,,0","19490430","+,,0","1","","19490427",",,0","","","","","0",",,0,30,+","0",",,0,30,+","21.1",",,0,27,","","","","","","","","","33.6",",,,0","0",",,,0","","","","","","","23352","1,,,0"
"USC00341445","1949-05","36.06167","-98.59","484.6","CANTON, OK US","","","","","12","3,0","6","3,0","2","3,0","0",",0","0",",0","","","","","","","","","","","","","","","19490531","+,,0","19490531","+,,0","6","","19490519",",3,0","","","","","0",",,0,31,+","0",",,0,31,+","47.5","3,,0,19,","","","","","","","","","162.3",",a,,0","0",",,,0","","","","","","","21541","2,,,0"
"USC00341445","1949-06","36.06167","-98.59","484.6","CANTON, OK US","","","","","9",",0","7",",0","0",",0","0",",0","0",",0","","","","","","","","","","","","","","","19490630","+,,0","19490630","+,,0","4","","19490622",",,0","","","","","0",",,0,30,+","0",",,0,30,+","23.6",",,0,22,","","","","","","","","","66.5",",,,0","0",",,,0","","","","","","","21144",",,,0"
"USC00341445","1949-07","36.06167","-98.59","484.6","CANTON, OK US","","","","","4",",0","3",",0","1",",0","0",",0","0",",0","","","","","","","","","","","","","","","19490731","+,,0","19490731","+,,0","","","19490710",",,0","","","","","0",",,0,31,+","0",",,0,31,+","25.4",",,0,10,","","","","","","","","","35.5",",,,0","0",",,,0","","","","","","","23837",",,,0"
"USC00341445","1949-08","36.06167","-98.59","484.6","CANTON, OK US","","","220.2",",0","6",",0","3",",0","0",",0","0",",0","0",",0","0",",0","0",",0","0",",0","31",",0","21",",0","","","19490821",",,0","19490831","+,,0","19490831","+,,0","","","19490814",",,0","19490814",",,0","12.8",",0,21,","0",",,0,31,+","0",",,0,31,+","22.6",",,0,14,","38.9",",0,14,","238.4","4,,,0","","","0.0",",0","54.3",",,,0","0",",,,0","25.44",",0","33.61",",,,0","17.26",",,,0","6947",",,,0"
"USC00341445","1949-09","36.06167","-98.59","484.6","CANTON, OK US","","","86.3",",0","6",",0","6",",0","0",",0","0",",0","0",",0","0",",0","0",",0","0",",0","28",",0","6",",0","","","19490929",",,0","19490930","+,,0","19490930","+,,0","3","","19490901",",,0","19490913","+,,0","2.2",",0,29,","0",",,0,30,+","0",",,0,30,+","17.8",",,0,01,","36.1",",0,13,+","170.5","1,,,0","","","23.6",",0","49.0",",,,0","0",",,,0","20.42",",0","27.74",",,,0","13.11",",,,0","9209",",,,0"
"USC00341445","1949-10","36.06167","-98.59","484.6","CANTON, OK US","","","41.2",",0","7",",0","5",",0","0",",0","0",",0","0",",0","0",",0","2",",0","0",",0","21",",0","2",",0","","","19491031",",,0","19491031","+,,0","19491031","+,,0","","","19491024",",,0","19491008",",,0","-2.2",",0,31,","0",",,0,31,+","0",",,0,31,+","18.8",",,0,24,","33.3",",0,08,","175.7","1,,,0","","","114.6",",0","50.0",",,,0","0",",,,0","15.96",",0","23.37",",,,0","8.56",",,,0","",""
"USC00341445","1949-11","36.06167","-98.59","484.6","CANTON, OK US","","","1.4","1,0","0",",0","0",",0","0",",0","0",",0","0",",0","0","1,0","8","1,0","0","1,0","14","1,0","0","1,0","","","19491122",",1,0","19491130","+,,0","19491130","+,,0","","","19491112",",,0","19491111",",1,0","-5.0","1,0,22,","0",",,0,30,+","0",",,0,30,+","0.0",",T,0,12,","27.8","1,0,11,","136.5","1,,,0","","","198.3","1,0","0.0",",T,,0","0",",,,0","11.54","1,0","20.14","1,,,0","2.94","1,,,0","7314",",,,0"
"USC00341445","1949-12","36.06167","-98.59","484.6","CANTON, OK US","","","","","3",",0","1",",0","0",",0","0",",0","0",",0","0",",0","24",",0","","","","","","","","","19491213",",,0","19491222",",,0","19491225","+,,0","","","19491221",",,0","","","-12.8",",0,13,","0",",T,0,22,","0",",T,0,25,+","17.8",",,0,21,","","","","","","","","","19.4",",,,0","0",",T,,0","","","","","-3.25",",,,0","6623",",,,0"
"USC00341445","1950-01","36.06167","-98.59","484.6","CANTON, OK US","0.0","0","0.0","2,0","3",",0","1",",0","0",",0","0",",0","0",",0","0","2,0","24","2,0","6","1,0","6","1,0","0","1,0","","","19500105","+,2,0","19500131","+,,0","19500125","+,,0","","","19500113",",,0","19500124",",1,0","-16.7","2,0,05,+","0",",,0,31,+","0",",T,0,25,+","4.6",",,0,13,","26.7","1,0,24,","","","","","467.1","1,0","5.9",",,,0","0",",T,,0","2.25","2,0","10.80","1,,,0","-6.30","2,,,0","7652",",,,0"
"USC00341445","1950-02","36.06167","-98.59","484.6","CANTON, OK US","0.0","0","0.0","3,0","3",",0","2",",0","0",",0","0","1,0","0",",0","0","3,0","18","3,0","0","3,0","6","3,0","0","3,0","3","","19500201",",3,0","19500228","+,1,0","19500228","+,,0","","","19500228",",,0","19500225",",3,0","-12.2","3,0,01,","0","1,,0,28,+","0",",,0,28,+","8.6",",,0,28,","23.9","3,0,25,","","","","","293.0","3,0","17.5",",,,0","0",",,,0","6.61","3,0","15.54","3,,,0","-2.31","3,,,0","5736",",,,0"
"USC00341445","1950-03","36.06167","-98.59","484.6","CANTON, OK US","2.5","0","2.5","4,0","1",",0","0",",0","0",",0","0",",0","0",",0","0","2,0","18","2,0","0","2,0","11","2,0","0","2,0","","","19500308",",2,0","19500331","+,,0","19500302",",,0","","","19500315",",,0","19500325",",2,0","-12.2","2,0,08,","0",",,0,31,+","0",",T,0,02,","0.8",",,0,15,","30.6","2,0,25,","","","","","258.7","2,0","0.8",",,,0","0",",T,,0","8.92","4,0","19.24","2,,,0","-1.40","2,,,0","9137",",,,0"
"USC00341445","1950-04","36.06167","-98.59","484.6","CANTON, OK US","24.5","0","22.0","1,0","4",",0","2",",0","0",",0","0",",0","0",",0","0","1,0","4","1,0","0","1,0","16","1,0","2","1,0","","","19500404",",1,0","19500430","+,,0","19500430","+,,0","","","19500416",",,0","19500422",",1,0","-5.0","1,0,04,","0",",,0,30,+","0",",,0,30,+","12.7",",,0,16,","32.8","1,0,22,","246.9",",,,0","","","128.3","1,0","18.3",",,,0","0",",,,0","14.67","1,0","23.20","1,,,0","6.13","1,,,0","8660","2,,,0"
"USC00341445","1950-05","36.06167","-98.59","484.6","CANTON, OK US","88.1","0","63.6","1,0","10",",0","10",",0","0",",0","0",",0","0",",0","0","1,0","0","1,0","0",",0","27",",0","5",",0","","","19500501",",1,0","19500531","+,,0","19500531","+,,0","","","19500520",",,0","19500503",",,0","3.9","1,0,01,","0",",,0,31,+","0",",,0,31,+","16.8",",,0,20,","36.1",",0,03,","236.3",",,,0","","","35.7",",0","82.1",",,,0","0",",,,0","19.34","1,0","27.13",",,,0","11.54","1,,,0","7154",",,,0"
"USC00341445","1950-06","36.06167","-98.59","484.6","CANTON, OK US","291.7","0","203.6","1,0","4",",0","4",",0","0",",0","0",",0","0",",0","0","1,0","0","1,0","0",",0","30",",0","22",",0","","","19500604",",1,0","19500630","+,,0","19500630","+,,0","","","19500611",",,0","19500626",",,0","7.8","1,0,04,","0",",,0,30,+","0",",,0,30,+","13.0",",,0,11,","40.6",",0,26,","325.8",",,,0","","","3.3",",0","29.5",",,,0","0",",,,0","25.27","1,0","33.31",",,,0","17.23","1,,,0","6817","2,,,0"
"USC00341445","1950-07","36.06167","-98.59","484.6","CANTON, OK US","481.1","0","189.4",",0","11",",0","11",",0","3",",0","0",",0","0",",0","0",",0","0",",0","0",",0","31",",0","10",",0","","","19500714",",,0","19500731","+,,0","19500731","+,,0","","","19500704",",,0","19500701",",,0","11.7",",0,14,","0",",,0,31,+","0",",,0,31,+","40.6",",,0,04,","36.1",",0,01,","217.3","1,,,0","0.0","0","0.0",",0","209.3",",,,0","0",",,,0","24.44",",0","30.79",",,,0","18.10",",,,0","4065",",,,0"
"USC00341445","1950-08","36.06167","-98.59","484.6","CANTON, OK US","655.5","0","174.4","1,0","12",",0","8",",0","2",",0","0",",0","0",",0","0","1,0","0","1,0","0",",0","31",",0","14",",0","","","19500821","+,1,0","19500831","+,,0","19500831","+,,0","","","19500801",",,0","19500813","+,,0","10.0","1,0,21,+","0",",,0,31,+","0",",,0,31,+","81.5",",,0,01,","36.7",",0,13,+","","","1.1","0","1.1",",0","164.8",",,,0","0",",,,0","24.16","1,0","31.17",",,,0","17.14","1,,,0","3621",",,,0"
"USC00341445","1950-09","36.06167","-98.59","484.6","CANTON, OK US","723.7","0","68.2","3,0","8",",0","7",",0","0",",0","0",",0","0",",0","0","3,0","0","3,0","0",",0","30",",0","2",",0","","","19500908","+,3,0","19500930","+,,0","19500930","+,,0","","","19500917",",,0","19500920",",,0","9.4","3,0,08,+","0",",,0,30,+","0",",,0,30,+","22.9",",,0,17,","33.3",",0,20,","","","9.0","0","7.9",",0","62.6",",,,0","0",",,,0","20.66","3,0","27.25",",,,0","14.06","3,,,0","3216",",,,0"
"USC00341445","1950-10","36.06167","-98.59","484.6","CANTON, OK US","","","","","0",",0","0",",0","0",",0","0",",0","0",",0","","","","","0","1,0","29","1,0","7","1,0","","","","","19501031","+,,0","19501031","+,,0","","","19501003",",,0","19501029",",1,0","","","0",",,0,31,+","0",",,0,31,+","0.0",",T,0,03,","35.0","1,0,29,","184.9",",,,0","","","","","0.0",",T,,0","0",",,,0","","","28.61","1,,,0","","","4124",",,,0"
"USC00341445","1950-11","36.06167","-98.59","484.6","CANTON, OK US","","","2.8","1,0","1",",0","1",",0","0",",0","0",",0","0",",0","0","1,0","17","1,0","0","1,0","6","1,0","0","1,0","","","19501124",",1,0","19501130","+,,0","19501130","+,,0","","","19501103",",,0","19501101",",1,0","-15.0","1,0,24,","0",",,0,30,+","0",",,0,30,+","14.0",",,0,03,","28.9","1,0,01,","","","","","312.3","1,0","14.0",",,,0","0",",,,0","7.66","1,0","16.71","1,,,0","-1.40","1,,,0","4841",",,,0"
"USC00341445","1950-12","36.06167","-98.59","484.6","CANTON, OK US","","","0.0",",0","0",",0","0",",0","0",",0","0",",0","0",",0","1",",0","29",",0","3",",0","4",",0","0",",0","","","19501207",",,0","19501231","+,,0","19501231","+,,0","","","19501230","+,,0","19501225",",,0","-17.8",",0,07,","0",",,0,31,+","0",",,0,31,+","0.0",",T,0,30,+","24.4",",0,25,","","","","","465.7",",0","0.0",",T,,0","0",",,,0","3.31",",0","12.77",",,,0","-6.15",",,,0","3940",",,,0"
"USC00341445","1951-01","36.06167","-98.59","484.6","CANTON, OK US","","","","","3",",0","2",",0","0",",0","0",",0","0",",0","","","","","4",",0","5",",0","0",",0","","","","","19510131",",,0","19510131",",,0","","","19510114",",,0","19510119",",,0","","","0",",T,0,31,","0",",T,0,31,","11.2",",,0,14,","22.8",",0,19,","","","","","","","18.6",",,,0","0",",T,,0","","","10.79",",,,0","","","7199",",,,0"
"USC00341445","1951-02","36.06167","-98.59","484.6","CANTON, OK US","","","0.0","2,0","6",",0","3",",0","0",",0","0","4,0","0","1,0","1","2,0","13","2,0","4",",0","6",",0","0",",0","","","19510201",",2,0","19510201",",4,0","19510215","+,1,0","","","19510220",",,0","19510211",",,0","-21.7","2,0,01,","0","4,T,0,01,","0","1,T,0,15,+","13.5",",,0,20,","25.6",",0,11,","","","","","328.9",",0","26.0",",,,0","0","1,T,,0","5.94","2,0","13.95",",,,0","-2.07","2,,,0","",""
"USC00341445","1951-03","36.06167","-98.59","484.6","CANTON, OK US","","","0.8","3,0","4",",0","4",",0","0",",0","0",",0","0",",0","0","3,0","19","3,0","0",",0","11",",0","0",",0","","","19510313",",3,0","19510331","+,,0","19510331","+,,0","","","19510311",",,0","19510322",",,0","-7.8","3,0,13,","0",",,0,31,+","0",",,0,31,+","13.2",",,0,11,","30.6",",0,22,","","","","","283.9",",0","30.6",",,,0","0",",,,0","8.37","3,0","17.52",",,,0","-0.77","3,,,0","",""
"USC00341445","1951-04","36.06167","-98.59","484.6","CANTON, OK US","","","27.2","2,0","6",",0","3",",0","0",",0","0",",0","0",",0","0","2,0","8","2,0","0",",0","17",",0","2",",0","","","19510402",",2,0","19510430","+,,0","19510430","+,,0","","","19510406",",,0","19510428","+,,0","-2.2","2,0,02,","0",",,0,30,+","0",",,0,30,+","7.1",",,0,06,","32.2",",0,28,+","","","","","162.2",",0","22.1",",,,0","0",",,,0","13.73","2,0","21.79",",,,0","5.67","2,,,0","",""
"USC00341445","1951-05","36.06167","-98.59","484.6","CANTON, OK US","","","50.3","2,0","11",",0","8",",0","3",",0","0",",0","0",",0","0","2,0","0","2,0","0",",0","29",",0","2",",0","","","19510511",",2,0","19510531","+,,0","19510531","+,,0","","","19510517",",,0","19510531","+,,0","5.6","2,0,11,","0",",,0,31,+","0",",,0,31,+","78.7",",,0,17,","33.9",",0,31,+","","","","","19.7",",0","188.4",",,,0","0",",,,0","19.40","2,0","26.36",",,,0","12.44","2,,,0","5978",",,,0"
"USC00341445","1951-06","36.06167","-98.59","484.6","CANTON, OK US","","","159.1",",0","13",",0","11",",0","1",",0","0",",0","0",",0","0",",0","0",",0","0",",0","29",",0","12",",0","","","19510602",",,0","19510630","+,,0","19510630","+,,0","","","19510615",",,0","19510627",",,0","5.0",",0,02,","0",",,0,30,+","0",",,0,30,+","30.2",",,0,15,","34.4",",0,27,","234.6",",,,0","","","9.7",",0","137.2",",,,0","0",",,,0","23.31",",0","30.04",",,,0","16.59",",,,0","4550",",,,0"
"USC00341445","1951-07","36.06167","-98.59","484.6","CANTON, OK US","","","291.7","1,0","5",",0","2",",0","0",",0","0",",0","0",",0","0","1,0","0","1,0","0",",0","31",",0","27",",0","","","19510701",",1,0","19510731","+,,0","19510731","+,,0","","","19510701",",,0","19510721",",,0","11.7","1,0,01,","0",",,0,31,+","0",",,0,31,+","10.2",",,0,01,","40.0",",0,21,","301.8",",,,0","0.5","0","0.5",",0","15.7",",,,0","0",",,,0","28.02","1,0","34.93",",,,0","21.11","1,,,0","5101",",,,0"
"USC00341445","1951-08","36.06167","-98.59","484.6","CANTON, OK US","","","339.1","1,0","6",",0","3",",0","0",",0","0",",0","0",",0","0","1,0","0","1,0","0",",0","31",",0","29",",0","","","19510822","+,1,0","19510831","+,,0","19510831","+,,0","","","19510811",",,0","19510807","+,,0","17.8","1,0,22,+","0",",,0,31,+","0",",,0,31,+","12.2",",,0,11,","42.8",",0,07,+","332.0",",,,0","0.5","0","0.0",",0","22.5",",,,0","0",",,,0","29.61","1,0","37.64",",,,0","21.59","1,,,0","4725",",,,0"
"USC00341445","1951-09","36.06167","-98.59","484.6","CANTON, OK US","","","129.7",",0","7",",0","5",",0","1",",0","0",",0","0",",0","0",",0","0",",0","0",",0","28",",0","10",",0","","","19510922",",,0","19510930","+,,0","19510930","+,,0","","","19510912",",,0","19510904",",,0","4.4",",0,22,","0",",,0,30,+","0",",,0,30,+","27.2",",,0,12,","38.9",",0,04,","209.7","1,,,0","18.6","0","18.1",",0","66.8",",,,0","0",",,,0","22.06",",0","30.16",",,,0","13.95",",,,0","5194",",,,0"
"USC00341445","1951-10","36.06167","-98.59","484.6","CANTON, OK US","","","39.7",",0","9",",0","4",",0","0",",0","0",",0","0",",0","0",",0","1",",0","0",",0","22",",0","4",",0","","","19511031",",,0","19511031","+,,0","19511031","+,,0","","","19511027",",,0","19511003",",,0","-0.6",",0,31,","0",",,0,31,+","0",",,0,31,+","15.7",",,0,27,","36.1",",0,03,","169.8",",,,0","116.2","0","97.6",",0","62.5",",,,0","0",",,,0","16.47",",0","24.37",",,,0","8.56",",,,0","5356",",,,0"
"USC00341445","1951-11","36.06167","-98.59","484.6","CANTON, OK US","","","0.0","3,0","5",",0","3",",0","0",",0","0","2,0","0","2,0","0","3,0","17","3,0","1","1,0","2","1,0","0","1,0","","","19511106",",3,0","19511130","+,2,0","19511106",",2,0","","","19511125",",,0","19511113",",1,0","-9.4","3,0,06,","0","2,,0,30,+","0","2,T,0,06,","25.1",",,0,25,","23.3","1,0,13,","","","456.4","0","340.2","1,0","41.7",",,,0","0","2,T,,0","5.94","3,0","13.09","1,,,0","-1.21","3,,,0","",""
"USC00341445","1951-12","36.06167","-98.59","484.6","CANTON, OK US","","","","","2",",0","0",",0","0",",0","1","2,0","0",",0","0","5,0","20","5,0","2","3,0","4","3,0","0","3,0","","","19511221",",5,0","19511208",",2,0","19511208",",,0","","","19511208",",,0","19511229",",3,0","-17.2","5,0,21,","25","2,,0,08,","10",",,0,08,","1.0",",,0,08,","25.0","3,0,29,","","","","","","","1.5",",,,0","15",",,,0","3.44","7,0","10.85","3,,,0","-3.97","5,,,0","",""
"USC00341445","1952-01","36.06167","-98.59","484.6","CANTON, OK US","0.0","0","0.0","3,0","3",",0","3",",0","0",",0","0","3,0","0","4,0","0","3,0","17","3,0","2","1,0","6","1,0","0","1,0","","","19520123",",3,0","19520131","+,3,0","19520131","+,4,0","","","19520102",",,0","19520125",",1,0","-11.1","3,0,23,","0","3,,0,31,+","0","4,,0,31,+","11.7",",,0,02,","25.0","1,0,25,","","","","","350.0","1,0","18.0",",,,0","0","4,,,0","6.07","3,0","13.70","1,,,0","-1.56","3,,,0","",""
"USC00341445","1952-02","36.06167","-98.59","484.6","CANTON, OK US","0.0","0","0.0","1,0","5",",0","1",",0","0",",0","0","3,0","0","2,0","0",",0","14",",0","0","1,0","4","1,0","0","1,0","","","19520226","+,,0","19520229","+,3,0","19520229","+,2,0","","","19520225",",,0","19520228","+,1,0","-6.7",",0,26,+","0","3,,0,29,+","0","2,,0,29,+","8.4",",,0,25,","22.2","1,0,28,+","","","","","304.7","1,0","10.1",",,,0","0","2,,,0","7.44","1,0","14.92","1,,,0","-0.03",",,,0","",""
"USC00341445","1952-03","36.06167","-98.59","484.6","CANTON, OK US","2.0","0","2.0",",0","6",",0","4",",0","1",",0","0","1,0","0","1,0","0",",0","16",",0","1",",0","7",",0","0",",0","","","19520304",",,0","19520331","+,1,0","19520331","+,1,0","","","19520310",",,0","19520331",",,0","-9.4",",0,04,","0","1,,0,31,+","0","1,,0,31,+","29.0",",,0,10,","27.8",",0,31,","","","","","318.5",",0","44.6",",,,0","0","1,,,0","8.12",",0","15.47",",,,0","0.78",",,,0","8045",",,,0"
"USC00341445","1952-04","36.06167","-98.59","484.6","CANTON, OK US","10.1","0","8.1","1,0","10",",0","6",",0","1",",0","0",",0","0",",0","0",",0","3",",0","0","1,0","18","1,0","1","1,0","","","19520410",",,0","19520430","+,,0","19520430","+,,0","","","19520422",",,0","19520407",",1,0","-2.8",",0,10,","0",",,0,30,+","0",",,0,30,+","33.3",",,0,22,","32.2","1,0,07,","","","","","138.6","1,0","69.1",",,,0","0",",,,0","13.76","1,0","21.38","1,,,0","6.15",",,,0","6350",",,,0"
"USC00341445","1952-05","36.06167","-98.59","484.6","CANTON, OK US","96.5","0","86.4","1,0","8",",0","5",",0","0",",0","0",",0","0",",0","0","1,0","0","1,0","0","1,0","27","1,0","8","1,0","","","19520511",",1,0","19520531","+,,0","19520531","+,,0","","","19520518",",,0","19520515",",1,0","1.7","1,0,11,","0",",,0,31,+","0",",,0,31,+","8.9",",,0,18,","34.4","1,0,15,","254.1",",,,0","","","28.3","1,0","33.3",",,,0","0",",,,0","20.27","1,0","27.80","1,,,0","12.74","1,,,0","5431",",,,0"
"USC00341445","1952-06","36.06167","-98.59","484.6","CANTON, OK US","403.7","0","307.2",",0","4",",0","2",",0","0",",0","0",",0","0",",0","0",",0","0",",0","0",",0","30",",0","27",",0","","","19520622",",,0","19520630","+,,0","19520630","+,,0","","","19520605",",,0","19520618",",,0","15.6",",0,22,","0",",,0,30,+","0",",,0,30,+","9.4",",,0,05,","40.0",",0,18,","403.4",",,,0","","","0.0",",0","16.3",",,,0","0",",,,0","28.57",",0","35.83",",,,0","21.32",",,,0","6984",",,,0"
"USC00341445","1952-07","36.06167","-98.59","484.6","CANTON, OK US","715.4","0","311.7",",0","3",",0","1",",0","0",",0","0",",0","0",",0","0",",0","0",",0","0",",0","31",",0","29",",0","","","19520709",",,0","19520731","+,,0","19520731","+,,0","","","19520703",",,0","19520726",",,0","10.6",",0,09,","0",",,0,31,+","0",",,0,31,+","6.6",",,0,03,","41.1",",0,26,","393.7",",,,0","0.0","0","0.0",",0","7.7",",,,0","0",",,,0","28.39",",0","36.62",",,,0","20.16",",,,0","5387",",,,0"
"USC00341445","1952-09","36.06167","-98.59","484.6","CANTON, OK US","","","161.9",",0","2",",0","1",",0","0",",0","0",",0","0",",0","0",",0","0",",0","0",",0","30",",0","22",",0","","","19520923",",,0","19520930","+,,0","19520930","+,,0","","","19520922",",,0","19520918","+,,0","7.2",",0,23,","0",",,0,30,+","0",",,0,30,+","2.8",",,0,22,","38.3",",0,18,+","289.2",",,,0","","","3.6",",0","4.3",",,,0","0",",,,0","23.61",",0","32.61",",,,0","14.61",",,,0","3653",",,,0"
"USC00341445","1952-10","36.06167","-98.59","484.6","CANTON, OK US","","","33.9",",0","0",",0","0",",0","0",",0","0",",0","0",",0","0",",0","2",",0","0",",0","23",",0","5",",0","","","19521007",",,0","19521031","+,,0","19521031","+,,0","","","19521022","+,,0","19521001",",,0","-3.3",",0,07,","0",",,0,31,+","0",",,0,31,+","0.0",",T,0,22,+","35.6",",0,01,","215.8","4,,,0","","","103.5",",0","0.0",",T,,0","0",",,,0","16.09",",0","25.51",",,,0","6.67",",,,0","4662",",,,0"
"USC00341445","1952-11","36.06167","-98.59","484.6","CANTON, OK US","","","6.5",",0","5",",0","3",",0","0",",0","3",",0","1",",0","0",",0","12",",0","2",",0","13",",0","0",",0","","","19521130",",,0","19521127","+,,0","19521126",",,0","","","19521124",",,0","19521101",",,0","-9.4",",0,30,","51",",,0,27,+","76",",,0,26,","19.1",",,0,24,","29.4",",0,01,","","","","","284.9",",0","41.2",",,,0","76",",,,0","9.05",",0","16.44",",,,0","1.66",",,,0","5613","1,,,0"
"USC00341445","1952-12","36.06167","-98.59","484.6","CANTON, OK US","","","0.0",",0","4",",0","1",",0","0",",0","1",",0","1",",0","0",",0","25",",0","0",",0","0",",0","0",",0","","","19521225",",,0","19521225",",,0","19521225",",,0","","","19521219",",,0","19521205",",,0","-13.3",",0,25,","25",",,0,25,","38",",,0,25,","22.9",",,0,19,","19.4",",0,05,","","","","","447.4",",0","25.4",",,,0","38",",,,0","3.90",",0","10.29",",,,0","-2.49",",,,0","5522","2,,,0"
"USC00341445","1953-01","36.06167","-98.59","484.6","CANTON, OK US","0.0","0","0.0",",0","1",",0","0",",0","0",",0","0",",0","0",",0","0",",0","18",",0","1",",0","3",",0","0",",0","","","19530116",",,0","19530123","+,,0","19530123",",,0","","","19530123",",,0","19530125",",,0","-13.3",",0,16,","0",",T,0,23,+","3",",,0,23,","0.5",",,0,23,","25.0",",0,25,","","","","","360.1",",0","0.5",",,,0","3",",,,0","6.72",",0","15.25",",,,0","-1.81",",,,0","6663",",,,0"
"USC00341445","1953-02","36.06167","-98.59","484.6","CANTON, OK US","0.0","0","0.0",",0","5",",0","4",",0","0",",0","1",",0","1",",0","0",",0","17",",0","0",",0","4",",0","0",",0","","","19530221",",,0","19530224",",,0","19530224",",,0","","","19530211",",,0","19530204",",,0","-11.7",",0,21,","51",",,0,24,","76",",,0,24,","5.6",",,0,11,","22.8",",0,04,","","","","","306.1",",0","16.4",",,,0","76",",,,0","7.40",",0","15.04",",,,0","-0.23",",,,0","7044",",,,0"
"USC00341445","1953-03","36.06167","-98.59","484.6","CANTON, OK US","9.0","0","9.0",",0","9",",0","3",",0","1",",0","0",",0","0",",0","0",",0","4",",0","0",",0","8",",0","0",",0","","","19530304",",,0","19530331","+,,0","19530304",",,0","","","19530301",",,0","19530320",",,0","-3.3",",0,04,","0",",,0,31,+","0",",T,0,04,","25.9",",,0,01,","31.7",",0,20,","159.6","3,,,0","","","188.8",",0","48.5",",,,0","0",",T,,0","12.53",",0","19.83",",,,0","5.23",",,,0","7321",",,,0"
"USC00341445","1953-04","36.06167","-98.59","484.6","CANTON, OK US","29.8","0","20.8",",0","6",",0","3",",0","1",",0","0",",0","0",",0","0",",0","5",",0","0",",0","16",",0","2",",0","","","19530420",",,0","19530430","+,,0","19530419","+,,0","","","19530405",",,0","19530423","+,,0","-2.2",",0,20,","0",",,0,30,+","0",",T,0,19,+","30.2",",,0,05,","34.4",",0,23,+","205.0","3,,,0","","","134.5",",0","51.9",",,,0","0",",T,,0","14.54",",0","22.19",",,,0","6.89",",,,0","8096",",,,0"
"USC00341445","1953-05","36.06167","-98.59","484.6","CANTON, OK US","155.6","0","125.8",",0","7",",0","3",",0","0",",0","0",",0","0",",0","0",",0","0",",0","0",",0","25",",0","13",",0","","","19530514","+,,0","19530531","+,,0","19530531","+,,0","","","19530516",",,0","19530531",",,0","2.8",",0,14,+","0",",,0,31,+","0",",,0,31,+","22.6",",,0,16,","38.3",",0,31,","272.4",",,,0","","","60.7",",0","59.5",",,,0","0",",,,0","20.43",",0","27.96",",,,0","12.91",",,,0","6715",",,,0"
"USC00341445","1953-06","36.06167","-98.59","484.6","CANTON, OK US","508.3","0","352.7",",0","7",",0","5",",0","0",",0","0",",0","0",",0","0",",0","0",",0","0",",0","30",",0","28",",0","","","19530607","+,,0","19530630","+,,0","19530607","+,,0","","","19530607",",,0","19530615",",,0","14.4",",0,07,+","0",",,0,30,+","0",",T,0,07,+","23.6",",,0,07,","43.3",",0,15,","433.7",",,,0","","","0.0",",0","55.0",",,,0","0",",T,,0","30.09",",0","37.89",",,,0","22.29",",,,0","6513",",,,0"
"USC00341445","1953-07","36.06167","-98.59","484.6","CANTON, OK US","751.7","0","243.4",",0","14",",0","8",",0","2",",0","0",",0","0",",0","0",",0","0",",0","0",",0","31",",0","19",",0","","","19530713",",,0","19530731","+,,0","19530731","+,,0","","","19530712",",,0","19530706",",,0","11.1",",0,13,","0",",,0,31,+","0",",,0,31,+","56.4",",,0,12,","38.9",",0,06,","240.2","1,,,0","0.0","0","0.0",",0","144.8",",,,0","0",",,,0","26.19",",0","32.69",",,,0","19.68",",,,0","3762",",,,0"
"USC00341445","1953-08","36.06167","-98.59","484.6","CANTON, OK US","992.3","0","240.6",",0","9",",0","5",",0","0",",0","0",",0","0",",0","0",",0","0",",0","0",",0","31",",0","21",",0","","","19530822","+,,0","19530831","+,,0","19530831","+,,0","","","19530805",",,0","19530810",",,0","13.3",",0,22,+","0",",,0,31,+","0",",,0,31,+","12.4",",,0,05,","38.3",",0,10,","247.1",",,,0","0.0","0","0.0",",0","52.6",",,,0","0",",,,0","26.10",",0","33.46",",,,0","18.73",",,,0","2924","2,,,0"
"USC00341445","1953-09","36.06167","-98.59","484.6","CANTON, OK US","1183.7","0","191.4",",0","3",",0","2",",0","0",",0","0",",0","0",",0","0",",0","0",",0","0",",0","30",",0","24",",0","","","19530922",",,0","19530930","+,,0","19530930","+,,0","","","19530904",",,0","19530928",",,0","8.9",",0,22,","0",",,0,30,+","0",",,0,30,+","20.6",",,0,04,","40.6",",0,28,","269.9","2,,,0","1.1","0","1.1",",0","25.2",",,,0","0",",,,0","24.68",",0","34.17",",,,0","15.18",",,,0","4287",",,,0"
"USC00341445","1953-10","36.06167","-98.59","484.6","CANTON, OK US","1228.3","0","44.6",",0","7",",0","4",",0","1",",0","0",",0","0",",0","0",",0","1",",0","0",",0","25",",0","3",",0","","","19531027",",,0","19531031","+,,0","19531031","+,,0","","","19531004",",,0","19531001",",,0","-1.1",",0,27,","0",",,0,31,+","0",",,0,31,+","56.6",",,0,04,","35.0",",0,01,","139.3","1,,,0","66.0","0","64.9",",0","106.3",",,,0","0",",,,0","17.68",",0","25.09",",,,0","10.27",",,,0","3950",",,,0"
"USC00341445","1953-11","36.06167","-98.59","484.6","CANTON, OK US","1228.3","0","0.0","1,0","5",",0","2",",0","1",",0","1",",0","1",",0","0","1,0","7","1,0","0","1,0","7","1,0","0","1,0","","","19531122",",1,0","19531122",",,0","19531122",",,0","","","19531119",",,0","19531103","+,1,0","-7.8","1,0,22,","76",",,0,22,","64",",,0,22,","36.8",",,0,19,","22.2","1,0,03,+","73.5","4,,,0","315.4","0","249.4","1,0","43.2",",,,0","64",",,,0","9.73","1,0","16.36","1,,,0","3.10","1,,,0","3911","1,,,0"
"USC00341445","1953-12","36.06167","-98.59","484.6","CANTON, OK US","1228.3","0","0.0",",0","3",",0","2",",0","1",",0","0",",0","0",",0","0",",0","22",",0","0",",0","0",",0","0",",0","","","19531223",",,0","19531231","+,,0","19531222",",,0","","","19531203",",,0","19531201",",,0","-12.8",",0,23,","0",",,0,31,+","0",",T,0,22,","40.6",",,0,03,","17.8",",0,01,","","","744.1","0","428.7",",0","47.2",",,,0","0",",T,,0","4.50",",0","10.91",",,,0","-1.90",",,,0","6325",",,,0"
"USC00341445","1954-01","36.06167","-98.59","484.6","CANTON, OK US","0.0","0","0.0",",0","2",",0","0",",0","0",",0","3",",0","2",",0","0",",0","25",",0","3",",0","1",",0","0",",0","","","19540121",",,0","19540122","+,,0","19540121",",,0","","","19540121",",,0","19540108",",,0","-17.2",",0,21,","25",",,0,22,+","38",",,0,21,","1.3",",,0,21,","21.7",",0,08,","","","1213.4","0","469.3",",0","1.8",",,,0","63",",,,0","3.20",",0","11.24",",,,0","-4.85",",,,0","6576",",,,0"
"USC00341445","1954-02","36.06167","-98.59","484.6","CANTON, OK US","2.2","0","2.2",",0","0",",0","0",",0","0",",0","0",",0","0",",0","0",",0","11",",0","0",",0","18",",0","0",",0","","","19540207",",,0","19540228","+,,0","19540220",",,0","","","19540220",",,0","19540215","+,,0","-8.9",",0,07,","0",",,0,28,+","0",",T,0,20,","0.0",",T,0,20,","27.2",",0,15,+","130.9","4,,,0","1415.3","0","201.9",",0","0.0",",T,,0","0",",T,,0","11.20",",0","20.42",",,,0","1.98",",,,0","5898",",,,0"
"USC00341445","1954-03","36.06167","-98.59","484.6","CANTON, OK US","3.0","0","0.8",",0","3",",0","0",",0","0",",0","1",",0","1",",0","0",",0","16",",0","0",",0","9",",0","0",",0","","","19540314",",,0","19540305",",,0","19540305",",,0","","","19540324",",,0","19540324",",,0","-11.7",",0,14,","25",",,0,05,","25",",,0,05,","1.3",",,0,24,","30.0",",0,24,","","","1719.2","0","303.9",",0","3.3",",,,0","25",",,,0","8.56",",0","17.21",",,,0","-0.09",",,,0","7238",",,,0"
"USC00341445","1954-04","36.06167","-98.59","484.6","CANTON, OK US","76.6","0","73.6",",0","8",",0","4",",0","2",",0","0",",0","0",",0","0",",0","1",",0","0",",0","26",",0","5",",0","","","19540401",",,0","19540430","+,,0","19540430","+,,0","","","19540430",",,0","19540407","+,,0","-3.9",",0,01,","0",",,0,30,+","0",",T,0,30,+","66.0",",,0,30,","36.1",",0,07,+","215.6","4,,,0","1771.9","0","52.7",",0","121.5",",,,0","0",",T,,0","19.03",",0","26.64",",,,0","11.42",",,,0","7460","1,,,0"
"USC00341445","1954-05","36.06167","-98.59","484.6","CANTON, OK US","121.3","0","44.7",",0","17",",0","10",",0","1",",0","0",",0","0",",0","0",",0","1",",0","0",",0","21",",0","0",",0","","","19540503",",,0","19540531","+,,0","19540531","+,,0","","","19540524",",,0","19540530",",,0","-1.1",",0,03,","0",",,0,31,+","0",",,0,31,+","74.9",",,0,24,","30.0",",0,30,","155.4","2,,,0","1850.9","0","79.0",",0","139.0",",,,0","0",",,,0","17.23",",0","23.31",",,,0","11.14",",,,0","5095",",,,0"
"USC00341445","1954-06","36.06167","-98.59","484.6","CANTON, OK US","360.3","0","239.0",",0","2",",0","2",",0","0",",0","0",",0","0",",0","0",",0","0",",0","0",",0","30",",0","21",",0","","","19540604",",,0","19540630","+,,0","19540615",",,0","","","19540615",",,0","19540623",",,0","7.2",",0,04,","0",",,0,30,+","0",",T,0,15,","24.9",",,0,15,","37.8",",0,23,","330.7",",,,0","1852.8","0","1.9",",0","33.0",",,,0","0",",T,,0","26.24",",0","33.09",",,,0","19.38",",,,0","5918","1,,,0"
"USC00341445","1954-07","36.06167","-98.59","484.6","CANTON, OK US","780.5","0","420.2",",0","0",",0","0",",0","0",",0","0",",0","0",",0","0",",0","0",",0","0",",0","31",",0","31",",0","","","19540731","+,,0","19540731","+,,0","19540731","+,,0","","","19540708","+,,0","19540714",",,0","20.6",",0,31,+","0",",,0,31,+","0",",,0,31,+","0.0",",T,0,08,+","43.9",",0,14,","422.2","1,,,0","0.0","0","0.0",",0","0.0",",T,,0","0",",,,0","31.89",",0","39.87",",,,0","23.90",",,,0","4812","1,,,0"
"USC00341445","1954-08","36.06167","-98.59","484.6","CANTON, OK US","1145.1","0","364.6","1,0","4",",0","1",",0","0",",0","0",",0","0",",0","0","1,0","0","1,0","0",",0","31",",0","31",",0","","","19540809",",1,0","19540831","+,,0","19540801",",,0","","","19540802",",,0","19540806",",,0","14.4","1,0,09,","0",",,0,31,+","0",",T,0,01,","17.5",",,0,02,","41.1",",0,06,","407.7","1,,,0","0.0","0","0.0",",0","21.1",",,,0","0",",T,,0","30.50","1,0","38.18",",,,0","22.81","1,,,0","6425",",,,0"
"USC00341445","1954-09","36.06167","-98.59","484.6","CANTON, OK US","1398.8","0","253.7","1,0","2","1,0","0","1,0","0","1,0","0","1,0","0","1,0","0","1,0","0","1,0","0","1,0","29","1,0","26","1,0","","","19540922",",1,0","19540930","+,1,0","19540930","+,1,0","","","19540909",",1,0","19540903",",1,0","8.3","1,0,22,","0","1,,0,30,+","0","1,,0,30,+","1.3","1,,0,09,","39.4","1,0,03,","339.7","1,,,0","0.0","0","0.0","1,0","1.8","1,,,0","0","1,,,0","27.08","1,0","35.11","1,,,0","19.05","1,,,0","4978","1,,,0"
"USC00341445","1954-10","36.06167","-98.59","484.6","CANTON, OK US","1493.2","0","94.4",",0","3",",0","2",",0","1",",0","0",",0","0",",0","0",",0","2",",0","0",",0","23",",0","6",",0","","","19541030",",,0","19541031","+,,0","19541031","+,,0","","","19541006",",,0","19541004",",,0","-1.7",",0,30,","0",",,0,31,+","0",",,0,31,+","44.2",",,0,06,","36.1",",0,04,","174.1","2,,,0","77.0","0","77.0",",0","52.9",",,,0","0",",,,0","18.90",",0","26.31",",,,0","11.48",",,,0","6319",",,,0"
"USC00341445","1954-11","36.06167","-98.59","484.6","CANTON, OK US","1493.2","0","0.0",",0","0",",0","0",",0","0",",0","0",",0","0",",0","0",",0","9",",0","0",",0","16",",0","0",",0","","","19541102",",,0","19541130","+,,0","19541130","+,,0","","","19541128","+,,0","19541108",",,0","-5.6",",0,02,","0",",,0,30,+","0",",,0,30,+","0.0",",T,0,28,+","27.2",",0,08,","","","282.9","0","205.9",",0","0.0",",T,,0","0",",,,0","11.47",",0","20.11",",,,0","2.83",",,,0","5129",",,,0"
"USC00341445","1954-12","36.06167","-98.59","484.6","CANTON, OK US","1493.2","0","0.0",",0","3",",0","2",",0","0",",0","1",",0","1",",0","0",",0","23",",0","0",",0","7",",0","0",",0","","","19541213",",,0","19541229",",,0","19541229",",,0","","","19541229",",,0","19541204",",,0","-12.8",",0,13,","25",",,0,29,","38",",,0,29,","2.8",",,0,29,","22.8",",0,04,","","","668.6","0","385.7",",0","6.8",",,,0","38",",,,0","5.89",",0","14.09",",,,0","-2.31",",,,0","6713","1,,,0"
"USC00341445","1955-01","36.06167","-98.59","484.6","CANTON, OK US","0.0","0","0.0",",0","4",",0","2",",0","0",",0","3",",0","1",",0","0",",0","25",",0","1",",0","0",",0","0",",0","","","19550113",",,0","19550118",",,0","19550118",",,0","","","19550118",",,0","19550101",",,0","-11.7",",0,13,","51",",,0,18,","64",",,0,18,","19.1",",,0,18,","19.4",",0,01,","","","1114.8","0","446.2",",0","24.2",",,,0","64",",,,0","3.94",",0","10.25",",,,0","-2.36",",,,0","6700",",,,0"
"USC00341445","1955-02","36.06167","-98.59","484.6","CANTON, OK US","0.0","0","0.0",",0","2",",0","1",",0","1",",0","0",",0","0",",0","0",",0","21",",0","0",",0","2",",0","0",",0","","","19550211",",,0","19550228","+,,0","19550224","+,,0","","","19550204",",,0","19550228",",,0","-13.3",",0,11,","0",",,0,28,+","0",",T,0,24,+","39.4",",,0,04,","23.9",",0,28,","","","1499.0","0","384.2",",0","41.4",",,,0","0",",T,,0","4.61",",0","12.52",",,,0","-3.29",",,,0","6301",",,,0"
"USC00341445","1955-03","36.06167","-98.59","484.6","CANTON, OK US","7.8","0","7.8",",0","2",",0","1",",0","0",",0","1",",0","1",",0","0",",0","11",",0","0",",0","16",",0","0",",0","","","19550326",",,0","19550322",",,0","19550322",",,0","","","19550322",",,0","19550310",",,0","-12.8",",0,26,","25",",,0,22,","51",",,0,22,","5.1",",,0,22,","31.1",",0,10,","","","1736.3","0","237.3",",0","5.6",",,,0","61",",,,0","10.93",",0","20.23",",,,0","1.63",",,,0","8667",",,,0"
"USC00341445","1955-04","36.06167","-98.59","484.6","CANTON, OK US","81.7","0","73.9",",0","6",",0","3",",0","0",",0","0",",0","0",",0","0",",0","1",",0","0",",0","25",",0","8",",0","","","19550407",",,0","19550430","+,,0","19550430","+,,0","","","19550410",",,0","19550422",",,0","0.0",",0,07,","0",",,0,30,+","0",",,0,30,+","11.9",",,0,10,","36.1",",0,22,","286.4","1,,,0","1795.4","0","59.1",",0","23.9",",,,0","0",",,,0","18.83",",0","27.10",",,,0","10.55",",,,0","7661","1,,,0"
"USC00341445","1955-05","36.06167","-98.59","484.6","CANTON, OK US","165.3","0","83.6",",0","15",",0","12",",0","3",",0","0",",0","0",",0","0",",0","0",",0","0",",0","29",",0","6",",0","","","19550521",",,0","19550531","+,,0","19550525","+,,0","","","19550519",",,0","19550506",",,0","7.2",",0,21,","0",",,0,31,+","0",",T,0,25,+","138.7",",,0,19,","35.0",",0,06,","241.0","2,,,0","1802.1","0","6.7",",0","337.1",",,,0","0",",T,,0","20.81",",0","27.85",",,,0","13.78",",,,0","4912","3,,,0"
"USC00341445","1955-06","36.06167","-98.59","484.6","CANTON, OK US","312.1","0","146.8",",0","13",",0","6",",0","3",",0","0",",0","0",",0","0",",0","0",",0","0",",0","30",",0","7",",0","","","19550611",",,0","19550630","+,,0","19550617","+,,0","","","19550618",",,0","19550630","+,,0","8.9",",0,11,","0",",,0,30,+","0",",T,0,17,+","60.2",",,0,18,","33.9",",0,30,+","206.1","1,,,0","1809.6","0","7.5",",0","149.3",",,,0","0",",T,,0","22.98",",0","29.35",",,,0","16.61",",,,0","4582",",,,0"
"USC00341445","1955-07","36.06167","-98.59","484.6","CANTON, OK US","610.6","0","298.5",",0","5",",0","5",",0","0",",0","0",",0","0",",0","0",",0","0",",0","0",",0","31",",0","27",",0","","","19550717",",,0","19550731","+,,0","19550731","+,,0","","","19550705",",,0","19550731",",,0","15.6",",0,17,","0",",,0,31,+","0",",,0,31,+","25.1",",,0,05,","37.8",",0,31,","296.2","1,,,0","0.0","0","0.0",",0","57.9",",,,0","0",",,,0","27.96",",0","34.67",",,,0","21.25",",,,0","4663",",,,0"
"USC00341445","1955-08","36.06167","-98.59","484.6","CANTON, OK US","899.1","0","288.5",",0","4",",0","2",",0","0",",0","0",",0","0",",0","0",",0","0",",0","0",",0","31",",0","30",",0","","","19550831",",,0","19550831","+,,0","19550830",",,0","","","19550830",",,0","19550824",",,0","12.2",",0,31,","0",",,0,31,+","0",",T,0,30,","7.6",",,0,30,","39.4",",0,24,","293.5",",,,0","0.0","0","0.0",",0","11.2",",,,0","0",",T,,0","27.64",",0","35.62",",,,0","19.66",",,,0","3755",",,,0"
"USC00341445","1955-09","36.06167","-98.59","484.6","CANTON, OK US","1069.4","0","170.3",",0","9",",0","4",",0","1",",0","0",",0","0",",0","0",",0","0",",0","0",",0","29",",0","15",",0","","","19550926",",,0","19550930","+,,0","19550930","+,,0","","","19550926",",,0","19550920","+,,0","10.0",",0,26,","0",",,0,30,+","0",",,0,30,+","28.7",",,0,26,","36.1",",0,20,+","245.9",",,,0","4.4","0","4.4",",0","73.4",",,,0","0",",,,0","23.86",",0","31.05",",,,0","16.67",",,,0","5787",",,,0"
"USC00341445","1955-10","36.06167","-98.59","484.6","CANTON, OK US","1099.0","0","29.6",",0","3",",0","2",",0","1",",0","0",",0","0",",0","0",",0","1",",0","0",",0","27",",0","0",",0","","","19551024",",,0","19551031","+,,0","19551031","+,,0","","","19551003",",,0","19551020",",,0","-0.6",",0,24,","0",",,0,31,+","0",",,0,31,+","42.9",",,0,03,","30.6",",0,20,","189.9",",,,0","64.7","0","60.3",",0","68.8",",,,0","0",",,,0","17.35",",0","25.25",",,,0","9.44",",,,0","6228",",,,0"
"USC00341445","1955-11","36.06167","-98.59","484.6","CANTON, OK US","1099.0","0","0.0",",0","0",",0","0",",0","0",",0","0",",0","0",",0","0",",0","14",",0","0",",0","12",",0","0",",0","","","19551129",",,0","19551130","+,,0","19551108","+,,0","","","19551108","+,,0","19551101",",,0","-12.8",",0,29,","0",",,0,30,+","0",",T,0,08,+","0.0",",T,0,08,+","26.1",",0,01,","","","364.2","0","299.5",",0","0.0",",T,,0","0",",T,,0","8.35",",0","17.03",",,,0","-0.33",",,,0","6391",",,,0"
"USC00341445","1955-12","36.06167","-98.59","484.6","CANTON, OK US","1099.0","0","0.0",",0","1",",0","0",",0","0",",0","0",",0","0",",0","0",",0","27",",0","0",",0","3",",0","0",",0","","","19551209",",,0","19551201",",,0","19551201",",,0","","","19551201",",,0","19551224",",,0","-13.9",",0,09,","0",",T,0,01,","5",",,0,01,","0.3",",,0,01,","31.7",",0,24,","","","824.1","0","459.9",",0","0.3",",,,0","5",",,,0","3.50",",0","12.01",",,,0","-5.02",",,,0","6306",",,,0"
"USC00341445","1956-01","36.06167","-98.59","484.6","CANTON, OK US","0.0","0","0.0",",0","7",",0","1",",0","0",",0","0",",0","1",",0","0",",0","25",",0","4",",0","3",",0","0",",0","","","19560119",",,0","19560131","+,,0","19560123",",,0","","","19560123",",,0","19560106","+,,0","-15.6",",0,19,","0",",T,0,31,+","25",",,0,23,","3.3",",,0,23,","22.8",",0,06,+","","","1321.6","0","497.5",",0","8.7",",,,0","51",",,,0","2.28",",0","9.87",",,,0","-5.30",",,,0","5403",",,,0"
"USC00341445","1956-02","36.06167","-98.59","484.6","CANTON, OK US","0.0","0","0.0",",0","7",",0","3",",0","0",",0","7",",0","1",",0","0",",0","21",",0","4",",0","5",",0","0",",0","","","19560202",",,0","19560205",",,0","19560205",",,0","","","19560205",",,0","19560224",",,0","-12.8",",0,02,","203",",,0,05,","203",",,0,05,","19.6",",,0,05,","27.2",",0,24,","","","1727.4","0","405.8",",0","32.6",",,,0","226",",,,0","4.34",",0","11.03",",,,0","-2.35",",,,0","6605",",,,0"
"USC00341445","1956-03","36.06167","-98.59","484.6","CANTON, OK US","16.7","0","16.7",",0","6",",0","1",",0","0",",0","0",",0","0",",0","0",",0","14",",0","0",",0","15",",0","0",",0","","","19560312",",,0","19560308","+,,0","19560321","+,,0","","","19560321",",,0","19560326","+,,0","-11.7",",0,12,","0",",T,0,08,+","0",",T,0,21,+","11.9",",,0,21,","31.7",",0,26,+","","","1978.1","0","250.7",",0","16.5",",,,0","0",",T,,0","10.78",",0","19.88",",,,0","1.68",",,,0","8145",",,,0"
"USC00341445","1956-04","36.06167","-98.59","484.6","CANTON, OK US","42.6","0","25.9",",0","4",",0","1",",0","0",",0","0",",0","0",",0","0",",0","4",",0","0",",0","19",",0","3",",0","","","19560411","+,,0","19560430","+,,0","19560430","+,,0","","","19560409",",,0","19560427",",,0","-1.1",",0,11,+","0",",,0,30,+","0",",,0,30,+","6.1",",,0,09,","34.4",",0,27,","242.7","2,,,0","2118.5","0","140.4",",0","9.0",",,,0","0",",,,0","14.52",",0","23.18",",,,0","5.85",",,,0","7395",",,,0"
"USC00341445","1956-05","36.06167","-98.59","484.6","CANTON, OK US","194.8","0","152.2",",0","8",",0","7",",0","0",",0","0",",0","0",",0","0",",0","0",",0","0",",0","30",",0","18",",0","","","19560516","+,,0","19560531","+,,0","19560531","+,,0","","","19560526",",,0","19560518",",,0","7.2",",0,16,+","0",",,0,31,+","0",",,0,31,+","23.6",",,0,26,","37.8",",0,18,","295.8","4,,,0","2124.4","0","5.9",",0","81.9",",,,0","0",",,,0","23.05",",0","31.29",",,,0","14.82",",,,0","6960",",,,0"
"USC00341445","1956-06","36.06167","-98.59","484.6","CANTON, OK US","447.3","0","252.5",",0","5",",0","3",",0","0",",0","0",",0","0",",0","0",",0","0",",0","0",",0","30",",0","22",",0","","","19560601",",,0","19560630","+,,0","19560630","+,,0","","","19560605",",,0","19560630","+,,0","10.6",",0,01,","0",",,0,30,+","0",",,0,30,+","11.7",",,0,05,","39.4",",0,30,+","304.2","1,,,0","2124.9","0","0.5",",0","25.9",",,,0","0",",,,0","26.73",",0","34.46",",,,0","19.00",",,,0","5409",",,,0"
"USC00341445","1956-07","36.06167","-98.59","484.6","CANTON, OK US","785.0","0","337.7",",0","10",",0","6",",0","0",",0","0",",0","0",",0","0",",0","0",",0","0",",0","31",",0","29",",0","","","19560710","+,,0","19560731","+,,0","19560731","+,,0","","","19560723",",,0","19560701",",,0","16.7",",0,10,+","0",",,0,31,+","0",",,0,31,+","12.2",",,0,23,","40.6",",0,01,","385.3",",,,0","0.0","0","0.0",",0","35.5",",,,0","0",",,,0","29.23",",0","37.08",",,,0","21.38",",,,0","5576",",,,0"
"USC00341445","1956-08","36.06167","-98.59","484.6","CANTON, OK US","1157.1","0","372.1",",0","4",",0","4",",0","0",",0","0",",0","0",",0","0",",0","0",",0","0",",0","31",",0","29",",0","","","19560821",",,0","19560831","+,,0","19560831","+,,0","","","19560810",",,0","19560816","+,,0","11.7",",0,21,","0",",,0,31,+","0",",,0,31,+","7.4",",,0,10,","42.2",",0,16,+","449.4",",,,0","0.0","0","0.0",",0","20.9",",,,0","0",",,,0","30.34",",0","38.93",",,,0","21.74",",,,0","6253",",,,0"
"USC00341445","1956-09","36.06167","-98.59","484.6","CANTON, OK US","1377.1","0","220.0",",0","1",",0","1",",0","0",",0","0",",0","0",",0","0",",0","0",",0","0",",0","30",",0","24",",0","","","19560908",",,0","19560930","+,,0","19560930","+,,0","","","19560906",",,0","19560916",",,0","7.2",",0,08,","0",",,0,30,+","0",",,0,30,+","5.3",",,0,06,","38.9",",0,16,","392.1",",,,0","0.8","0","0.8",",0","5.3",",,,0","0",",,,0","25.64",",0","34.72",",,,0","16.55",",,,0","6203",",,,0"
"USC00341445","1956-10","36.06167","-98.59","484.6","CANTON, OK US","1445.9","0","68.8",",0","4",",0","2",",0","0",",0","0",",0","0",",0","0",",0","0",",0","0",",0","29",",0","8",",0","","","19561031","+,,0","19561031","+,,0","19561031","+,,0","","","19561030",",,0","19561009","+,,0","2.2",",0,31,+","0",",,0,31,+","0",",,0,31,+","20.3",",,0,30,","35.0",",0,09,+","240.2",",,,0","41.2","0","40.4",",0","36.5",",,,0","0",",,,0","19.25",",0","27.23",",,,0","11.27",",,,0","5915",",,,0"
"USC00341445","1956-11","36.06167","-98.59","484.6","CANTON, OK US","1446.2","0","0.3",",0","1",",0","1",",0","0",",0","0",",0","0",",0","0",",0","15",",0","0",",0","7",",0","0",",0","","","19561129",",,0","19561130","+,,0","19561120",",,0","","","19561105",",,0","19561111",",,0","-11.7",",0,29,","0",",,0,30,+","0",",T,0,20,","13.0",",,0,05,","28.3",",0,11,","","","324.2","0","283.0",",0","13.0",",,,0","0",",T,,0","8.91",",0","16.96",",,,0","0.86",",,,0","6616","2,,,0"
"USC00341445","1956-12","36.06167","-98.59","484.6","CANTON, OK US","1446.2","0","0.0","1,0","3",",0","3",",0","0",",0","0",",0","1",",0","0",",0","21",",0","2","1,0","4","1,0","0","1,0","","","19561213",",,0","19561224","+,,0","19561208",",,0","","","19561220",",,0","19561230",",1,0","-10.6",",0,13,","0",",T,0,24,+","25",",,0,08,","8.9",",,0,20,","24.4","1,0,30,","","","688.3","0","364.1","1,0","14.4",",,,0","28",",,,0","6.21","1,0","13.56","1,,,0","-1.15",",,,0","6841",",,,0"
"USC00341445","1957-01","36.06167","-98.59","484.6","CANTON, OK US","0.0","0","0.0",",0","8",",0","2",",0","0",",0","1",",0","1",",0","0",",0","27",",0","8",",0","0",",0","0",",0","","","19570110",",,0","19570131",",,0","19570131",",,0","","","19570104",",,0","19570122","+,,0","-15.0",",0,10,","25",",,0,31,","28",",,0,31,","7.4",",,0,04,","18.3",",0,22,+","","","1251.9","0","563.6",",0","16.7",",,,0","28",",,,0","0.15",",0","6.10",",,,0","-5.80",",,,0","7644",",,,0"
"USC00341445","1957-02","36.06167","-98.59","484.6","CANTON, OK US","0.0","0","0.0",",0","7",",0","4",",0","0",",0","0",",0","0",",0","0",",0","12",",0","1",",0","4",",0","0",",0","","","19570222",",,0","19570224","+,,0","19570224","+,,0","","","19570207",",,0","19570208",",,0","-8.3",",0,22,","0",",T,0,24,+","0",",T,0,24,+","9.4",",,0,07,","22.2",",0,08,","","","1570.0","0","318.1",",0","28.7",",,,0","0",",T,,0","6.97",",0","12.99",",,,0","0.95",",,,0","5249",",,,0"
"USC00341445","1957-03","36.06167","-98.59","484.6","CANTON, OK US","0.0","0","0.0",",0","11",",0","9",",0","1",",0","1",",0","2",",0","0",",0","11",",0","1",",0","6",",0","0",",0","","","19570308","+,,0","19570325",",,0","19570325",",,0","","","19570321",",,0","19570313",",,0","-6.1",",0,08,+","51",",,0,25,","76",",,0,25,","26.7",",,0,21,","26.7",",0,13,","","","1879.6","0","309.6",",0","106.0",",,,0","127",",,,0","8.35",",0","14.60",",,,0","2.09",",,,0","7321",",,,0"
"USC00341445","1957-04","36.06167","-98.59","484.6","CANTON, OK US","9.5","0","9.5",",0","12",",0","8",",0","2",",0","0",",0","0",",0","0",",0","4",",0","0",",0","13",",0","0",",0","","","19570413",",,0","19570412",",,0","19570412","+,,0","","","19570419",",,0","19570425",",,0","-6.1",",0,13,","0",",T,0,12,","0",",T,0,12,+","27.9",",,0,19,","27.8",",0,25,","123.4","3,,,0","2037.5","0","157.9",",0","135.4",",,,0","0",",T,,0","13.39",",0","19.45",",,,0","7.32",",,,0","6883",",,,0"
"USC00341445","1957-05","36.06167","-98.59","484.6","CANTON, OK US","49.2","0","39.7",",0","15",",0","13",",0","3",",0","0",",0","0",",0","0",",0","0",",0","0",",0","24",",0","0",",0","","","19570505",",,0","19570531","+,,0","19570531","+,,0","","","19570516",",,0","19570530","+,,0","4.4",",0,05,","0",",,0,31,+","0",",,0,31,+","154.2",",,0,16,","29.4",",0,30,+","152.6","3,,,0","2080.9","0","43.4",",0","314.8",",,,0","0",",,,0","18.21",",0","24.28",",,,0","12.15",",,,0","4555",",,,0"
"USC00341445","1957-06","36.06167","-98.59","484.6","CANTON, OK US","196.5","0","147.3",",0","14",",0","12",",0","3",",0","0",",0","0",",0","0",",0","0",",0","0",",0","27",",0","4",",0","","","19570624",",,0","19570630","+,,0","19570630","+,,0","","","19570618",",,0","19570630","+,,0","12.2",",0,24,","0",",,0,30,+","0",",,0,30,+","38.4",",,0,18,","35.0",",0,30,+","220.4","1,,,0","2085.3","0","4.4",",0","184.5",",,,0","0",",,,0","23.09",",0","29.69",",,,0","16.50",",,,0","4627",",,,0"
"USC00341445","1957-07","36.06167","-98.59","484.6","CANTON, OK US","512.2","0","315.7",",0","2",",0","1",",0","1",",0","0",",0","0",",0","0",",0","0",",0","0",",0","31",",0","28",",0","","","19570706",",,0","19570731","+,,0","19570731","+,,0","","","19570722",",,0","19570728","+,,0","17.2",",0,06,","0",",,0,31,+","0",",,0,31,+","82.6",",,0,22,","38.3",",0,28,+","296.5","1,,,0","0.0","0","0.0",",0","83.1",",,,0","0",",,,0","28.52",",0","35.76",",,,0","21.27",",,,0","3595",",,,0"
"USC00341445","1957-08","36.06167","-98.59","484.6","CANTON, OK US","789.9","0","277.7",",0","1",",0","0",",0","0",",0","0",",0","0",",0","0",",0","0",",0","0",",0","31",",0","28",",0","","","19570819",",,0","19570831","+,,0","19570831","+,,0","","","19570826",",,0","19570814",",,0","13.9",",0,19,","0",",,0,31,+","0",",,0,31,+","1.5",",,0,26,","38.3",",0,14,","296.8","1,,,0","0.0","0","0.0",",0","1.5",",,,0","0",",,,0","27.29",",0","35.42",",,,0","19.16",",,,0","3534",",,,0"
"USC00341445","1957-09","36.06167","-98.59","484.6","CANTON, OK US","854.1","0","64.2",",0","7",",0","7",",0","2",",0","0",",0","0",",0","0",",0","0",",0","0",",0","30",",0","6",",0","","","19570908",",,0","19570930","+,,0","19570930","+,,0","","","19570914",",,0","19570903",",,0","5.6",",0,08,","0",",,0,30,+","0",",,0,30,+","84.1",",,0,14,","36.7",",0,03,","174.8","3,,,0","15.3","0","15.3",",0","165.4",",,,0","0",",,,0","19.97",",0","28.03",",,,0","11.90",",,,0","3307","2,,,0"
"USC00341445","1957-10","36.06167","-98.59","484.6","CANTON, OK US","871.3","0","17.2",",0","12",",0","4",",0","0",",0","0",",0","0",",0","0",",0","4",",0","0",",0","14",",0","1",",0","","","19571027",",,0","19571031","+,,0","19571026","+,,0","","","19571013",",,0","19571001",",,0","-7.8",",0,27,","0",",,0,31,+","0",",T,0,26,+","23.9",",,0,13,","32.8",",0,01,","105.5","4,,,0","174.5","0","159.2",",0","62.8",",,,0","0",",T,,0","13.75",",0","20.66",",,,0","6.84",",,,0","4583",",,,0"
"USC00341445","1957-11","36.06167","-98.59","484.6","CANTON, OK US","871.3","0","0.0",",0","10",",0","6",",0","0",",0","0",",0","0",",0","0",",0","14",",0","0",",0","4",",0","0",",0","","","19571123",",,0","19571130","+,,0","19571130","+,,0","","","19571106",",,0","19571101",",,0","-10.6",",0,23,","0",",,0,30,+","0",",,0,30,+","7.9",",,0,06,","27.8",",0,01,","","","502.0","0","327.5",",0","30.3",",,,0","0",",,,0","7.42",",0","14.15",",,,0","0.69",",,,0","5133",",,,0"
"USC00341445","1957-12","36.06167","-98.59","484.6","CANTON, OK US","871.3","0","0.0",",0","3",",0","1",",0","0",",0","0",",0","0",",0","0",",0","22",",0","0",",0","3",",0","0",",0","","","19571211",",,0","19571231","+,,0","19571231","+,,0","","","19571225",",,0","19571209",",,0","-13.3",",0,11,","0",",,0,31,+","0",",,0,31,+","6.1",",,0,25,","22.2",",0,09,","","","841.5","0","339.5",",0","6.9",",,,0","0",",,,0","7.38",",0","15.58",",,,0","-0.82",",,,0","6516","1,,,0"
"USC00341445","1958-01","36.06167","-98.59","484.6","CANTON, OK US","0.0","0","0.0",",0","5",",0","4",",0","0",",0","0","1,0","0","1,0","0",",0","26",",0","1",",0","0",",0","0",",0","","","19580108",",,0","19580131","+,1,0","19580131","+,1,0","","","19580115",",,0","19580109",",,0","-11.1",",0,08,","0","1,,0,31,+","0","1,,0,31,+","8.6",",,0,15,","18.3",",0,09,","","","1271.5","0","430.0",",0","24.6",",,,0","0","1,,,0","4.46",",0","11.65",",,,0","-2.73",",,,0","",""
"USC00341445","1958-02","36.06167","-98.59","484.6","CANTON, OK US","0.0","0","0.0",",0","4",",0","1",",0","0",",0","0","3,0","0","3,0","0",",0","20",",0","6",",0","4",",0","0",",0","","","19580213",",,0","19580228","+,3,0","19580228","+,3,0","","","19580210",",,0","19580225","+,,0","-15.0",",0,13,","0","3,,0,28,+","0","3,,0,28,+","4.3",",,0,10,","21.7",",0,25,+","","","1723.8","0","452.3",",0","5.8",",,,0","0","3,,,0","2.18",",0","8.63",",,,0","-4.27",",,,0","6209",",,,0"
"USC00341445","1958-03","36.06167","-98.59","484.6","CANTON, OK US","0.0","0","0.0",",0","11",",0","7",",0","0",",0","0","5,0","0","5,0","0",",0","20",",0","0",",0","0",",0","0",",0","","","19580303",",,0","19580331","+,5,0","19580331","+,5,0","","","19580307",",,0","19580321",",,0","-8.3",",0,03,","0","5,,0,31,+","0","5,,0,31,+","21.6",",,0,07,","19.4",",0,21,","","","2160.4","0","436.6",",0","64.7",",,,0","0","5,,,0","4.25",",0","9.46",",,,0","-0.97",",,,0","5628",",,,0"
"USC00341445","1958-04","36.06167","-98.59","484.6","CANTON, OK US","5.9","0","5.9",",0","11",",0","8",",0","0",",0","0",",0","0",",0","0",",0","1",",0","0",",0","16",",0","2",",0","","","19580407",",,0","19580430","+,,0","19580430","+,,0","","","19580409",",,0","19580423",",,0","0.0",",0,07,","0",",,0,30,+","0",",,0,30,+","18.8",",,0,09,","32.8",",0,23,","163.5","2,,,0","2309.3","0","148.9",",0","58.8",",,,0","0",",,,0","13.57",",0","20.25",",,,0","6.88",",,,0","6126",",,,0"
"USC00341445","1958-05","36.06167","-98.59","484.6","CANTON, OK US","112.1","0","106.2",",0","9",",0","4",",0","1",",0","0",",0","0",",0","0",",0","0",",0","0",",0","27",",0","10",",0","","","19580510","+,,0","19580531","+,,0","19580531","+,,0","","","19580530",",,0","19580531","+,,0","5.6",",0,10,+","0",",,0,31,+","0",",,0,31,+","44.2",",,0,30,","35.0",",0,31,+","210.5","1,,,0","2332.3","0","23.0",",0","82.1",",,,0","0",",,,0","21.01",",0","28.22",",,,0","13.81",",,,0","4084",",,,0"
"USC00341445","1958-06","36.06167","-98.59","484.6","CANTON, OK US","344.0","0","231.9",",0","9",",0","5",",0","2",",0","0",",0","0",",0","0",",0","0",",0","0",",0","30",",0","22",",0","","","19580626",",,0","19580630","+,,0","19580630","+,,0","","","19580621",",,0","19580609",",,0","7.8",",0,26,","0",",,0,30,+","0",",,0,30,+","71.1",",,0,21,","41.1",",0,09,","273.2","2,,,0","2334.2","0","1.9",",0","178.1",",,,0","0",",,,0","26.00",",0","33.76",",,,0","18.24",",,,0","4852",",,,0"
"USC00341445","1958-07","36.06167","-98.59","484.6","CANTON, OK US","610.8","0","266.8","1,0","10",",0","8",",0","0",",0","0",",0","0",",0","0","1,0","0","1,0","0",",0","31",",0","27",",0","","","19580708",",1,0","19580731","+,,0","19580731","+,,0","","","19580726",",,0","19580719",",,0","12.8","1,0,08,","0",",,0,31,+","0",",,0,31,+","24.6",",,0,26,","37.8",",0,19,","282.0","1,,,0","0.0","0","0.0",",0","71.7",",,,0","0",",,,0","27.18","1,0","34.16",",,,0","20.21","1,,,0","4742",",,,0"
"USC00341445","1958-08","36.06167","-98.59","484.6","CANTON, OK US","883.1","0","272.3",",0","9",",0","4",",0","2",",0","0",",0","0",",0","0",",0","0",",0","0",",0","31",",0","27",",0","","","19580825",",,0","19580831","+,,0","19580831","+,,0","","","19580821",",,0","19580827",",,0","13.3",",0,25,","0",",,0,31,+","0",",,0,31,+","46.0",",,0,21,","38.9",",0,27,","245.2","2,,,0","0.0","0","0.0",",0","95.6",",,,0","0",",,,0","27.12",",0","34.91",",,,0","19.32",",,,0","2865","2,,,0"
"USC00341445","1958-09","36.06167","-98.59","484.6","CANTON, OK US","1008.6","0","125.5","5,0","9",",0","3",",0","2",",0","0",",0","0",",0","0","5,0","0","5,0","0",",0","30",",0","9",",0","","","19580928",",5,0","19580930","+,,0","19580930","+,,0","","","19580916",",,0","19580902",",,0","6.7","5,0,28,","0",",,0,30,+","0",",,0,30,+","39.9",",,0,16,","36.7",",0,02,","183.4","2,,,0","7.8","0","7.8",",0","85.0",",,,0","0",",,,0","23.22","5,0","29.79",",,,0","16.64","5,,,0","3980",",,,0"
"USC00341445","1958-10","36.06167","-98.59","484.6","CANTON, OK US","1063.9","0","55.3",",0","3",",0","1",",0","0",",0","0",",0","0",",0","0",",0","1",",0","0",",0","21",",0","3",",0","","","19581001",",,0","19581031","+,,0","19581031","+,,0","","","19581012",",,0","19581008",",,0","0.0",",0,01,","0",",,0,31,+","0",",,0,31,+","5.1",",,0,12,","33.9",",0,08,","165.4",",,,0","89.7","0","81.9",",0","6.4",",,,0","0",",,,0","17.47",",0","24.69",",,,0","10.25",",,,0","3876","2,,,0"
"USC00341445","1958-11","36.06167","-98.59","484.6","CANTON, OK US","1067.3","0","3.4",",0","6",",0","1",",0","1",",0","0",",0","0",",0","0",",0","7",",0","0",",0","17",",0","0",",0","","","19581128",",,0","19581130","+,,0","19581128",",,0","","","19581117",",,0","19581111",",,0","-8.9",",0,28,","0",",,0,30,+","0",",T,0,28,","28.2",",,0,17,","25.6",",0,11,","","","307.9","0","218.2",",0","31.3",",,,0","0",",T,,0","11.18",",0","18.96",",,,0","3.39",",,,0","4297","2,,,0"
"USC00341445","1958-12","36.06167","-98.59","484.6","CANTON, OK US","1067.3","0","0.0",",0","3",",0","3",",0","0",",0","0","5,0","0","3,0","0",",0","23",",0","5",",0","0",",0","0",",0","","","19581213",",,0","19581231","+,5,0","19581231","+,3,0","","","19581231",",,0","19581203",",,0","-13.9",",0,13,","0","5,,0,31,+","0","3,,0,31,+","4.6",",,0,31,","20.6",",0,03,","","","765.2","0","457.3",",0","9.9",",,,0","0","3,,,0","3.58",",0","10.85",",,,0","-3.69",",,,0","5669",",,,0"
"USC00341445","1959-01","36.06167","-98.59","484.6","CANTON, OK US","0.0","0","0.0",",0","1",",0","1",",0","0",",0","0","4,0","0",",0","3",",0","26",",0","4",",0","0",",0","0",",0","","","19590104",",,0","19590131","+,4,0","19590104","+,,0","","","19590115",",,0","19590113",",,0","-22.8",",0,04,","0","4,,0,31,+","0",",T,0,04,+","2.5",",,0,15,","20.0",",0,13,","","","1286.9","0","521.7",",0","2.5",",,,0","0",",T,,0","1.50",",0","8.47",",,,0","-5.46",",,,0","",""
"USC00341445","1959-02","36.06167","-98.59","484.6","CANTON, OK US","0.0","0","0.0",",0","4",",0","2",",0","0",",0","0","2,0","0","1,0","0",",0","21",",0","2",",0","2",",0","0",",0","","","19590201",",,0","19590228","+,2,0","19590228","+,1,0","","","19590201",",,0","19590217","+,,0","-13.9",",0,01,","0","2,,0,28,+","0","1,,0,28,+","3.6",",,0,01,","25.0",",0,17,+","","","1670.7","0","383.8",",0","7.4",",,,0","0","1,,,0","4.63",",0","12.25",",,,0","-3.00",",,,0","",""
"USC00341445","1959-03","36.06167","-98.59","484.6","CANTON, OK US","5.6","0","5.6",",0","5",",0","3",",0","1",",0","0",",0","0",",0","0",",0","13",",0","0",",0","11",",0","0",",0","","","19590306",",,0","19590331","+,,0","19590306","+,,0","","","19590321",",,0","19590324",",,0","-6.1",",0,06,","0",",,0,31,+","0",",T,0,06,+","29.5",",,0,21,","31.1",",0,24,","","","1926.2","0","255.5",",0","55.3",",,,0","0",",T,,0","10.27",",0","18.35",",,,0","2.19",",,,0","8204",",,,0"
"USC00341445","1959-04","36.06167","-98.59","484.6","CANTON, OK US","31.1","0","25.5",",0","9",",0","2",",0","1",",0","0",",0","0",",0","0",",0","6",",0","0",",0","20",",0","2",",0","","","19590413",",,0","19590430","+,,0","19590430","+,,0","","","19590408",",,0","19590430",",,0","-2.8",",0,13,","0",",,0,30,+","0",",,0,30,+","48.3",",,0,08,","33.3",",0,30,","201.0","2,,,0","2054.6","0","128.4",",0","61.6",",,,0","0",",,,0","14.90",",0","22.70",",,,0","7.11",",,,0","7049",",,,0"
"USC00341445","1959-05","36.06167","-98.59","484.6","CANTON, OK US","132.8","0","101.7","1,0","13",",0","7",",0","4",",0","0",",0","0",",0","0","1,0","0","1,0","0",",0","28",",0","4",",0","","","19590507",",1,0","19590531","+,,0","19590531","+,,0","","","19590505",",,0","19590518",",,0","7.8","1,0,07,","0",",,0,31,+","0",",,0,31,+","55.9",",,0,05,","37.8",",0,18,","217.5","2,,,0","2074.1","0","19.5",",0","197.2",",,,0","0",",,,0","21.14","1,0","27.53",",,,0","14.76","1,,,0","4406","4,,,0"
"USC00341445","1959-06","36.06167","-98.59","484.6","CANTON, OK US","336.8","0","204.0",",0","8",",0","6",",0","0",",0","0",",0","0",",0","0",",0","0",",0","0",",0","30",",0","14",",0","","","19590609","+,,0","19590630","+,,0","19590630","+,,0","","","19590624",",,0","19590621",",,0","14.4",",0,09,+","0",",,0,30,+","0",",,0,30,+","11.2",",,0,24,","40.0",",0,21,","225.6",",,,0","2074.1","0","0.0",",0","39.9",",,,0","0",",,,0","25.13",",0","31.97",",,,0","18.30",",,,0","2463","3,,,0"
"USC00341445","1959-07","36.06167","-98.59","484.6","CANTON, OK US","559.8","0","223.0",",0","10",",0","7",",0","3",",0","0",",0","0",",0","0",",0","0",",0","0",",0","31",",0","17",",0","","","19590710",",,0","19590731","+,,0","19590731","+,,0","","","19590727",",,0","19590704",",,0","12.8",",0,10,","0",",,0,31,+","0",",,0,31,+","46.5",",,0,27,","36.7",",0,04,","182.6","4,,,0","0.0","0","0.0",",0","172.8",",,,0","0",",,,0","25.53",",0","31.98",",,,0","19.07",",,,0","1550","2,,,0"
"USC00341445","1959-08","36.06167","-98.59","484.6","CANTON, OK US","841.2","0","281.4",",0","4",",0","4",",0","1",",0","0",",0","0",",0","0",",0","0",",0","0",",0","31",",0","28",",0","","","19590809",",,0","19590831","+,,0","19590831","+,,0","","","19590807",",,0","19590829",",,0","15.6",",0,09,","0",",,0,31,+","0",",,0,31,+","62.2",",,0,07,","38.9",",0,29,","240.8","2,,,0","0.0","0","0.0",",0","87.0",",,,0","0",",,,0","27.41",",0","34.42",",,,0","20.40",",,,0","2629",",,,0"
"USC00341445","1959-09","36.06167","-98.59","484.6","CANTON, OK US","985.5","0","144.3",",0","8",",0","5",",0","3",",0","0",",0","0",",0","0",",0","0",",0","0",",0","29",",0","12",",0","","","19590912","+,,0","19590930","+,,0","19590930","+,,0","","","19590925",",,0","19590901",",,0","6.1",",0,12,+","0",",,0,30,+","0",",,0,30,+","95.5",",,0,25,","36.7",",0,01,","192.8","3,,,0","13.4","0","13.4",",0","277.2",",,,0","0",",,,0","22.70",",0","30.30",",,,0","15.09",",,,0","2802","2,,,0"
"USC00341445","1959-10","36.06167","-98.59","484.6","CANTON, OK US","988.6","0","3.1",",0","10",",0","8",",0","2",",0","0",",0","0",",0","0",",0","2",",0","0",",0","20",",0","0",",0","","","19591018",",,0","19591031","+,,0","19591031","+,,0","","","19591002",",,0","19591025",",,0","-1.7",",0,18,","0",",,0,31,+","0",",,0,31,+","95.8",",,0,02,","28.9",",0,25,","123.1","4,,,0","131.8","0","118.4",",0","169.6",",,,0","0",",,,0","14.61",",0","21.85",",,,0","7.38",",,,0","3412",",,,0"
"USC00341445","1959-11","36.06167","-98.59","484.6","CANTON, OK US","991.4","0","2.8",",0","1",",0","1",",0","0",",0","0",",0","0",",0","0",",0","17",",0","1",",0","7",",0","0",",0","","","19591117",",,0","19591123","+,,0","19591123","+,,0","","","19591105",",,0","19591103",",,0","-13.9",",0,17,","0",",T,0,23,+","0",",T,0,23,+","5.1",",,0,05,","25.0",",0,03,","","","458.7","0","326.9",",0","5.1",",,,0","0",",T,,0","7.53",",0","15.87",",,,0","-0.81",",,,0","4838",",,,0"
"USC00341445","1959-12","36.06167","-98.59","484.6","CANTON, OK US","991.4","0","0.0",",0","6",",0","6",",0","1",",0","0",",0","0",",0","0",",0","18",",0","0",",0","2",",0","0",",0","","","19591219","+,,0","19591231","+,,0","19591231","+,,0","","","19591217",",,0","19591207",",,0","-6.1",",0,19,+","0",",,0,31,+","0",",,0,31,+","30.7",",,0,17,","22.8",",0,07,","","","812.8","0","354.1",",0","65.0",",,,0","0",",,,0","6.91",",0","13.58",",,,0","0.24",",,,0","5438",",,,0"
"USC00341445","1960-01","36.06167","-98.59","484.6","CANTON, OK US","0.0","0","0.0","1,0","4",",0","2",",0","0",",0","4",",0","0","1,0","0","1,0","25","1,0","3",",0","1",",0","0",",0","","","19600119",",1,0","19600106",",,0","19600102",",1,0","","","19600114",",,0","19600112",",,0","-15.0","1,0,19,","76",",,0,06,","0","1,T,0,02,","15.5",",,0,14,","21.7",",0,12,","","","1292.1","0","479.3",",0","24.2",",,,0","0","1,T,,0","2.46","1,0","9.10",",,,0","-4.17","1,,,0","4911",",,,0"
"USC00341445","1960-02","36.06167","-98.59","484.6","CANTON, OK US","0.0","0","0.0","1,0","9",",0","6",",0","1",",0","","","0","3,0","0","1,0","26","1,0","6",",0","1",",0","0",",0","","","19600225",",1,0","","","19600229","+,3,0","","","19600204",",,0","19600209",",,0","-15.0","1,0,25,","","","0","3,,0,29,+","46.2",",,0,04,","23.3",",0,09,","","","1775.3","0","483.2",",0","82.2",",,,0","0","3,,,0","1.35","1,0","7.77",",,,0","-5.06","1,,,0","5209","2,,,0"
"USC00341445","1960-03","36.06167","-98.59","484.6","CANTON, OK US","0.9","0","0.9",",0","9",",0","5",",0","0",",0","0","5,0","0","2,0","1",",0","20",",0","5",",0","7",",0","0",",0","","","19600303",",,0","19600331","+,5,0","19600331","+,2,0","","","19600329",",,0","19600331",",,0","-18.3",",0,03,","0","5,,0,31,+","0","2,,0,31,+","12.7",",,0,29,","30.0",",0,31,","","","2203.6","0","428.3",",0","40.8",",,,0","0","2,,,0","4.54",",0","11.38",",,,0","-2.29",",,,0","5721",",,,0"
"USC00341445","1960-04","36.06167","-98.59","484.6","CANTON, OK US","23.7","0","22.8","4,0","3",",0","1",",0","0",",0","0",",0","0",",0","0","2,0","3","2,0","0","2,0","23","2,0","0","2,0","","","19600404",",2,0","19600430","+,,0","19600430","+,,0","","","19600428",",,0","19600415",",2,0","-3.3","2,0,04,","0",",,0,30,+","0",",,0,30,+","13.2",",,0,28,","31.1","2,0,15,","238.8",",,,0","2271.8","0","68.2","2,0","16.5",",,,0","0",",,,0","16.48","4,0","25.35","2,,,0","7.61","2,,,0","7025",",,,0"
"USC00341445","1960-05","36.06167","-98.59","484.6","CANTON, OK US","82.5","0","58.8","1,0","8",",0","7",",0","3",",0","0",",0","0",",0","0","1,0","0","1,0","0",",0","29",",0","0",",0","","","19600501",",1,0","19600531","+,,0","19600531","+,,0","","","19600529",",,0","19600527","+,,0","2.2","1,0,01,","0",",,0,31,+","0",",,0,31,+","37.3",",,0,29,","31.1",",0,27,+","","","2312.4","0","40.6",",0","124.0",",,,0","0",",,,0","18.90","1,0","26.56",",,,0","11.25","1,,,0","3904","2,,,0"
"USC00341445","1960-06","36.06167","-98.59","484.6","CANTON, OK US","269.6","0","187.1","3,0","8",",0","7",",0","1",",0","0",",0","0",",0","0","2,0","0","2,0","0","1,0","29","1,0","15","1,0","","","19600614",",2,0","19600630","+,,0","19600630","+,,0","","","19600606",",,0","19600628","+,1,0","12.2","2,0,14,","0",",,0,30,+","0",",,0,30,+","37.6",",,0,06,","37.8","1,0,28,+","217.4","3,,,0","2312.4","0","0.0","1,0","101.3",",,,0","0",",,,0","25.31","3,0","32.10","1,,,0","18.51","2,,,0","2463","5,,,0"
"USC00341445","1960-07","36.06167","-98.59","484.6","CANTON, OK US","500.9","0","231.3",",0","9",",0","6",",0","2",",0","0",",0","0",",0","0",",0","0",",0","0",",0","31",",0","15",",0","","","19600731",",,0","19600731","+,,0","19600731","+,,0","","","19600704",",,0","19600726",",,0","12.2",",0,31,","0",",,0,31,+","0",",,0,31,+","58.4",",,0,04,","38.3",",0,26,","222.2","1,,,0","0.0","0","0.0",",0","127.9",",,,0","0",",,,0","25.79",",0","32.26",",,,0","19.32",",,,0","2149",",,,0"
"USC00341445","1960-08","36.06167","-98.59","484.6","CANTON, OK US","759.4","0","258.5",",0","9",",0","6",",0","3",",0","0",",0","0",",0","0",",0","0",",0","0",",0","31",",0","24",",0","","","19600812",",,0","19600831","+,,0","19600831","+,,0","","","19600809",",,0","19600804",",,0","14.4",",0,12,","0",",,0,31,+","0",",,0,31,+","55.4",",,0,09,","38.9",",0,04,","249.5",",,,0","0.0","0","0.0",",0","146.4",",,,0","0",",,,0","26.67",",0","33.54",",,,0","19.80",",,,0","2709",",,,0"
"USC00341445","1960-09","36.06167","-98.59","484.6","CANTON, OK US","913.5","0","154.1",",0","7",",0","3",",0","1",",0","0",",0","0",",0","0",",0","0",",0","0",",0","30",",0","14",",0","","","19600928","+,,0","19600930","+,,0","19600930","+,,0","","","19600909",",,0","19600914",",,0","10.0",",0,28,+","0",",,0,30,+","0",",,0,30,+","41.1",",,0,09,","35.6",",0,14,","179.2",",,,0","1.4","0","1.4",",0","53.1",",,,0","0",",,,0","23.42",",0","30.50",",,,0","16.35",",,,0","2235",",,,0"
"USC00341445","1960-10","36.06167","-98.59","484.6","CANTON, OK US","955.3","0","41.8",",0","8",",0","6",",0","2",",0","0",",0","0",",0","0",",0","2",",0","0",",0","23",",0","2",",0","","","19601030","+,,0","19601031","+,,0","19601031","+,,0","","","19601012",",,0","19601006","+,,0","-1.1",",0,30,+","0",",,0,31,+","0",",,0,31,+","55.6",",,0,12,","32.2",",0,06,+","115.6","2,,,0","72.4","0","71.0",",0","136.5",",,,0","0",",,,0","17.39",",0","24.63",",,,0","10.15",",,,0","2862","2,,,0"
"USC00341445","1960-11","36.06167","-98.59","484.6","CANTON, OK US","955.9","0","0.6",",0","2",",0","1",",0","0",",0","0",",0","0",",0","0",",0","11",",0","0",",0","11",",0","0",",0","","","19601110",",,0","19601130","+,,0","19601109",",,0","","","19601128",",,0","19601101",",,0","-8.3",",0,10,","0",",,0,30,+","0",",T,0,09,","11.2",",,0,28,","25.0",",0,01,","","","305.3","0","232.9",",0","11.7",",,,0","0",",T,,0","10.59",",0","18.65",",,,0","2.53",",,,0","4737",",,,0"
"USC00341445","1960-12","36.06167","-98.59","484.6","CANTON, OK US","955.9","0","0.0","2,0","6",",0","4",",0","1",",0","0","3,0","0","1,0","0","2,0","23","2,0","2",",0","0",",0","0",",0","","","19601213",",2,0","19601231","+,3,0","19601231","+,1,0","","","19601211",",,0","19601224",",,0","-12.8","2,0,13,","0","3,,0,31,+","0","1,,0,31,+","29.2",",,0,11,","19.4",",0,24,","","","750.5","0","445.2",",0","47.6",",,,0","0","1,,,0","3.00","2,0","8.78",",,,0","-2.77","2,,,0","5194",",,,0"
"USC00341445","1961-01","36.06167","-98.59","484.6","CANTON, OK US","0.0","0","0.0",",0","3",",0","0",",0","0",",0","0",",0","0",",0","0",",0","30",",0","3",",0","0",",0","0",",0","","","19610121",",,0","19610131","+,,0","19610128","+,,0","","","19610114",",,0","19610117",",,0","-14.4",",0,21,","0",",,0,31,+","0",",T,0,28,+","2.0",",,0,14,","18.3",",0,17,","","","1239.7","0","489.2",",0","2.8",",,,0","0",",T,,0","2.55",",0","10.71",",,,0","-5.61",",,,0","4355",",,,0"
"USC00341445","1961-02","36.06167","-98.59","484.6","CANTON, OK US","0.0","0","0.0","2,0","5",",0","2",",0","0",",0","6",",0","0","3,0","0","1,0","16","1,0","3","1,0","7","1,0","0","1,0","","","19610209",",1,0","19610206","+,,0","19610228","+,3,0","","","19610205",",,0","19610211",",1,0","-9.4","1,0,09,","254",",,0,06,+","0","3,,0,28,+","15.2",",,0,05,","24.4","1,0,11,","","","1565.4","0","325.7","1,0","23.9",",,,0","0","3,,,0","5.90","2,0","12.94","1,,,0","-1.13","1,,,0","5082",",,,0"
"USC00341445","1961-03","36.06167","-98.59","484.6","CANTON, OK US","0.6","0","0.6",",0","9",",0","7",",0","0",",0","1",",0","0","1,0","0",",0","7",",0","0",",0","11",",0","0",",0","","","19610309",",,0","19610331",",,0","19610331","+,1,0","","","19610331",",,0","19610315","+,,0","-3.3",",0,09,","102",",,0,31,","0","1,,0,31,+","22.1",",,0,31,","25.6",",0,15,+","132.0","3,,,0","1800.6","0","235.2",",0","65.6",",,,0","0","1,,,0","10.76",",0","17.72",",,,0","3.81",",,,0","6808",",,,0"
"USC00341445","1961-04","36.06167","-98.59","484.6","CANTON, OK US","40.5","0","39.9",",0","4",",0","2",",0","0",",0","0",",0","0",",0","0",",0","5",",0","0",",0","18",",0","5",",0","","","19610401",",,0","19610430","+,,0","19610430","+,,0","","","19610409",",,0","19610421","+,,0","-2.2",",0,01,","0",",,0,30,+","0",",,0,30,+","22.9",",,0,09,","33.9",",0,21,+","186.1","2,,,0","1949.9","0","149.3",",0","29.5",",,,0","0",",,,0","14.69",",0","22.83",",,,0","6.55",",,,0","5798",",,,0"
"USC00341445","1961-05","36.06167","-98.59","484.6","CANTON, OK US","115.1","0","74.6","1,0","10",",0","7",",0","1",",0","0",",0","0",",0","0","1,0","0","1,0","0",",0","28",",0","3",",0","","","19610502",",1,0","19610531","+,,0","19610531","+,,0","","","19610505",",,0","19610529",",,0","3.3","1,0,02,","0",",,0,31,+","0",",,0,31,+","29.0",",,0,05,","33.9",",0,29,","228.2",",,,0","1973.8","0","23.9",",0","72.3",",,,0","0",",,,0","20.08","1,0","27.24",",,,0","12.92","1,,,0","4709",",,,0"
"USC00341445","1961-06","36.06167","-98.59","484.6","CANTON, OK US","282.3","0","167.2","1,0","6",",0","5",",0","3",",0","0",",0","0",",0","0","1,0","0","1,0","0",",0","30",",0","12",",0","","","19610626",",1,0","19610630","+,,0","19610630","+,,0","","","19610614",",,0","19610628","+,,0","13.9","1,0,26,","0",",,0,30,+","0",",,0,30,+","77.2",",,0,14,","35.6",",0,28,+","197.3","2,,,0","1973.8","0","0.0",",0","149.4",",,,0","0",",,,0","24.10","1,0","30.65",",,,0","17.55","1,,,0","2911","1,,,0"
"USC00341445","1961-07","36.06167","-98.59","484.6","CANTON, OK US","536.6","0","254.3",",0","8",",0","5",",0","0",",0","0",",0","0",",0","0",",0","0",",0","0",",0","31",",0","24",",0","","","19610710",",,0","19610731","+,,0","19610731","+,,0","","","19610714",",,0","19610719","+,,0","12.8",",0,10,","0",",,0,31,+","0",",,0,31,+","22.4",",,0,14,","37.2",",0,19,+","219.0","3,,,0","0.0","0","0.0",",0","55.8",",,,0","0",",,,0","26.54",",0","33.64",",,,0","19.44",",,,0","2828","1,,,0"
"USC00341445","1961-08","36.06167","-98.59","484.6","CANTON, OK US","751.1","0","214.5",",0","8",",0","7",",0","3",",0","0",",0","0",",0","0",",0","0",",0","0",",0","31",",0","17",",0","","","19610823",",,0","19610831","+,,0","19610831","+,,0","","","19610815",",,0","19610804",",,0","10.6",",0,23,","0",",,0,31,+","0",",,0,31,+","43.2",",,0,15,","37.2",",0,04,","206.2",",,,0","0.5","0","0.5",",0","154.5",",,,0","0",",,,0","25.23",",0","32.03",",,,0","18.44",",,,0","1560","1,,,0"
"USC00341445","1961-09","36.06167","-98.59","484.6","CANTON, OK US","854.4","0","103.3",",0","10",",0","7",",0","1",",0","0",",0","0",",0","0",",0","0",",0","0",",0","25",",0","7",",0","","","19610925",",,0","19610930","+,,0","19610930","+,,0","","","19610913",",,0","19610903","+,,0","5.6",",0,25,","0",",,0,30,+","0",",,0,30,+","66.0",",,0,13,","37.2",",0,03,+","146.9","1,,,0","30.4","0","29.9",",0","119.5",",,,0","0",",,,0","20.78",",0","27.74",",,,0","13.82",",,,0","3224",",,,0"
"USC00341445","1961-10","36.06167","-98.59","484.6","CANTON, OK US","","","","","6",",0","4",",0","1",",0","0",",0","0",",0","","","","","","","","","","","","","","","19611031","+,,0","19611031","+,,0","","","19611010",",,0","","","","","0",",,0,31,+","0",",,0,31,+","69.9",",,0,10,","","","130.2","1,,,0","","","","","103.5",",,,0","0",",,,0","","","","","","","3479",",,,0"
"USC00341445","1961-11","36.06167","-98.59","484.6","CANTON, OK US","","","0.0",",0","6",",0","3",",0","1",",0","0",",0","0",",0","0",",0","11",",0","0",",0","0",",0","0",",0","","","19611103",",,0","19611130","+,,0","19611130","+,,0","","","19611102",",,0","19611125","+,,0","-5.6",",0,03,","0",",,0,30,+","0",",,0,30,+","71.1",",,0,02,","20.6",",0,25,+","","","","","333.3",",0","102.2",",,,0","0",",,,0","7.22",",0","12.55",",,,0","1.89",",,,0","3789",",,,0"
"USC00341445","1961-12","36.06167","-98.59","484.6","CANTON, OK US","","","0.0",",0","8",",0","3",",0","0",",0","0",",0","0",",0","2",",0","25",",0","3",",0","0",",0","0",",0","","","19611213","+,,0","19611231","+,,0","19611212","+,,0","","","19611216",",,0","19611203",",,0","-18.3",",0,13,+","0",",,0,31,+","0",",T,0,12,+","11.4",",,0,16,","20.0",",0,03,","","","","","509.2",",0","19.8",",,,0","0",",T,,0","1.91",",0","7.88",",,,0","-4.06",",,,0","3927",",,,0"
"USC00341445","1962-01","36.06167","-98.59","484.6","CANTON, OK US","0.0","0","0.0",",0","7",",0","2",",0","0",",0","","","","","4",",0","29",",0","6",",0","1",",0","0",",0","","","19620120",",,0","","","","","","","19620126",",,0","19620131",",,0","-21.1",",0,20,","","","","","2.8",",,0,26,","22.2",",0,31,","","","","","573.4",",0","10.7",",,,0","","","-0.16",",0","7.17",",,,0","-7.49",",,,0","",""
"USC00341445","1962-02","36.06167","-98.59","484.6","CANTON, OK US","7.8","0","7.8",",0","1",",0","0",",0","0",",0","0",",0","0",",0","0",",0","15",",0","2",",0","8",",0","0",",0","","","19620228",",,0","19620228","+,,0","19620227","+,,0","","","19620215",",,0","19620212",",,0","-16.1",",0,28,","0",",,0,28,+","0",",T,0,27,+","0.8",",,0,15,","31.1",",0,12,","93.3","2,,,0","","","317.9",",0","0.8",",,,0","0",",T,,0","7.26",",0","15.39",",,,0","-0.88",",,,0","4585",",,,0"
"USC00341445","1962-03","36.06167","-98.59","484.6","CANTON, OK US","12.2","0","4.4","1,0","1",",0","1",",0","0",",0","0",",0","0",",0","0","1,0","16","1,0","0",",0","10",",0","0",",0","","","19620301",",1,0","19620331","+,,0","19620331","+,,0","","","19620325",",,0","19620328",",,0","-15.6","1,0,01,","0",",,0,31,+","0",",,0,31,+","10.2",",,0,25,","28.9",",0,28,","","","","","298.1",",0","10.2",",,,0","0",",,,0","8.63","1,0","17.51",",,,0","-0.25","1,,,0","6424",",,,0"
"USC00341445","1962-04","36.06167","-98.59","484.6","CANTON, OK US","28.9","0","16.7",",0","8",",0","6",",0","0",",0","0",",0","0",",0","0",",0","2",",0","0",",0","18",",0","0",",0","","","19620402",",,0","19620430","+,,0","19620430","+,,0","","","19620427",",,0","19620420",",,0","-4.4",",0,02,","0",",,0,30,+","0",",,0,30,+","21.6",",,0,27,","30.0",",0,20,","158.2","4,,,0","","","131.9",",0","47.0",",,,0","0",",,,0","14.49",",0","21.71",",,,0","7.27",",,,0","3950",",,,0"
"USC00341445","1962-05","36.06167","-98.59","484.6","CANTON, OK US","206.4","0","177.5",",0","3",",0","1",",0","0",",0","0",",0","0",",0","0",",0","0",",0","0",",0","31",",0","13",",0","","","19620501",",,0","19620531","+,,0","19620531","+,,0","","","19620521",",,0","19620525",",,0","7.2",",0,01,","0",",,0,31,+","0",",,0,31,+","20.3",",,0,21,","35.0",",0,25,","264.3","2,,,0","","","5.0",",0","21.3",",,,0","0",",,,0","23.90",",0","31.03",",,,0","16.77",",,,0","5240",",,,0"
"USC00341445","1962-06","36.06167","-98.59","484.6","CANTON, OK US","368.1","0","161.7",",0","15",",0","14",",0","2",",0","0",",0","0",",0","0",",0","0",",0","0",",0","30",",0","9",",0","","","19620603",",,0","19620630","+,,0","19620630","+,,0","","","19620624",",,0","19620621",",,0","12.8",",0,03,","0",",,0,30,+","0",",,0,30,+","47.2",",,0,24,","33.9",",0,21,","222.4","1,,,0","","","1.1",",0","240.6",",,,0","0",",,,0","23.69",",0","30.05",",,,0","17.32",",,,0","2525",",,,0"
"USC00341445","1962-07","36.06167","-98.59","484.6","CANTON, OK US","644.3","0","276.2",",0","8",",0","6",",0","2",",0","0",",0","0",",0","0",",0","0",",0","0",",0","31",",0","22",",0","","","19620716",",,0","19620731","+,,0","19620731","+,,0","","","19620728",",,0","19620711",",,0","17.2",",0,16,","0",",,0,31,+","0",",,0,31,+","32.0",",,0,28,","37.8",",0,11,","253.8",",,,0","0.0","0","0.0",",0","105.8",",,,0","0",",,,0","27.24",",0","33.76",",,,0","20.72",",,,0","2209",",,,0"
"USC00341445","1962-08","36.06167","-98.59","484.6","CANTON, OK US","930.0","0","285.7",",0","4",",0","1",",0","1",",0","0",",0","0",",0","0",",0","0",",0","0",",0","31",",0","28",",0","","","19620825",",,0","19620831","+,,0","19620831","+,,0","","","19620801",",,0","19620806",",,0","12.2",",0,25,","0",",,0,31,+","0",",,0,31,+","40.6",",,0,01,","40.6",",0,06,","268.9","1,,,0","0.0","0","0.0",",0","44.2",",,,0","0",",,,0","27.55",",0","35.36",",,,0","19.74",",,,0","2414",",,,0"
"USC00341445","1962-09","36.06167","-98.59","484.6","CANTON, OK US","1053.8","0","123.8",",0","9",",0","4",",0","1",",0","0",",0","0",",0","0",",0","0",",0","0",",0","29",",0","6",",0","","","19620910",",,0","19620930","+,,0","19620930","+,,0","","","19620920",",,0","19620914",",,0","4.4",",0,10,","0",",,0,30,+","0",",,0,30,+","41.7",",,0,20,","36.1",",0,14,","131.6","1,,,0","7.2","0","7.2",",0","91.7",",,,0","0",",,,0","22.22",",0","29.08",",,,0","15.35",",,,0","2029",",,,0"
"USC00341445","1962-10","36.06167","-98.59","484.6","CANTON, OK US","1120.4","0","66.6",",0","8",",0","6",",0","0",",0","0",",0","0",",0","0",",0","0",",0","0",",0","24",",0","2",",0","","","19621031","+,,0","19621031","+,,0","19621031","+,,0","","","19621006",",,0","19621012","+,,0","1.7",",0,31,+","0",",,0,31,+","0",",,0,31,+","16.5",",,0,06,","33.3",",0,12,+","128.6","3,,,0","74.7","0","67.5",",0","42.2",",,,0","0",",,,0","18.30",",0","25.35",",,,0","11.25",",,,0","2928",",,,0"
"USC00341445","1962-11","36.06167","-98.59","484.6","CANTON, OK US","1120.4","0","0.0",",0","6",",0","3",",0","0",",0","0",",0","0",",0","0",",0","12",",0","0",",0","5",",0","0",",0","","","19621119",",,0","19621130","+,,0","19621130","+,,0","","","19621127",",,0","19621104",",,0","-3.9",",0,19,","0",",,0,30,+","0",",,0,30,+","9.1",",,0,27,","23.9",",0,04,","","","349.0","0","274.3",",0","20.3",",,,0","0",",,,0","9.19",",0","15.95",",,,0","2.43",",,,0","2415",",,,0"
"USC00341445","1962-12","36.06167","-98.59","484.6","CANTON, OK US","1120.4","0","0.0","2,0","5",",0","3",",0","1",",0","2",",0","0","1,0","0","2,0","20","2,0","4","1,0","2","1,0","0","1,0","","","19621226",",2,0","19621224",",,0","19621231","+,1,0","","","19621203",",,0","19621217",",1,0","-15.6","2,0,26,","102",",,0,24,","0","1,,0,31,+","28.4",",,0,03,","22.2","1,0,17,","","","739.8","0","390.8","1,0","38.0",",,,0","0","1,,,0","4.89","2,0","11.88","1,,,0","-2.10","2,,,0","3081",",,,0"
"USC00341445","1963-01","36.06167","-98.59","484.6","CANTON, OK US","0.0","0","0.0","1,0","2",",0","1",",0","0",",0","0",",0","0",",0","7",",0","27",",0","6","1,0","2","1,0","0","1,0","","","19630112",",,0","19630131","+,,0","19630123","+,,0","","","19630105",",,0","19630108",",1,0","-21.1",",0,12,","0",",,0,31,+","0",",T,0,23,+","3.0",",,0,05,","21.7","1,0,08,","","","1341.5","0","601.7","1,0","3.5",",,,0","0",",T,,0","-1.61","1,0","6.38","1,,,0","-9.60",",,,0","4295",",,,0"
"USC00341445","1963-02","36.06167","-98.59","484.6","CANTON, OK US","0.0","0","0.0",",0","3",",0","2",",0","0",",0","0",",0","0",",0","0",",0","22",",0","0",",0","8",",0","0",",0","","","19630203",",,0","19630228","+,,0","19630228","+,,0","","","19630217",",,0","19630205",",,0","-11.1",",0,03,","0",",,0,28,+","0",",,0,28,+","4.3",",,0,17,","25.0",",0,05,","","","1679.3","0","337.8",",0","9.1",",,,0","0",",,,0","6.27",",0","15.51",",,,0","-2.98",",,,0","4275",",,,0"
"USC00341445","1963-03","36.06167","-98.59","484.6","CANTON, OK US","12.8","0","12.8","1,0","4",",0","2",",0","0",",0","0",",0","0",",0","0",",0","9",",0","0","1,0","15","1,0","0","1,0","","","19630314",",,0","19630331","+,,0","19630331","+,,0","","","19630331",",,0","19630328",",1,0","-5.6",",0,14,","0",",,0,31,+","0",",,0,31,+","12.2",",,0,31,","31.1","1,0,28,","171.8",",,,0","1874.9","0","195.6","1,0","22.3",",,,0","0",",,,0","12.22","1,0","20.59","1,,,0","3.85",",,,0","5695",",,,0"
"USC00341445","1963-04","36.06167","-98.59","484.6","CANTON, OK US","66.2","0","53.4",",0","6",",0","2",",0","0",",0","0",",0","0",",0","0",",0","0",",0","0",",0","23",",0","2",",0","","","19630412","+,,0","19630430","+,,0","19630430","+,,0","","","19630406",",,0","19630421",",,0","4.4",",0,12,+","0",",,0,30,+","0",",,0,30,+","10.2",",,0,06,","33.9",",0,21,","179.7",",,,0","1935.2","0","60.3",",0","21.7",",,,0","0",",,,0","18.10",",0","25.28",",,,0","10.93",",,,0","4296",",,,0"
"USC00341445","1963-05","36.06167","-98.59","484.6","CANTON, OK US","206.4","0","140.2",",0","10",",0","7",",0","1",",0","0",",0","0",",0","0",",0","0",",0","0",",0","28",",0","12",",0","","","19630501",",,0","19630531","+,,0","19630531","+,,0","","","19630505",",,0","19630511",",,0","5.0",",0,01,","0",",,0,31,+","0",",,0,31,+","28.4",",,0,05,","36.7",",0,11,","210.4",",,,0","1959.0","0","23.8",",0","63.2",",,,0","0",",,,0","22.09",",0","29.12",",,,0","15.05",",,,0","3613",",,,0"
"USC00341445","1963-06","36.06167","-98.59","484.6","CANTON, OK US","430.2","0","223.8",",0","8",",0","6",",0","1",",0","0",",0","0",",0","0",",0","0",",0","0",",0","30",",0","22",",0","","","19630618",",,0","19630630","+,,0","19630630","+,,0","","","19630623",",,0","19630628",",,0","13.3",",0,18,","0",",,0,30,+","0",",,0,30,+","103.4",",,0,23,","37.8",",0,28,","220.2","2,,,0","1959.0","0","0.0",",0","170.8",",,,0","0",",,,0","25.79",",0","32.57",",,,0","19.01",",,,0","3012",",,,0"
"USC00341445","1963-07","36.06167","-98.59","484.6","CANTON, OK US","747.8","0","317.6",",0","9",",0","4",",0","1",",0","0",",0","0",",0","0",",0","0",",0","0",",0","31",",0","29",",0","","","19630729",",,0","19630731","+,,0","19630731","+,,0","","","19630713",",,0","19630725",",,0","17.2",",0,29,","0",",,0,31,+","0",",,0,31,+","49.8",",,0,13,","40.0",",0,25,","","","0.0","0","0.0",",0","84.6",",,,0","0",",,,0","28.58",",0","35.58",",,,0","21.58",",,,0","2439",",,,0"
"USC00341445","1963-08","36.06167","-98.59","484.6","CANTON, OK US","1073.7","0","325.9",",0","4",",0","3",",0","1",",0","0",",0","0",",0","0",",0","0",",0","0",",0","31",",0","27",",0","","","19630820",",,0","19630831","+,,0","19630831","+,,0","","","19630829",",,0","19630828","+,,0","12.8",",0,20,","0",",,0,31,+","0",",,0,31,+","26.4",",,0,29,","40.0",",0,28,+","272.1","1,,,0","0.0","0","0.0",",0","37.8",",,,0","0",",,,0","28.85",",0","36.49",",,,0","21.20",",,,0","2351",",,,0"
"USC00341445","1963-09","36.06167","-98.59","484.6","CANTON, OK US","1241.4","0","167.7",",0","7",",0","5",",0","0",",0","0",",0","0",",0","0",",0","0",",0","0",",0","30",",0","9",",0","","","19630929",",,0","19630930","+,,0","19630930","+,,0","","","19630925",",,0","19630906",",,0","8.3",",0,29,","0",",,0,30,+","0",",,0,30,+","25.1",",,0,25,","37.8",",0,06,","147.8",",,,0","0.6","0","0.6",",0","73.7",",,,0","0",",,,0","23.90",",0","30.92",",,,0","16.89",",,,0","1326",",,,0"
"USC00341445","1963-10","36.06167","-98.59","484.6","CANTON, OK US","1358.5","0","117.1",",0","2",",0","2",",0","0",",0","0",",0","0",",0","0",",0","0",",0","0",",0","29",",0","10",",0","","","19631029",",,0","19631031","+,,0","19631031","+,,0","","","19631020",",,0","19631007",",,0","3.3",",0,29,","0",",,0,31,+","0",",,0,31,+","15.5",",,0,20,","35.0",",0,07,","180.7",",,,0","11.2","0","10.6",",0","24.1",",,,0","0",",,,0","21.77",",0","29.73",",,,0","13.81",",,,0","2413",",,,0"
"USC00341445","1963-11","36.06167","-98.59","484.6","CANTON, OK US","1360.7","0","2.2","1,0","2",",0","2",",0","0",",0","0",",0","0",",0","0","1,0","9","1,0","0",",0","10",",0","0",",0","","","19631129","+,1,0","19631130","+,,0","19631130","+,,0","","","19631120",",,0","19631110",",,0","-5.0","1,0,29,+","0",",,0,30,+","0",",,0,30,+","20.3",",,0,20,","28.3",",0,10,","97.8",",,,0","225.9","0","214.7",",0","28.4",",,,0","0",",,,0","10.96","1,0","19.08",",,,0","2.85","1,,,0","3309",",,,0"
"USC00341445","1963-12","36.06167","-98.59","484.6","CANTON, OK US","1360.7","0","0.0",",0","3",",0","0",",0","0",",0","","","","","1",",0","27",",0","8",",0","1",",0","0",",0","","","19631223",",,0","","","","","","","19631222","+,,0","19631205",",,0","-17.8",",0,23,","","","","","2.0",",,0,22,+","21.7",",0,05,","","","785.6","0","559.7",",0","4.5",",,,0","","","0.28",",0","6.73",",,,0","-6.17",",,,0","3535",",,,0"
"USC00341445","1964-01","36.06167","-98.59","484.6","CANTON, OK US","0.0","0","0.0",",0","2",",0","1",",0","0",",0","0",",0","0",",0","1",",0","22",",0","1",",0","4",",0","0",",0","","","19640113",",,0","19640131","+,,0","19640131","+,,0","","","19640131",",,0","19640122",",,0","-17.8",",0,13,","0",",,0,31,+","0",",,0,31,+","16.0",",,0,31,","23.9",",0,22,","","","1184.5","0","398.9",",0","16.5",",,,0","0",",,,0","5.46",",0","14.12",",,,0","-3.19",",,,0","5196",",,,0"
"USC00341445","1964-02","36.06167","-98.59","484.6","CANTON, OK US","0.0","0","0.0",",0","4",",0","3",",0","0",",0","0",",0","0",",0","0",",0","25",",0","0",",0","0",",0","0",",0","","","19640226",",,0","19640229","+,,0","19640229","+,,0","","","19640205","+,,0","19640202","+,,0","-11.1",",0,26,","0",",,0,29,+","0",",,0,29,+","21.8",",,0,05,+","16.7",",0,02,+","","","1624.4","0","439.9",",0","47.7",",,,0","0",",,,0","3.16",",0","9.85",",,,0","-3.52",",,,0","4209",",,,0"
"USC00341445","1964-03","36.06167","-98.59","484.6","CANTON, OK US","0.0","0","0.0",",0","4",",0","1",",0","0",",0","0",",0","0",",0","0",",0","19",",0","0",",0","9",",0","0",",0","","","19640326",",,0","19640331","+,,0","19640331","+,,0","","","19640319",",,0","19640331",",,0","-10.6",",0,26,","0",",,0,31,+","0",",,0,31,+","11.4",",,0,19,","26.7",",0,31,","131.0","2,,,0","1922.2","0","297.8",",0","14.0",",,,0","0",",,,0","8.73",",0","17.75",",,,0","-0.30",",,,0","5814",",,,0"
"USC00341445","1964-04","36.06167","-98.59","484.6","CANTON, OK US","45.0","0","45.0",",0","5",",0","3",",0","0",",0","0",",0","0",",0","0",",0","1",",0","0",",0","29",",0","0",",0","","","19640408",",,0","19640430","+,,0","19640430","+,,0","","","19640404",",,0","19640424","+,,0","-1.7",",0,08,","0",",,0,30,+","0",",,0,30,+","17.8",",,0,04,","30.6",",0,24,+","206.5","2,,,0","1983.7","0","61.5",",0","28.3",",,,0","0",",,,0","17.78",",0","25.44",",,,0","10.13",",,,0","6325",",,,0"
"USC00341445","1964-05","36.06167","-98.59","484.6","CANTON, OK US","164.1","0","119.1",",0","11",",0","9",",0","2",",0","0",",0","0",",0","0",",0","0",",0","0",",0","30",",0","7",",0","","","19640513",",,0","19640531","+,,0","19640531","+,,0","","","19640506",",,0","19640525",",,0","6.1",",0,13,","0",",,0,31,+","0",",,0,31,+","29.7",",,0,06,","35.0",",0,25,","273.5",",,,0","2001.5","0","17.8",",0","132.9",",,,0","0",",,,0","21.60",",0","28.31",",,,0","14.89",",,,0","3349",",,,0"
"USC00341445","1964-06","36.06167","-98.59","484.6","CANTON, OK US","375.2","0","211.1",",0","6",",0","4",",0","0",",0","0",",0","0",",0","0",",0","0",",0","0",",0","30",",0","20",",0","","","19640601",",,0","19640630","+,,0","19640630","+,,0","","","19640614",",,0","19640630","+,,0","7.2",",0,01,","0",",,0,30,+","0",",,0,30,+","21.3",",,0,14,","37.8",",0,30,+","242.3",",,,0","2004.6","0","3.1",",0","64.4",",,,0","0",",,,0","25.27",",0","32.71",",,,0","17.82",",,,0","2944",",,,0"
"USC00341445","1964-07","36.06167","-98.59","484.6","CANTON, OK US","748.1","0","372.9",",0","3",",0","0",",0","0",",0","0",",0","0",",0","0",",0","0",",0","0",",0","31",",0","31",",0","","","19640713",",,0","19640731","+,,0","19640731","+,,0","","","19640713",",,0","19640724",",,0","14.4",",0,13,","0",",,0,31,+","0",",,0,31,+","1.8",",,0,13,","41.7",",0,24,","323.4",",,,0","0.0","0","0.0",",0","3.1",",,,0","0",",,,0","30.36",",0","38.34",",,,0","22.38",",,,0","2804",",,,0"
"USC00341445","1964-08","36.06167","-98.59","484.6","CANTON, OK US","1046.1","0","298.0",",0","6",",0","2",",0","0",",0","0",",0","0",",0","0",",0","0",",0","0",",0","31",",0","25",",0","","","19640823",",,0","19640831","+,,0","19640831","+,,0","","","19640818",",,0","19640806",",,0","12.2",",0,23,","0",",,0,31,+","0",",,0,31,+","20.6",",,0,18,","45.0",",0,06,","268.5",",,,0","0.0","0","0.0",",0","41.1",",,,0","0",",,,0","27.95",",0","35.91",",,,0","19.98",",,,0","3115",",,,0"
"USC00341445","1964-09","36.06167","-98.59","484.6","CANTON, OK US","1196.4","0","150.3",",0","6",",0","5",",0","0",",0","0",",0","0",",0","0",",0","0",",0","0",",0","29",",0","12",",0","","","19640928",",,0","19640930","+,,0","19640930","+,,0","","","19640920",",,0","19640910",",,0","4.4",",0,28,","0",",,0,30,+","0",",,0,30,+","20.6",",,0,20,","39.4",",0,10,","185.4",",,,0","8.4","0","8.4",",0","55.9",",,,0","0",",,,0","23.06",",0","30.28",",,,0","15.85",",,,0","3108",",,,0"
"USC00341445","1964-10","36.06167","-98.59","484.6","CANTON, OK US","1209.8","0","13.4",",0","5",",0","1",",0","1",",0","0",",0","0",",0","0",",0","0",",0","0",",0","27",",0","1",",0","","","19641019",",,0","19641031","+,,0","19641031","+,,0","","","19641025",",,0","19641021",",,0","0.6",",0,19,","0",",,0,31,+","0",",,0,31,+","32.0",",,0,25,","32.2",",0,21,","143.8",",,,0","77.8","0","69.4",",0","34.6",",,,0","0",",,,0","16.53",",0","24.57",",,,0","8.48",",,,0","2680",",,,0"
"USC00341445","1964-11","36.06167","-98.59","484.6","CANTON, OK US","1213.7","0","3.9","1,0","8",",0","7",",0","3",",0","0",",0","0",",0","0","1,0","9","1,0","0",",0","11",",0","0",",0","","","19641130",",1,0","19641130","+,,0","19641130","+,,0","","","19641116",",,0","19641101",",,0","-9.4","1,0,30,","0",",,0,30,+","0",",,0,30,+","64.0",",,0,16,","25.6",",0,01,","64.3","5,,,0","327.8","0","250.0",",0","198.4",",,,0","0",",,,0","10.00","1,0","15.41",",,,0","4.59","1,,,0","4459",",,,0"
"USC00341445","1964-12","36.06167","-98.59","484.6","CANTON, OK US","1213.7","0","0.0","4,0","5",",0","3",",0","0",",0","0",",0","0",",0","0","4,0","20","4,0","3","2,0","2","2,0","0","2,0","","","19641218",",4,0","19641231","+,,0","19641231","+,,0","","","19641210","+,,0","19641223",",2,0","-16.1","4,0,18,","0",",,0,31,+","0",",,0,31,+","8.6",",,0,10,+","24.4","2,0,23,","","","727.5","0","399.7","2,0","22.8",",,,0","0",",,,0","3.71","4,0","10.57","2,,,0","-3.14","4,,,0","5265",",,,0"
"USC00341445","1965-01","36.06167","-98.59","484.6","CANTON, OK US","0.6","0","0.6","3,0","2",",0","0",",0","0",",0","0",",0","0",",0","0","3,0","21","3,0","0","2,0","1","2,0","0","2,0","","","19650129",",3,0","19650131","+,,0","19650131","+,,0","","","19650122",",,0","19650107",",2,0","-10.6","3,0,29,","0",",,0,31,+","0",",,0,31,+","0.8",",,0,22,","23.9","2,0,07,","49.2","5,,,0","1100.5","0","373.0","2,0","1.3",",,,0","0",",,,0","5.05","3,0","12.76","2,,,0","-2.65","3,,,0","4781","3,,,0"
"USC00341445","1965-02","36.06167","-98.59","484.6","CANTON, OK US","","","","","4",",0","2",",0","0",",0","0",",0","0","2,0","0","3,0","19","3,0","","","","","","","","","19650224",",3,0","19650228","+,,0","19650228","+,2,0","","","19650209",",,0","","","-15.6","3,0,24,","0",",,0,28,+","0","2,,0,28,+","10.7",",,0,09,","","","","","","","","","20.4",",,,0","0","2,,,0","","","","","-3.18","3,,,0","",""
"USC00341445","1965-03","36.06167","-98.59","484.6","CANTON, OK US","","","0.0",",0","5",",0","2",",0","0",",0","0",",0","0",",0","0",",0","22",",0","2",",0","5",",0","0",",0","","","19650318",",,0","19650331","+,,0","19650331","+,,0","","","19650312",",,0","19650328",",,0","-9.4",",0,18,","0",",,0,31,+","0",",,0,31,+","23.9",",,0,12,","24.4",",0,28,","","","","","424.4",",0","43.7",",,,0","0",",,,0","4.64",",0","11.76",",,,0","-2.47",",,,0","6130",",,,0"
"USC00341445","1965-04","36.06167","-98.59","484.6","CANTON, OK US","","","44.5",",0","9",",0","5",",0","0",",0","0",",0","0",",0","0",",0","0",",0","0",",0","26",",0","0",",0","","","19650428",",,0","19650430","+,,0","19650430","+,,0","","","19650405",",,0","19650422",",,0","0.6",",0,28,","0",",,0,30,+","0",",,0,30,+","24.6",",,0,05,","31.1",",0,22,","200.6",",,,0","","","51.0",",0","69.9",",,,0","0",",,,0","18.12",",0","25.28",",,,0","10.96",",,,0","4858",",,,0"
"USC00341445","1965-05","36.06167","-98.59","484.6","CANTON, OK US","","","103.5",",0","9",",0","6",",0","3",",0","0",",0","0",",0","0",",0","0",",0","0",",0","30",",0","0",",0","","","19650510",",,0","19650531","+,,0","19650531","+,,0","","","19650507",",,0","19650530",",,0","8.9",",0,10,","0",",,0,31,+","0",",,0,31,+","52.1",",,0,07,","31.7",",0,30,","197.9","3,,,0","","","6.0",",0","144.1",",,,0","0",",,,0","21.48",",0","27.28",",,,0","15.67",",,,0","3159",",,,0"
"USC00341445","1965-06","36.06167","-98.59","484.6","CANTON, OK US","","","194.6",",0","12",",0","9",",0","1",",0","0",",0","0",",0","0",",0","0",",0","0",",0","30",",0","14",",0","","","19650605",",,0","19650630","+,,0","19650630","+,,0","","","19650604",",,0","19650611",",,0","11.7",",0,05,","0",",,0,30,+","0",",,0,30,+","28.2",",,0,04,","36.1",",0,11,","216.6",",,,0","","","0.0",",0","98.0",",,,0","0",",,,0","24.82",",0","31.43",",,,0","18.21",",,,0","2476",",,,0"
"USC00341445","1965-07","36.06167","-98.59","484.6","CANTON, OK US","","","334.4",",0","3",",0","3",",0","0",",0","0",",0","0",",0","0",",0","0",",0","0",",0","31",",0","28",",0","","","19650730",",,0","19650731","+,,0","19650731","+,,0","","","19650728",",,0","19650717",",,0","16.7",",0,30,","0",",,0,31,+","0",",,0,31,+","13.5",",,0,28,","41.7",",0,17,","291.7",",,,0","0.0","0","0.0",",0","29.2",",,,0","0",",,,0","29.12",",0","36.45",",,,0","21.79",",,,0","2670",",,,0"
"USC00341445","1965-08","36.06167","-98.59","484.6","CANTON, OK US","","","268.6",",0","11",",0","8",",0","1",",0","0",",0","0",",0","0",",0","0",",0","0",",0","31",",0","25",",0","","","19650802",",,0","19650831","+,,0","19650831","+,,0","","","19650820",",,0","19650806",",,0","14.4",",0,02,","0",",,0,31,+","0",",,0,31,+","46.5",",,0,20,","37.8",",0,06,","239.9",",,,0","0.0","0","0.0",",0","111.8",",,,0","0",",,,0","27.00",",0","34.57",",,,0","19.42",",,,0","2166",",,,0"
"USC00341445","1965-09","36.06167","-98.59","484.6","CANTON, OK US","","","140.9",",0","12",",0","9",",0","2",",0","0",",0","0",",0","0",",0","0",",0","0",",0","28",",0","14",",0","","","19650930",",,0","19650930","+,,0","19650930","+,,0","","","19650920",",,0","19650914",",,0","6.7",",0,30,","0",",,0,30,+","0",",,0,30,+","48.3",",,0,20,","38.9",",0,14,","151.9","1,,,0","18.1","0","18.1",",0","155.6",",,,0","0",",,,0","22.43",",0","29.39",",,,0","15.47",",,,0","2369",",,,0"
"USC00341445","1965-10","36.06167","-98.59","484.6","CANTON, OK US","","","33.0",",0","2",",0","2",",0","1",",0","0",",0","0",",0","0",",0","0",",0","0",",0","29",",0","2",",0","","","19651022",",,0","19651031","+,,0","19651031","+,,0","","","19651018",",,0","19651010","+,,0","2.2",",0,22,","0",",,0,31,+","0",",,0,31,+","38.9",",,0,18,","35.0",",0,10,+","112.7","1,,,0","92.2","0","74.1",",0","45.0",",,,0","0",",,,0","17.01",",0","24.73",",,,0","9.28",",,,0","1927",",,,0"
"USC00341445","1965-11","36.06167","-98.59","484.6","CANTON, OK US","","","2.0","2,0","0",",0","0",",0","0",",0","0",",0","0",",0","0","2,0","4","2,0","0","2,0","11","2,0","0","2,0","","","19651130",",2,0","19651130","+,,0","19651130","+,,0","","","19651121","+,,0","19651115",",2,0","-5.0","2,0,30,","0",",,0,30,+","0",",,0,30,+","0.0",",T,0,21,+","27.2","2,0,15,","70.9","4,,,0","260.2","0","168.0","2,0","0.0",",T,,0","0",",,,0","12.40","2,0","19.30","2,,,0","5.50","2,,,0","1844","4,,,0"
"USC00341445","1965-12","36.06167","-98.59","484.6","CANTON, OK US","","","0.0","1,0","3",",0","1",",0","1",",0","2",",0","2",",0","0","1,0","16","1,0","0","1,0","2","1,0","0","1,0","","","19651221",",1,0","19651224","+,,0","19651224","+,,0","","","19651224",",,0","19651204",",1,0","-5.0","1,0,21,","25",",,0,24,+","25",",,0,24,+","26.4",",,0,24,","23.3","1,0,04,","57.6","4,,,0","557.7","0","297.5","1,0","29.2",",,,0","50",",,,0","8.42","1,0","14.45","1,,,0","2.38","1,,,0","4744",",,,0"
"USC00341445","1966-01","36.06167","-98.59","484.6","CANTON, OK US","0.0","0","0.0",",0","5",",0","2",",0","0",",0","","","","","2",",0","28",",0","10",",0","0",",0","0",",0","","","19660130","+,,0","","","","","","","19660101",",,0","19660101",",,0","-19.4",",0,30,+","","","","","6.9",",,0,01,","18.3",",0,01,","","","1120.6","0","562.9",",0","12.8",",,,0","","","0.17",",0","6.58",",,,0","-6.23",",,,0","4444",",,,0"
"USC00341445","1966-02","36.06167","-98.59","484.6","CANTON, OK US","0.0","0","0.0","1,0","7",",0","3",",0","0",",0","0",",0","0",",0","0","1,0","21","1,0","2","1,0","0","1,0","0","1,0","","","19660202",",1,0","19660228","+,,0","19660228","+,,0","","","19660228",",,0","19660225","+,1,0","-14.4","1,0,02,","0",",,0,28,+","0",",,0,28,+","11.2",",,0,28,","16.7","1,0,25,+","","","1528.5","0","407.9","1,0","28.3",",,,0","0",",,,0","3.23","1,0","10.42","1,,,0","-3.97","1,,,0","3051","2,,,0"
"USC00341445","1966-03","36.06167","-98.59","484.6","CANTON, OK US","7.8","0","7.8",",0","1",",0","1",",0","0",",0","0",",0","0",",0","0",",0","7",",0","0",",0","17",",0","1",",0","","","19660306",",,0","19660331","+,,0","19660331","+,,0","","","19660312",",,0","19660331",",,0","-6.7",",0,06,","0",",,0,31,+","0",",,0,31,+","4.1",",,0,12,","32.2",",0,31,","","","1735.1","0","206.6",",0","4.1",",,,0","0",",,,0","11.92",",0","19.95",",,,0","3.89",",,,0","5158",",,,0"
"USC00341445","1966-04","36.06167","-98.59","484.6","CANTON, OK US","19.5","0","11.7",",0","8",",0","5",",0","1",",0","0",",0","0",",0","0",",0","5",",0","0",",0","19",",0","0",",0","","","19660405",",,0","19660430","+,,0","19660430","+,,0","","","19660423",",,0","19660401",",,0","-2.2",",0,05,","0",",,0,30,+","0",",,0,30,+","32.0",",,0,23,","31.1",",0,01,","180.7",",,,0","1863.8","0","128.7",",0","69.1",",,,0","0",",,,0","14.43",",0","22.43",",,,0","6.44",",,,0","4166",",,,0"
"USC00341445","1966-05","36.06167","-98.59","484.6","CANTON, OK US","127.6","0","108.1",",0","3",",0","2",",0","0",",0","0",",0","0",",0","0",",0","0",",0","0",",0","28",",0","8",",0","","","19660502",",,0","19660531","+,,0","19660531","+,,0","","","19660511",",,0","19660522",",,0","2.8",",0,02,","0",",,0,31,+","0",",,0,31,+","8.9",",,0,11,","37.8",",0,22,","227.9",",,,0","1903.5","0","39.7",",0","12.4",",,,0","0",",,,0","20.54",",0","28.89",",,,0","12.19",",,,0","3340",",,,0"
"USC00341445","1966-06","36.06167","-98.59","484.6","CANTON, OK US","361.2","0","233.6",",0","5",",0","4",",0","0",",0","0",",0","0",",0","0",",0","0",",0","0",",0","30",",0","24",",0","","","19660609",",,0","19660630","+,,0","19660630","+,,0","","","19660616",",,0","19660615",",,0","11.7",",0,09,","0",",,0,30,+","0",",,0,30,+","11.4",",,0,16,","37.8",",0,15,","275.9",",,,0","1903.5","0","0.0",",0","31.2",",,,0","0",",,,0","26.12",",0","33.80",",,,0","18.44",",,,0","3525",",,,0"
"USC00341445","1966-07","36.06167","-98.59","484.6","CANTON, OK US","709.9","0","348.7","1,0","9",",0","6",",0","0",",0","0",",0","0",",0","0",",0","0",",0","0","1,0","30","1,0","26","1,0","","","19660731","+,,0","19660731","+,,0","19660731","+,,0","","","19660728",",,0","19660719",",1,0","21.1",",0,31,+","0",",,0,31,+","0",",,0,31,+","19.6",",,0,28,","41.7","1,0,19,","290.3",",,,0","0.0","0","0.0","1,0","85.6",",,,0","0",",,,0","29.92","1,0","36.70","1,,,0","23.14",",,,0","2481",",,,0"
"USC00341445","1966-08","36.06167","-98.59","484.6","CANTON, OK US","885.6","0","175.7","2,0","11",",0","7",",0","1",",0","0",",0","0",",0","0",",0","0",",0","0","2,0","29","2,0","9","2,0","","","19660825","+,,0","19660831","+,,0","19660831","+,,0","","","19660810",",,0","19660817",",2,0","12.8",",0,25,+","0",",,0,31,+","0",",,0,31,+","26.4",",,0,10,","36.1","2,0,17,","193.0",",,,0","2.0","0","2.0","2,0","97.3",",,,0","0",",,,0","24.51","2,0","30.21","2,,,0","18.81",",,,0","",""
"USC00341445","1966-09","36.06167","-98.59","484.6","CANTON, OK US","983.4","0","97.8",",0","6",",0","3",",0","0",",0","0",",0","0",",0","0",",0","0",",0","0",",0","29",",0","7",",0","","","19660928","+,,0","19660930","+,,0","19660930","+,,0","","","19660928",",,0","19660902",",,0","9.4",",0,28,+","0",",,0,30,+","0",",,0,30,+","8.4",",,0,28,","33.3",",0,02,","143.4",",,,0","10.1","0","8.1",",0","24.4",",,,0","0",",,,0","21.32",",0","28.46",",,,0","14.19",",,,0","1988",",,,0"
"USC00341445","1966-10","36.06167","-98.59","484.6","CANTON, OK US","1017.8","0","34.4",",0","3",",0","2",",0","0",",0","0",",0","0",",0","0",",0","3",",0","0",",0","25",",0","1",",0","","","19661023",",,0","19661031","+,,0","19661031","+,,0","","","19661018",",,0","19661013",",,0","-1.7",",0,23,","0",",,0,31,+","0",",,0,31,+","13.7",",,0,18,","33.3",",0,13,","163.7",",,,0","105.9","0","95.8",",0","18.8",",,,0","0",",,,0","16.35",",0","24.57",",,,0","8.13",",,,0","4107",",,,0"
"USC00341445","1966-11","36.06167","-98.59","484.6","CANTON, OK US","1024.0","0","6.2","1,0","2",",0","1",",0","0",",0","0",",0","0",",0","0","1,0","10","1,0","0","1,0","15","1,0","0","1,0","","","19661102",",1,0","19661130","+,,0","19661101",",,0","","","19661110",",,0","19661108",",1,0","-8.9","1,0,02,","0",",,0,30,+","0",",T,0,01,","2.8",",,0,10,","27.2","1,0,08,","104.6","2,,,0","302.0","0","196.1","1,0","3.1",",,,0","0",",T,,0","11.78","1,0","19.69","1,,,0","3.88","1,,,0","4279",",,,0"
"USC00341445","1966-12","36.06167","-98.59","484.6","CANTON, OK US","1024.0","0","0.0","1,0","8",",0","1",",0","0",",0","","","","","0","1,0","23","1,0","5","1,0","5","1,0","0","1,0","","","19661211",",1,0","","","","","","","19661227",",,0","19661207",",1,0","-14.4","1,0,11,","","","","","6.1",",,0,27,","26.1","1,0,07,","","","749.7","0","447.7","1,0","10.8",",,,0","","","3.41","1,0","11.02","1,,,0","-4.20","1,,,0","3664","2,,,0"
"USC00341445","1967-01","36.06167","-98.59","484.6","CANTON, OK US","0.0","0","0.0","1,0","2",",0","1",",0","0",",0","0",",0","1",",0","0","1,0","22","1,0","1","1,0","2","1,0","0","1,0","","","19670118",",1,0","19670131","+,,0","19670126",",,0","","","19670126",",,0","19670122",",1,0","-14.4","1,0,18,","0",",,0,31,+","25",",,0,26,","6.6",",,0,26,","28.3","1,0,22,","","","1141.3","0","391.6","1,0","7.1",",,,0","25",",,,0","5.28","1,0","13.54","1,,,0","-2.98","1,,,0","4629","2,,,0"
"USC00341445","1967-02","36.06167","-98.59","484.6","CANTON, OK US","0.0","0","0.0","1,0","2",",0","1",",0","0",",0","0",",0","0",",0","0","1,0","20","1,0","0","1,0","4","1,0","0","1,0","","","19670206",",1,0","19670228","+,,0","19670216","+,,0","","","19670202",",,0","19670228",",1,0","-8.9","1,0,06,","0",",,0,28,+","0",",T,0,16,+","3.6",",,0,02,","23.9","1,0,28,","","","1484.6","0","343.3","1,0","5.9",",,,0","0",",T,,0","5.62","1,0","13.60","1,,,0","-2.37","1,,,0","4922",",,,0"
"USC00341445","1967-03","36.06167","-98.59","484.6","CANTON, OK US","20.6","0","20.6","1,0","5",",0","3",",0","0",",0","0",",0","0",",0","0",",0","8",",0","0","1,0","17","1,0","3","1,0","","","19670308",",,0","19670331","+,,0","19670331","+,,0","","","19670326",",,0","19670329","+,1,0","-15.6",",0,08,","0",",,0,31,+","0",",,0,31,+","10.4",",,0,26,","32.8","1,0,29,+","198.3","4,,,0","1659.6","0","175.0","1,0","24.4",",,,0","0",",,,0","13.21","1,0","21.97","1,,,0","4.45",",,,0","6389",",,,0"
"USC00341445","1967-04","36.06167","-98.59","484.6","CANTON, OK US","68.1","0","47.5",",0","5",",0","4",",0","2",",0","0",",0","0",",0","0",",0","0",",0","0",",0","26",",0","1",",0","","","19670427",",,0","19670430","+,,0","19670430","+,,0","","","19670419",",,0","19670405",",,0","0.6",",0,27,","0",",,0,30,+","0",",,0,30,+","46.7",",,0,19,","32.8",",0,05,","197.2","1,,,0","1699.7","0","40.1",",0","105.2",",,,0","0",",,,0","18.58",",0","25.60",",,,0","11.56",",,,0","4895",",,,0"
"USC00341445","1967-05","36.06167","-98.59","484.6","CANTON, OK US","139.5","0","71.4",",0","9",",0","4",",0","1",",0","0",",0","0",",0","0",",0","0",",0","0",",0","27",",0","6",",0","","","19670502",",,0","19670531","+,,0","19670531","+,,0","","","19670514",",,0","19670510",",,0","2.8",",0,02,","0",",,0,31,+","0",",,0,31,+","25.7",",,0,14,","37.2",",0,10,","210.0","1,,,0","1748.1","0","48.4",",0","59.8",",,,0","0",",,,0","19.08",",0","26.67",",,,0","11.48",",,,0","2841",",,,0"
"USC00341445","1967-06","36.06167","-98.59","484.6","CANTON, OK US","332.6","0","193.1",",0","11",",0","10",",0","3",",0","0",",0","0",",0","0",",0","0",",0","0",",0","29",",0","15",",0","","","19670603",",,0","19670630","+,,0","19670630","+,,0","","","19670607",",,0","19670620",",,0","12.2",",0,03,","0",",,0,30,+","0",",,0,30,+","103.1",",,0,07,","36.1",",0,20,","200.7","2,,,0","1750.9","0","2.8",",0","237.6",",,,0","0",",,,0","24.68",",0","31.08",",,,0","18.27",",,,0","2694",",,,0"
"USC00341445","1967-07","36.06167","-98.59","484.6","CANTON, OK US","","","","","9",",0","4",",0","0",",0","0",",0","0",",0","0",",0","0",",0","","","","","","","","","19670714",",,0","19670731","+,,0","19670731","+,,0","","","19670703",",,0","","","13.3",",0,14,","0",",,0,31,+","0",",,0,31,+","23.6",",,0,03,","","","189.5","1,,,0","","","","","72.3",",,,0","0",",,,0","","","","","18.96",",,,0","1909",",,,0"
"USC00341445","1967-08","36.06167","-98.59","484.6","CANTON, OK US","","","230.5","1,0","6",",0","1",",0","0",",0","0",",0","0",",0","0",",0","0",",0","0","1,0","30","1,0","21","1,0","","","19670812",",,0","19670831","+,,0","19670831","+,,0","","","19670804",",,0","19670829","+,1,0","10.6",",0,12,","0",",,0,31,+","0",",,0,31,+","10.2",",,0,04,","38.9","1,0,29,+","235.0",",,,0","","","0.0","1,0","17.1",",,,0","0",",,,0","25.95","1,0","33.74","1,,,0","18.15",",,,0","2354",",,,0"
"USC00341445","1967-09","36.06167","-98.59","484.6","CANTON, OK US","","","100.7",",0","12",",0","9",",0","2",",0","0",",0","0",",0","0",",0","0",",0","0",",0","28",",0","3",",0","","","19670928",",,0","19670930","+,,0","19670930","+,,0","","","19670921",",,0","19670913","+,,0","3.3",",0,28,","0",",,0,30,+","0",",,0,30,+","53.1",",,0,21,","32.8",",0,13,+","132.6","2,,,0","","","15.5",",0","156.6",",,,0","0",",,,0","21.17",",0","27.66",",,,0","14.68",",,,0","2276",",,,0"
"USC00341445","1967-10","36.06167","-98.59","484.6","CANTON, OK US","","","47.5",",0","4",",0","2",",0","1",",0","0",",0","0",",0","0",",0","0",",0","0",",0","25",",0","0",",0","","","19671017",",,0","19671031","+,,0","19671030",",,0","","","19671007",",,0","19671001",",,0","1.7",",0,17,","0",",,0,31,+","0",",T,0,30,","32.0",",,0,07,","31.7",",0,01,","164.2","1,,,0","","","75.9",",0","57.0",",,,0","0",",T,,0","17.42",",0","24.83",",,,0","10.00",",,,0","4293",",,,0"
"USC00341445","1967-11","36.06167","-98.59","484.6","CANTON, OK US","","","0.0","3,0","5",",0","3",",0","0",",0","0",",0","1",",0","0","2,0","11","2,0","0","2,0","5","2,0","0","2,0","","","19671104",",2,0","19671130","+,,0","19671129",",,0","","","19671101",",,0","19671115",",2,0","-5.6","2,0,04,","0",",,0,30,+","33",",,0,29,","9.1",",,0,01,","24.4","2,0,15,","59.5","4,,,0","","","265.4","2,0","23.3",",,,0","33",",,,0","8.42","3,0","14.78","2,,,0","2.06","2,,,0","2327","4,,,0"
"USC00341445","1967-12","36.06167","-98.59","484.6","CANTON, OK US","","","0.0","5,0","8",",0","4",",0","0",",0","","","","","0","2,0","22","2,0","2","5,0","0","5,0","0","5,0","","","19671231",",2,0","","","","","","","19671221",",,0","19671208","+,5,0","-10.0","2,0,31,","","","","","12.7",",,0,21,","17.8","5,0,08,+","","","","","360.9","5,0","31.3",",,,0","","","4.21","5,0","10.62","5,,,0","-2.20","2,,,0","4272","4,,,0"
"USC00341445","1968-01","36.06167","-98.59","484.6","CANTON, OK US","0.0","0","0.0","1,0","9",",0","1",",0","0",",0","","","","","1","1,0","18","1,0","4","1,0","2","1,0","0","1,0","","","19680107",",1,0","","","","","","","19680103",",,0","19680125",",1,0","-17.8","1,0,07,","","","","","3.8",",,0,03,","21.7","1,0,25,","","","","","466.1","1,0","11.6",",,,0","","","2.80","1,0","8.76","1,,,0","-3.17","1,,,0","3246","3,,,0"
"USC00341445","1968-02","36.06167","-98.59","484.6","CANTON, OK US","0.0","0","0.0","1,0","3","2,0","1","2,0","0","2,0","2","3,0","1",",0","0","1,0","21","1,0","2","1,0","0","1,0","0","1,0","","","19680221",",1,0","19680223",",3,0","19680212",",,0","","","19680212",",2,0","19680210",",1,0","-11.1","1,0,21,","127","3,,0,23,","38",",,0,12,","2.5","2,,0,12,","18.3","1,0,10,","","","","","407.3","1,0","13.7",",a,,0","165",",a,,0","3.79","1,0","10.95","1,,,0","-3.38","1,,,0","3496","2,,,0"
"USC00341445","1968-03","36.06167","-98.59","484.6","CANTON, OK US","5.0","0","5.0",",0","7",",0","2",",0","0",",0","0",",0","0",",0","0",",0","10",",0","0",",0","13",",0","0",",0","","","19680323",",,0","19680331","+,,0","19680311",",,0","","","19680308",",,0","19680329",",,0","-7.8",",0,23,","0",",,0,31,+","13",",,0,11,","5.3",",,0,08,","27.8",",0,29,","120.4","2,,,0","","","221.9",",0","14.0",",,,0","13",",,,0","11.34",",0","18.65",",,,0","4.03",",,,0","6071",",,,0"
"USC00341445","1968-04","36.06167","-98.59","484.6","CANTON, OK US","17.5","0","12.5",",0","9",",0","4",",0","0",",0","0",",0","0",",0","0",",0","2",",0","0",",0","20",",0","0",",0","","","19680405",",,0","19680430","+,,0","19680430","+,,0","","","19680419",",,0","19680417","+,,0","-3.3",",0,05,","0",",,0,30,+","0",",,0,30,+","17.5",",,0,19,","29.4",",0,17,+","183.5",",,,0","","","104.8",",0","44.7",",,,0","0",",,,0","15.26",",0","22.89",",,,0","7.62",",,,0","4132",",,,0"
"USC00341445","1968-05","36.06167","-98.59","484.6","CANTON, OK US","71.7","0","54.2","1,0","15",",0","10",",0","1",",0","0",",0","0",",0","0","1,0","0","1,0","0",",0","27",",0","2",",0","","","19680522","+,1,0","19680531","+,,0","19680531","+,,0","","","19680511",",,0","19680503","+,,0","7.2","1,0,22,+","0",",,0,31,+","0",",,0,31,+","25.9",",,0,11,","33.3",",0,03,+","148.8","2,,,0","","","38.1",",0","110.9",",,,0","0",",,,0","18.83","1,0","25.78",",,,0","11.88","1,,,0","2459",",,,0"
"USC00341445","1968-06","36.06167","-98.59","484.6","CANTON, OK US","249.4","0","177.7","3,0","3",",0","1",",0","0",",0","0",",0","0",",0","0",",0","0",",0","0","3,0","27","3,0","13","3,0","","","19680626",",,0","19680630","+,,0","19680630","+,,0","","","19680616",",,0","19680628",",3,0","11.1",",0,26,","0",",,0,30,+","0",",,0,30,+","14.7",",,0,16,","37.8","3,0,28,","202.7","2,,,0","","","0.0","3,0","16.3",",,,0","0",",,,0","25.10","3,0","31.63","3,,,0","18.57",",,,0","2768",",,,0"
"USC00341445","1968-07","36.06167","-98.59","484.6","CANTON, OK US","517.0","0","267.6",",0","7",",0","6",",0","1",",0","0",",0","0",",0","0",",0","0",",0","0",",0","31",",0","25",",0","","","19680703",",,0","19680731","+,,0","19680731","+,,0","","","19680718",",,0","19680730","+,,0","13.9",",0,03,","0",",,0,31,+","0",",,0,31,+","56.9",",,0,18,","36.7",",0,30,+","236.0","1,,,0","0.0","0","0.0",",0","100.3",",,,0","0",",,,0","26.97",",0","33.47",",,,0","20.46",",,,0","2595",",,,0"
"USC00341445","1968-08","36.06167","-98.59","484.6","CANTON, OK US","786.6","0","269.6","1,0","8",",0","7",",0","1",",0","0",",0","0",",0","0",",0","0",",0","0","1,0","30","1,0","24","1,0","","","19680831","+,,0","19680831","+,,0","19680831","+,,0","","","19680818",",,0","19680809",",1,0","13.9",",0,31,+","0",",,0,31,+","0",",,0,31,+","44.7",",,0,18,","40.6","1,0,09,","252.5","1,,,0","0.0","0","0.0","1,0","107.0",",,,0","0",",,,0","27.30","1,0","33.92","1,,,0","20.67",",,,0","3157",",,,0"
"USC00341445","1968-09","36.06167","-98.59","484.6","CANTON, OK US","904.1","0","117.5",",0","4",",0","3",",0","0",",0","0",",0","0",",0","0",",0","0",",0","0",",0","30",",0","4",",0","","","19680918","+,,0","19680930","+,,0","19680930","+,,0","","","19680921",",,0","19680920","+,,0","8.9",",0,18,+","0",",,0,30,+","0",",,0,30,+","25.1",",,0,21,","34.4",",0,20,+","176.3","2,,,0","0.6","0","0.6",",0","42.7",",,,0","0",",,,0","22.23",",0","29.44",",,,0","15.02",",,,0","2574",",,,0"
"USC00341445","1968-10","36.06167","-98.59","484.6","CANTON, OK US","956.1","0","52.0",",0","3",",0","2",",0","0",",0","0",",0","0",",0","0",",0","0",",0","0",",0","25",",0","1",",0","","","19681028",",,0","19681031","+,,0","19681031","+,,0","","","19681009",",,0","19681029",",,0","1.1",",0,28,","0",",,0,31,+","0",",,0,31,+","11.7",",,0,09,","32.2",",0,29,","156.7",",,,0","65.0","0","64.4",",0","22.1",",,,0","0",",,,0","17.93",",0","25.61",",,,0","10.25",",,,0","3771",",,,0"
"USC00341445","1968-11","36.06167","-98.59","484.6","CANTON, OK US","956.1","0","0.0","1,0","7",",0","7",",0","2",",0","0","1,0","1",",0","0","1,0","9","1,0","0","1,0","2","1,0","0","1,0","","","19681119",",1,0","19681130","+,1,0","19681128",",,0","","","19681115",",,0","19681101",",1,0","-5.6","1,0,19,","0","1,,0,30,+","102",",,0,28,","39.9",",,0,15,","25.6","1,0,01,","","","371.5","0","306.5","1,0","107.7",",,,0","102",",,,0","7.77","1,0","13.43","1,,,0","2.10","1,,,0","2676","2,,,0"
"USC00341445","1968-12","36.06167","-98.59","484.6","CANTON, OK US","956.1","0","0.0","2,0","6",",0","2",",0","0",",0","1",",0","1",",0","1","2,0","24","2,0","1",",0","0",",0","0",",0","","","19681231",",2,0","19681227",",,0","19681227",",,0","","","19681221",",,0","19681204",",,0","-17.8","2,0,31,","25",",,0,27,","25",",,0,27,","5.8",",,0,21,","18.3",",0,04,","","","843.4","0","471.9",",0","14.4",",,,0","25",",,,0","2.06","2,0","8.55",",,,0","-4.44","2,,,0","3743","2,,,0"
"USC00341445","1969-01","36.06167","-98.59","484.6","CANTON, OK US","0.0","0","0.0","1,0","3",",0","1",",0","0",",0","1",",0","0",",0","0","1,0","24","1,0","2","1,0","2","1,0","0","1,0","","","19690104",",1,0","19690116",",,0","19690116",",,0","","","19690129",",,0","19690123","+,1,0","-13.3","1,0,04,","25",",,0,16,","13",",,0,16,","3.8",",,0,29,","21.1","1,0,23,+","","","1289.0","0","445.6","1,0","5.4",",,,0","13",",,,0","3.48","1,0","10.20","1,,,0","-3.24","1,,,0","",""
"USC00341445","1969-02","36.06167","-98.59","484.6","CANTON, OK US","0.0","0","0.0","1,0","5",",0","4",",0","0",",0","1",",0","1",",0","0","1,0","18","1,0","0","1,0","4","1,0","0","1,0","","","19690209",",1,0","19690220",",,0","19690220",",,0","","","19690214",",,0","19690207",",1,0","-7.8","1,0,09,","51",",,0,20,","51",",,0,20,","19.8",",,0,14,","22.8","1,0,07,","","","1627.9","0","338.9","1,0","47.7",",,,0","51",",,,0","5.78","1,0","12.29","1,,,0","-0.72","1,,,0","3563","2,,,0"
"USC00341445","1969-03","36.06167","-98.59","484.6","CANTON, OK US","0.0","0","0.0","1,0","10",",0","5",",0","1",",0","","","","","0","1,0","22","1,0","0","1,0","2","1,0","0","1,0","","","19690309",",1,0","","","","","","","19690323",",,0","19690319",",1,0","-11.1","1,0,09,","","","","","25.4",",,0,23,","27.2","1,0,19,","","","2037.1","0","409.2","1,0","63.8",",,,0","","","4.69","1,0","10.86","1,,,0","-1.48","1,,,0","",""
"USC00341445","1969-04","36.06167","-98.59","484.6","CANTON, OK US","12.8","0","12.8","1,0","6",",0","4",",0","1",",0","0",",0","0",",0","0","1,0","0","1,0","0",",0","23",",0","0",",0","","","19690406",",1,0","19690430","+,,0","19690430","+,,0","","","19690427",",,0","19690408",",,0","0.6","1,0,06,","0",",,0,30,+","0",",,0,30,+","38.6",",,0,27,","30.0",",0,08,","137.3","5,,,0","2124.7","0","87.6",",0","58.6",",,,0","0",",,,0","15.77","1,0","22.91",",,,0","8.63","1,,,0","3108","3,,,0"
"USC00341445","1969-05","36.06167","-98.59","484.6","CANTON, OK US","93.9","0","81.1",",0","10",",0","8",",0","3",",0","0",",0","0",",0","0",",0","0",",0","0",",0","31",",0","3",",0","","","19690509",",,0","19690531","+,,0","19690531","+,,0","","","19690508","+,,0","19690531",",,0","7.2",",0,09,","0",",,0,31,+","0",",,0,31,+","39.6",",,0,08,+","33.9",",0,31,","151.6","4,,,0","2135.5","0","10.8",",0","183.9",",,,0","0",",,,0","20.60",",0","27.21",",,,0","14.00",",,,0","2486",",,,0"
"USC00341445","1969-06","36.06167","-98.59","484.6","CANTON, OK US","293.7","0","199.8",",0","9",",0","8",",0","0",",0","0",",0","0",",0","0",",0","0",",0","0",",0","29",",0","19",",0","","","19690602",",,0","19690630","+,,0","19690630","+,,0","","","19690614",",,0","19690627",",,0","11.7",",0,02,","0",",,0,30,+","0",",,0,30,+","20.8",",,0,14,","38.3",",0,27,","244.0","2,,,0","2138.5","0","3.0",",0","80.5",",,,0","0",",,,0","24.89",",0","31.85",",,,0","17.93",",,,0","3004",",,,0"
"USC00341445","1969-07","36.06167","-98.59","484.6","CANTON, OK US","667.7","0","374.0",",0","4",",0","2",",0","0",",0","0",",0","0",",0","0",",0","0",",0","0",",0","31",",0","31",",0","","","19690729",",,0","19690731","+,,0","19690731","+,,0","","","19690725",",,0","19690713","+,,0","15.6",",0,29,","0",",,0,31,+","0",",,0,31,+","7.6",",,0,25,","41.1",",0,13,+","319.2",",,,0","0.0","0","0.0",",0","14.2",",,,0","0",",,,0","30.40",",0","38.01",",,,0","22.78",",,,0","2776",",,,0"
"USC00341445","1969-08","36.06167","-98.59","484.6","CANTON, OK US","955.7","0","288.0",",0","8",",0","5",",0","1",",0","0",",0","0",",0","0",",0","0",",0","0",",0","31",",0","21",",0","","","19690817",",,0","19690831","+,,0","19690831","+,,0","","","19690826",",,0","19690814","+,,0","16.7",",0,17,","0",",,0,31,+","0",",,0,31,+","29.5",",,0,26,","42.8",",0,14,+","222.5","2,,,0","0.0","0","0.0",",0","75.8",",,,0","0",",,,0","27.62",",0","34.84",",,,0","20.41",",,,0","2189",",,,0"
"USC00341445","1969-09","36.06167","-98.59","484.6","CANTON, OK US","1111.7","0","156.0",",0","7",",0","3",",0","1",",0","0",",0","0",",0","0",",0","0",",0","0",",0","30",",0","8",",0","","","19690924",",,0","19690930","+,,0","19690930","+,,0","","","19690916",",,0","19690907",",,0","10.0",",0,24,","0",",,0,30,+","0",",,0,30,+","40.6",",,0,16,","36.1",",0,07,","141.1","1,,,0","0.5","0","0.5",",0","72.4",",,,0","0",",,,0","23.52",",0","29.57",",,,0","17.46",",,,0","2370",",,,0"
"USC00341445","1969-10","36.06167","-98.59","484.6","CANTON, OK US","1147.8","0","36.1",",0","8",",0","7",",0","0",",0","0",",0","0",",0","0",",0","2",",0","0",",0","15",",0","2",",0","","","19691014",",,0","19691031","+,,0","19691031","+,,0","","","19691007",",,0","19691003","+,,0","-0.6",",0,14,","0",",,0,31,+","0",",,0,31,+","8.9",",,0,07,","32.2",",0,03,+","96.2","4,,,0","154.2","0","153.7",",0","28.8",",,,0","0",",,,0","14.54",",0","20.42",",,,0","8.66",",,,0","3269",",,,0"
"USC00341445","1969-11","36.06167","-98.59","484.6","CANTON, OK US","1147.8","0","0.0","2,0","0",",0","0",",0","0",",0","0",",0","0",",0","0","2,0","12","2,0","0","2,0","13","2,0","0","2,0","","","19691128",",2,0","19691130","+,,0","19691130","+,,0","","","19691114","+,,0","19691117","+,2,0","-11.7","2,0,28,","0",",,0,30,+","0",",,0,30,+","0.0",",T,0,14,+","25.0","2,0,17,+","","","378.0","0","223.8","2,0","0.0",",T,,0","0",",,,0","10.34","2,0","18.98","2,,,0","1.70","2,,,0","3061","4,,,0"
"USC00341445","1969-12","36.06167","-98.59","484.6","CANTON, OK US","1147.8","0","0.0","1,0","6",",0","2",",0","0",",0","1",",","","","0",",0","21",",0","0","1,0","3","1,0","0","1,0","","","19691231",",,0","19691229",",,0","","","","","19691206",",,0","19691222","+,1,0","-10.6",",0,31,","51",",,0,29,","","","20.8",",,0,06,","22.2","1,0,22,+","","","772.7","0","394.7","1,0","28.0",",,,0","","","5.16","1,0","11.84","1,,,0","-1.53",",,,0","3146",",,,0"
"USC00341445","1970-01","36.06167","-98.59","484.6","CANTON, OK US","0.0","0","0.0",",0","5",",0","0",",0","0",",0","","","","","0",",0","27",",0","8",",0","1",",0","0",",0","","","19700108",",,0","","","","","","","19700118",",,0","19700125",",,0","-15.6",",0,08,","","","","","0.8",",,0,18,","21.1",",0,25,","","","1323.5","0","550.8",",0","2.2",",,,0","","","0.56",",0","6.74",",,,0","-5.61",",,,0","",""
"USC00341445","1970-02","36.06167","-98.59","484.6","CANTON, OK US","0.0","0","0.0",",0","0",",0","0",",0","0",",0","0",",0","0",",0","0",",0","16",",0","0",",0","5",",0","0",",0","","","19700203",",,0","19700228","+,,0","19700228","+,,0","","","19700207",",,0","19700218",",,0","-9.4",",0,03,","0",",,0,28,+","0",",,0,28,+","0.0",",T,0,07,","26.7",",0,18,","","","1630.6","0","307.1",",0","0.0",",T,,0","0",",,,0","7.37",",0","15.38",",,,0","-0.65",",,,0","",""
"USC00341445","1970-03","36.06167","-98.59","484.6","CANTON, OK US","1.4","0","1.4",",0","10",",0","6",",0","0",",0","1",",0","0","1,0","0",",0","20",",0","0",",0","8",",0","0",",0","","","19700314",",,0","19700319",",,0","19700312","+,1,0","","","19700319",",,0","19700325","+,,0","-8.9",",0,14,","102",",,0,19,","0","1,T,0,12,+","13.0",",,0,19,","23.9",",0,25,+","","","1984.6","0","354.0",",0","40.4",",,,0","0","1,T,,0","6.96",",0","13.44",",,,0","0.48",",,,0","",""
"USC00341445","1970-04","36.06167","-98.59","484.6","CANTON, OK US","31.2","0","29.8",",0","9",",0","6",",0","2",",0","0",",0","0",",0","0",",0","3",",0","0",",0","21",",0","1",",0","","","19700405",",,0","19700430","+,,0","19700430","+,,0","","","19700418",",,0","19700427",",,0","-5.0",",0,05,","0",",,0,30,+","0",",,0,30,+","54.6",",,0,18,","32.2",",0,27,","173.0","5,,,0","2095.6","0","111.0",",0","119.5",",,,0","0",",,,0","15.63",",0","23.19",",,,0","8.06",",,,0","4188",",,,0"
"USC00341445","1970-05","36.06167","-98.59","484.6","CANTON, OK US","165.3","0","134.1",",0","3",",0","2",",0","0",",0","0",",0","0",",0","0",",0","0",",0","0",",0","31",",0","7",",0","","","19700501",",,0","19700531","+,,0","19700531","+,,0","","","19700529",",,0","19700512",",,0","4.4",",0,01,","0",",,0,31,+","0",",,0,31,+","5.1",",,0,29,","33.3",",0,12,","248.5",",,,0","2106.7","0","11.1",",0","8.9",",,,0","0",",,,0","22.30",",0","29.64",",,,0","14.96",",,,0","3602",",,,0"
"USC00341445","1970-06","36.06167","-98.59","484.6","CANTON, OK US","404.3","0","239.0",",0","6",",0","3",",0","0",",0","0",",0","0",",0","0",",0","0",",0","0",",0","29",",0","22",",0","","","19700605","+,,0","19700630","+,,0","19700630","+,,0","","","19700612",",,0","19700618","+,,0","10.6",",0,05,+","0",",,0,30,+","0",",,0,30,+","12.7",",,0,12,","40.0",",0,18,+","284.1",",,,0","2113.3","0","6.6",",0","32.3",",,,0","0",",,,0","26.08",",0","33.75",",,,0","18.41",",,,0","3403",",,,0"
"USC00341445","1970-07","36.06167","-98.59","484.6","CANTON, OK US","744.3","0","340.0",",0","5",",0","4",",0","0",",0","0",",0","0",",0","0",",0","0",",0","0",",0","31",",0","28",",0","","","19700721",",,0","19700731","+,,0","19700731","+,,0","","","19700721",",,0","19700707",",,0","11.7",",0,21,","0",",,0,31,+","0",",,0,31,+","17.3",",,0,21,","43.3",",0,07,","337.0",",,,0","0.0","0","0.0",",0","37.9",",,,0","0",",,,0","29.30",",0","37.44",",,,0","21.16",",,,0","3147",",,,0"
"USC00341445","1970-08","36.06167","-98.59","484.6","CANTON, OK US","1084.4","0","340.1",",0","5",",0","2",",0","1",",0","0",",0","0",",0","0",",0","0",",0","0",",0","31",",0","28",",0","","","19700824","+,,0","19700831","+,,0","19700831","+,,0","","","19700822",",,0","19700808",",,0","14.4",",0,24,+","0",",,0,31,+","0",",,0,31,+","58.2",",,0,22,","42.8",",0,08,","297.9","1,,,0","0.0","0","0.0",",0","72.5",",,,0","0",",,,0","29.30",",0","36.99",",,,0","21.62",",,,0","2618",",,,0"
"USC00341445","1970-09","36.06167","-98.59","484.6","CANTON, OK US","1255.6","0","171.2",",0","6",",0","3",",0","2",",0","0",",0","0",",0","0",",0","0",",0","0",",0","27",",0","13",",0","","","19700927",",,0","19700930","+,,0","19700930","+,,0","","","19700915",",,0","19700904",",,0","7.2",",0,27,","0",",,0,30,+","0",",,0,30,+","47.5",",,0,15,","38.9",",0,04,","","","13.3","0","13.3",",0","86.7",",,,0","0",",,,0","23.60",",0","30.09",",,,0","17.10",",,,0","3449",",,,0"
"USC00341445","1970-10","36.06167","-98.59","484.6","CANTON, OK US","1289.0","0","33.4",",0","6",",0","3",",0","0",",0","0",",0","0",",0","0",",0","1",",0","0",",0","18",",0","0",",0","","","19701028",",,0","19701031","+,,0","19701031","+,,0","","","19701008",",,0","19701007","+,,0","0.0",",0,28,","0",",,0,31,+","0",",,0,31,+","8.4",",,0,08,","30.6",",0,07,+","100.2","4,,,0","139.7","0","126.4",",0","20.7",",,,0","0",",,,0","15.33",",0","22.18",",,,0","8.48",",,,0","2684",",,,0"
"USC00341445","1970-11","36.06167","-98.59","484.6","CANTON, OK US","1289.0","0","0.0","2,0","4",",0","1",",0","0",",0","0",",0","0",",0","0","1,0","16","1,0","0","1,0","9","1,0","0","1,0","","","19701124",",1,0","19701114",",,0","19701114",",,0","","","19701114",",,0","19701126",",1,0","-9.4","1,0,24,","0",",T,0,14,","0",",T,0,14,","5.1",",,0,14,","24.4","1,0,26,","","","424.1","0","284.4","1,0","8.0",",,,0","0",",T,,0","8.31","2,0","15.61","1,,,0","1.02","1,,,0","3060","4,,,0"
"USC00341445","1970-12","36.06167","-98.59","484.6","CANTON, OK US","","","","","2",",0","1",",0","0",",0","0",",0","0",",0","0","3,0","17","3,0","0","2,0","3","2,0","0","2,0","","","19701212",",3,0","19701231","+,,0","19701231","+,,0","","","19701216",",,0","19701202",",2,0","-8.9","3,0,12,","0",",,0,31,+","0",",,0,31,+","20.1",",,0,16,","24.4","2,0,02,","","","","","","","21.1",",,,0","0",",,,0","7.05","4,0","14.83","2,,,0","-0.73","3,,,0","",""
"USC00341445","1971-01","36.06167","-98.59","484.6","CANTON, OK US","0.0","0","0.0","2,0","1",",0","1",",0","0",",0","0",",0","0",",0","0","1,0","26","1,0","4","1,0","2","1,0","0","1,0","","","19710106",",1,0","19710131","+,,0","19710113","+,,0","","","19710103",",,0","19710129",",1,0","-15.0","1,0,06,","0",",,0,31,+","0",",T,0,13,+","17.8",",,0,03,","24.4","1,0,29,","","","","","441.1","1,0","17.8",",,,0","0",",T,,0","2.89","2,0","10.87","1,,,0","-5.09","1,,,0","",""
"USC00341445","1971-02","36.06167","-98.59","484.6","CANTON, OK US","0.0","0","0.0","2,0","6",",0","3",",0","0",",0","","","","","0","1,0","22","1,0","1","2,0","2","2,0","0","2,0","","","19710208",",1,0","","","","","","","19710222",",,0","19710218","+,2,0","-15.6","1,0,08,","","","","","19.1",",,0,22,","21.1","2,0,18,+","","","","","378.3","2,0","27.4",",,,0","","","3.81","2,0","11.50","2,,,0","-3.89","1,,,0","",""
"USC00341445","1971-03","36.06167","-98.59","484.6","CANTON, OK US","12.3","0","12.3",",0","0",",0","0",",0","0",",0","0",",0","0",",0","0",",0","16",",0","0",",0","11",",0","1",",0","","","19710303",",,0","19710301",",,0","19710301",",,0","","","19710301",",,0","19710327",",,0","-9.4",",0,03,","0",",T,0,01,","0",",T,0,01,","0.0",",T,0,01,","32.8",",0,27,","","","","","262.9",",0","0.0",",T,,0","0",",T,,0","10.25",",0","18.91",",,,0","1.59",",,,0","4973",",,,0"
"USC00341445","1971-04","36.06167","-98.59","484.6","CANTON, OK US","45.7","0","33.4",",0","7",",0","2",",0","0",",0","0",",0","0",",0","0",",0","3",",0","0",",0","26",",0","0",",0","","","19710406",",,0","19710430","+,,0","19710430","+,,0","","","19710429",",,0","19710427","+,,0","-3.9",",0,06,","0",",,0,30,+","0",",,0,30,+","5.6",",,0,29,","31.7",",0,27,+","200.8","1,,,0","","","79.3",",0","13.0",",,,0","0",",,,0","16.81",",0","25.17",",,,0","8.44",",,,0","4157",",,,0"
"USC00341445","1971-05","36.06167","-98.59","484.6","CANTON, OK US","147.7","0","102.0",",0","6",",0","3",",0","0",",0","0",",0","0",",0","0",",0","0",",0","0",",0","30",",0","9",",0","","","19710513",",,0","19710531","+,,0","19710531","+,,0","","","19710527",",,0","19710527","+,,0","2.8",",0,13,","0",",,0,31,+","0",",,0,31,+","7.6",",,0,27,","34.4",",0,27,+","227.8",",,,0","","","21.9",",0","22.3",",,,0","0",",,,0","20.91",",0","29.23",",,,0","12.60",",,,0","2971",",,,0"
"USC00341445","1971-06","36.06167","-98.59","484.6","CANTON, OK US","399.7","0","252.0",",0","7",",0","5",",0","2",",0","0",",0","0",",0","0",",0","0",",0","0",",0","30",",0","23",",0","","","19710601",",,0","19710630","+,,0","19710630","+,,0","","","19710609",",,0","19710626","+,,0","14.4",",0,01,","0",",,0,30,+","0",",,0,30,+","41.4",",,0,09,","36.1",",0,26,+","267.3","2,,,0","","","0.0",",0","115.4",",,,0","0",",,,0","26.73",",0","33.61",",,,0","19.85",",,,0","3414",",,,0"
"USC00341445","1971-07","36.06167","-98.59","484.6","CANTON, OK US","719.8","0","320.1",",0","6",",0","5",",0","0",",0","0",",0","0",",0","0",",0","0",",0","0",",0","31",",0","27",",0","","","19710730",",,0","19710731","+,,0","19710731","+,,0","","","19710728",",,0","19710717",",,0","12.8",",0,30,","0",",,0,31,+","0",",,0,31,+","8.1",",,0,28,","42.2",",0,17,","321.7",",,,0","0.0","0","0.0",",0","31.6",",,,0","0",",,,0","28.66",",0","36.35",",,,0","20.97",",,,0","2535","2,,,0"
"USC00341445","1971-08","36.06167","-98.59","484.6","CANTON, OK US","951.7","0","231.9","1,0","4",",0","2",",0","0",",0","0",",0","0",",0","0","1,0","0","1,0","0",",0","31",",0","22",",0","","","19710802",",1,0","19710831","+,,0","19710831","+,,0","","","19710809",",,0","19710823",",,0","13.9","1,0,02,","0",",,0,31,+","0",",,0,31,+","6.9",",,0,09,","37.8",",0,23,","231.5",",,,0","0.0","0","0.0",",0","13.8",",,,0","0",",,,0","26.00","1,0","33.35",",,,0","18.65","1,,,0","1926","2,,,0"
"USC00341445","1971-09","36.06167","-98.59","484.6","CANTON, OK US","1135.7","0","184.0","1,0","5",",0","4",",0","1",",0","0",",0","0",",0","0",",0","0",",0","0","1,0","26","1,0","15","1,0","","","19710921",",,0","19710930","+,,0","19710930","+,,0","","","19710918",",,0","19710907",",1,0","6.1",",0,21,","0",",,0,30,+","0",",,0,30,+","50.8",",,0,18,","39.4","1,0,07,","198.1","3,,,0","24.7","0","24.7","1,0","106.7",",,,0","0",",,,0","23.67","1,0","30.83","1,,,0","16.51",",,,0","3121",",,,0"
"USC00341445","1971-10","36.06167","-98.59","484.6","CANTON, OK US","1171.0","0","35.3","3,0","8",",0","7",",0","2",",0","0",",0","0",",0","0","2,0","0","2,0","0","3,0","26","3,0","0","3,0","","","19711031",",2,0","19711031","+,,0","19711031","+,,0","","","19711029",",,0","19711012",",3,0","1.7","2,0,31,","0",",,0,31,+","0",",,0,31,+","36.6",",,0,29,","30.0","3,0,12,","","","73.3","0","48.6","3,0","114.6",",,,0","0",",,,0","17.87","3,0","25.34","3,,,0","10.40","2,,,0","1952","4,,,0"
"USC00341445","1971-11","36.06167","-98.59","484.6","CANTON, OK US","1171.6","0","0.6","1,0","4",",0","1",",0","0",",0","1",",0","1",",0","0","1,0","8","1,0","0",",0","10",",0","0",",0","","","19711107",",1,0","19711123",",,0","19711123",",,0","","","19711123",",,0","19711112",",,0","-3.3","1,0,07,","152",",,0,23,","152",",,0,23,","21.3",",,0,23,","25.0",",0,12,","","","307.9","0","234.6",",0","23.4",",,,0","152",",,,0","10.14","1,0","16.26",",,,0","4.02","1,,,0","2393","2,,,0"
"USC00341445","1971-12","36.06167","-98.59","484.6","CANTON, OK US","1171.6","0","0.0","5,0","7",",0","5",",0","0",",0","4",",0","0","2,0","0","4,0","20","4,0","0","4,0","0","4,0","0","4,0","","","19711206",",4,0","19711203",",,0","19711231","+,2,0","","","19711203",",,0","19711223",",4,0","-6.1","4,0,06,","229",",,0,03,","0","2,,0,31,+","13.2",",,0,03,","18.3","4,0,23,","","","688.7","0","380.8","4,0","39.9",",,,0","0","2,,,0","3.77","5,0","8.68","4,,,0","-1.14","4,,,0","",""
"USC00341445","1972-01","36.06167","-98.59","484.6","CANTON, OK US","0.0","0","0.0","5,0","2",",0","0",",0","0",",0","3",",0","1",",0","1","5,0","20","5,0","5","3,0","0","3,0","0","3,0","","","19720115",",5,0","19720128","+,,0","19720104",",,0","","","19720104","+,,0","19720118",",3,0","-18.9","5,0,15,","25",",,0,28,+","25",",,0,04,","0.5",",,0,04,+","18.9","3,0,18,","","","1130.1","0","441.4","3,0","1.0",",,,0","38",",,,0","1.46","5,0","8.73","3,,,0","-5.81","5,,,0","",""
"USC00341445","1972-02","36.06167","-98.59","484.6","CANTON, OK US","0.0","0","0.0","5,0","3",",0","1",",0","0",",0","2",",","","","0","4,0","19","4,0","0","4,0","2","4,0","0","4,0","","","19720203",",4,0","19720212","+,,0","","","","","19720212",",,0","19720229",",4,0","-13.9","4,0,03,","76",",,0,12,+","","","4.1",",,0,12,","27.2","4,0,29,","","","1438.3","0","308.2","4,0","5.2",",,,0","","","5.45","5,0","13.62","4,,,0","-2.72","4,,,0","",""
"USC00341445","1972-03","36.06167","-98.59","484.6","CANTON, OK US","","","","","2",",0","1",",0","0",",0","0",",0","0",",0","0","5,0","9","5,0","0","5,0","16","5,0","0","5,0","","","19720302",",5,0","19720302",",,0","19720302",",,0","","","19720324",",,0","19720326",",5,0","-7.2","5,0,02,","0",",T,0,02,","0",",T,0,02,","2.5",",,0,24,","30.0","5,0,26,","","","","","","","3.5",",,,0","0",",T,,0","12.62","7,0","21.88","5,,,0","3.36","5,,,0","",""
"USC00341445","1972-04","36.06167","-98.59","484.6","CANTON, OK US","","","","","6",",0","4",",0","0",",0","0",",0","0",",0","","","","","","","","","","","","","","","19720430","+,,0","19720430","+,,0","","","19720429",",,0","","","","","0",",,0,30,+","0",",,0,30,+","14.2",",,0,29,","","","","","","","","","37.4",",,,0","0",",,,0","","","","","","","",""
"USC00341445","1972-05","36.06167","-98.59","484.6","CANTON, OK US","","","70.8",",0","7",",0","3",",0","2",",0","0",",0","0",",0","0",",0","0",",0","0",",0","30",",0","5",",0","","","19720508",",,0","19720531","+,,0","19720531","+,,0","","","19720512",",,0","19720521",",,0","6.1",",0,08,","0",",,0,31,+","0",",,0,31,+","47.8",",,0,12,","32.8",",0,21,","172.5","2,,,0","","","28.2",",0","100.2",",,,0","0",",,,0","19.71",",0","26.86",",,,0","12.56",",,,0","2113",",,,0"
"USC00341445","1972-06","36.06167","-98.59","484.6","CANTON, OK US","","","221.1",",0","5",",0","5",",0","0",",0","0",",0","0",",0","0",",0","0",",0","0",",0","30",",0","18",",0","","","19720601",",,0","19720630","+,,0","19720630","+,,0","","","19720614",",,0","19720630","+,,0","12.8",",0,01,","0",",,0,30,+","0",",,0,30,+","18.3",",,0,14,","36.1",",0,30,+","222.0","2,,,0","","","0.0",",0","47.3",",,,0","0",",,,0","25.70",",0","32.81",",,,0","18.60",",,,0","2139",",,,0"
"USC00341445","1972-07","36.06167","-98.59","484.6","CANTON, OK US","","","276.3",",0","8",",0","6",",0","2",",0","0",",0","0",",0","0",",0","0",",0","0",",0","31",",0","25",",0","","","19720705",",,0","19720731","+,,0","19720731","+,,0","","","19720703",",,0","19720727","+,,0","12.8",",0,05,","0",",,0,31,+","0",",,0,31,+","45.0",",,0,03,","39.4",",0,27,+","240.3","2,,,0","0.0","0","0.0",",0","104.5",",,,0","0",",,,0","27.25",",0","34.08",",,,0","20.41",",,,0","3086",",,,0"
"USC00341445","1972-08","36.06167","-98.59","484.6","CANTON, OK US","","","266.9",",0","6",",0","5",",0","0",",0","0",",0","0",",0","0",",0","0",",0","0",",0","31",",0","24",",0","","","19720825",",,0","19720831","+,,0","19720831","+,,0","","","19720825",",,0","19720806",",,0","14.4",",0,25,","0",",,0,31,+","0",",,0,31,+","21.8",",,0,25,","39.4",",0,06,","225.6","2,,,0","0.0","0","0.0",",0","60.3",",,,0","0",",,,0","26.94",",0","34.30",",,,0","19.58",",,,0","2291",",,,0"
"USC00341445","1972-09","36.06167","-98.59","484.6","CANTON, OK US","","","181.1",",0","6",",0","6",",0","2",",0","0",",0","0",",0","0",",0","0",",0","0",",0","30",",0","17",",0","","","19720930",",,0","19720930","+,,0","19720930","+,,0","","","19720908",",,0","19720918",",,0","3.9",",0,30,","0",",,0,30,+","0",",,0,30,+","75.2",",,0,08,","36.1",",0,18,","153.9","2,,,0","6.4","0","6.4",",0","136.4",",,,0","0",",,,0","24.16",",0","30.65",",,,0","17.66",",,,0","2327","2,,,0"
"USC00341445","1972-10","36.06167","-98.59","484.6","CANTON, OK US","","","53.4","1,0","6",",0","5",",0","0",",0","0",",0","0",",0","0","1,0","2","1,0","0","1,0","17","1,0","1","1,0","","","19721024",",1,0","19721031","+,,0","19721031","+,,0","","","19721022",",,0","19721011",",1,0","-1.1","1,0,24,","0",",,0,31,+","0",",,0,31,+","21.8",",,0,22,","32.2","1,0,11,","110.0","5,,,0","118.3","0","111.9","1,0","64.4",",,,0","0",",,,0","16.38","1,0","23.09","1,,,0","9.67","1,,,0","1876","4,,,0"
"USC00341445","1972-11","36.06167","-98.59","484.6","CANTON, OK US","","","0.0","5,0","7",",0","6",",0","0",",0","6",",0","3",",0","0","5,0","12","5,0","0","5,0","2","5,0","0","5,0","","","19721122",",5,0","19721121",",,0","19721121",",,0","","","19721113",",,0","19721106",",5,0","-6.7","5,0,22,","203",",,0,21,","152",",,0,21,","18.8",",,0,13,","23.3","5,0,06,","","","418.5","0","300.2","5,0","62.0",",,,0","304",",,,0","6.33","5,0","11.44","5,,,0","1.21","5,,,0","",""
"USC00341445","1972-12","36.06167","-98.59","484.6","CANTON, OK US","","","","","3",",0","3",",0","0",",0","9",",","","","","","","","","","","","","","","","","","19721215",",,0","","","","","19721212",",,0","","","","","102",",,0,15,","","","11.4",",,0,12,","","","","","","","","","20.8",",,,0","","","","","","","","","",""
"USC00341445","1973-01","36.06167","-98.59","484.6","CANTON, OK US","","","","","11",",0","5",",0","1",",0","9","2,0","3",",0","","","","","","","","","","","","","","","19730122","+,2,0","19730122",",,0","","","19730122",",,0","","","","","127","2,,0,22,+","152",",,0,22,","29.2",",,0,22,","","","","","","","","","64.0",",,,0","325",",,,0","","","","","","","",""
"USC00341445","1973-02","36.06167","-98.59","484.6","CANTON, OK US","","","","","2",",0","1",",0","0",",0","","","","","","","","","","","","","","","","","","","","","","","","","19730201",",,0","","","","","","","","","10.2",",,0,01,","","","","","","","","","10.7",",,,0","","","","","","","","","",""
"USC00341445","1973-03","36.06167","-98.59","484.6","CANTON, OK US","","","","","15",",0","14",",0","4",",0","0","1,0","0","1,0","","","","","","","","","","","","","","","19730331","+,1,0","19730331","+,1,0","","","19730310",",,0","","","","","0","1,,0,31,+","0","1,,0,31,+","40.1",",,0,10,","","","","","","","","","239.4",",,,0","0","1,,,0","","","","","","","",""
"USC00341445","1973-04","36.06167","-98.59","484.6","CANTON, OK US","","","11.1",",0","11",",0","7",",0","0",",0","1","1,0","2",",0","0",",0","3",",0","0",",0","15",",0","0",",0","","","19730409",",,0","19730409",",1,0","19730408",",,0","","","19730408",",,0","19730421",",,0","-5.6",",0,09,","178","1,,0,09,","127",",,0,08,","12.2",",,0,08,","27.2",",0,21,","","","","","166.4",",0","51.0",",,,0","203",",,,0","13.16",",0","19.62",",,,0","6.69",",,,0","3535","1,,,0"
"USC00341445","1973-05","36.06167","-98.59","484.6","CANTON, OK US","","","64.7",",0","8",",0","4",",0","3",",0","0",",0","0",",0","0",",0","0",",0","0",",0","31",",0","4",",0","","","19730515",",,0","19730531","+,,0","19730531","+,,0","","","19730501",",,0","19730522","+,,0","3.3",",0,15,","0",",,0,31,+","0",",,0,31,+","36.1",",,0,01,","34.4",",0,22,+","166.6","2,,,0","","","24.9",",0","99.4",",,,0","0",",,,0","19.61",",0","27.23",",,,0","12.00",",,,0","1829",",,,0"
"USC00341445","1973-06","36.06167","-98.59","484.6","CANTON, OK US","","","208.2",",0","4",",0","3",",0","0",",0","0",",0","0",",0","0",",0","0",",0","0",",0","30",",0","19",",0","","","19730605",",,0","19730630","+,,0","19730630","+,,0","","","19730602",",,0","19730628","+,,0","11.7",",0,05,","0",",,0,30,+","0",",,0,30,+","19.1",",,0,02,","36.7",",0,28,+","219.2",",,,0","","","0.0",",0","29.3",",,,0","0",",,,0","25.27",",0","32.26",",,,0","18.28",",,,0","",""
"USC00341445","1973-07","36.06167","-98.59","484.6","CANTON, OK US","","","292.7",",0","6",",0","5",",0","1",",0","0",",0","0",",0","0",",0","0",",0","0",",0","31",",0","29",",0","","","19730716",",,0","19730731","+,,0","19730731","+,,0","","","19730725",",,0","19730705",",,0","15.0",",0,16,","0",",,0,31,+","0",",,0,31,+","28.4",",,0,25,","40.0",",0,05,","233.8","5,,,0","0.0","0","0.0",",0","79.7",",,,0","0",",,,0","27.78",",0","35.07",",,,0","20.48",",,,0","",""
"USC00341445","1973-08","36.06167","-98.59","484.6","CANTON, OK US","","","311.6",",0","1",",0","0",",0","0",",0","0",",0","0",",0","0",",0","0",",0","0",",0","31",",0","29",",0","","","19730802",",,0","19730831","+,,0","19730831","+,,0","","","19730830",",,0","19730824",",,0","16.1",",0,02,","0",",,0,31,+","0",",,0,31,+","0.8",",,0,30,","41.1",",0,24,","280.2",",,,0","0.0","0","0.0",",0","0.8",",,,0","0",",,,0","28.39",",0","36.32",",,,0","20.45",",,,0","",""
"USC00341445","1973-09","36.06167","-98.59","484.6","CANTON, OK US","","","113.7","3,0","12",",0","7",",0","2",",0","0",",0","0",",0","0","2,0","0","2,0","0","3,0","24","3,0","3","3,0","","","19730918",",2,0","19730930","+,,0","19730930","+,,0","","","19730927",",,0","19730902",",3,0","6.1","2,0,18,","0",",,0,30,+","0",",,0,30,+","29.7",",,0,27,","35.6","3,0,02,","140.1","4,,,0","19.3","0","19.3","3,0","117.0",",,,0","0",",,,0","21.77","3,0","28.05","3,,,0","15.49","2,,,0","2489","3,,,0"
"USC00341445","1973-10","36.06167","-98.59","484.6","CANTON, OK US","","","45.1","3,0","3",",0","2",",0","1",",0","0",",0","0",",0","0","2,0","1","2,0","0","3,0","24","3,0","0","3,0","","","19731029",",2,0","19731031","+,,0","19731031","+,,0","","","19731011",",,0","19731023","+,3,0","0.0","2,0,29,","0",",,0,31,+","0",",,0,31,+","85.6",",,0,11,","31.1","3,0,23,+","","","63.2","0","43.9","3,0","89.7",",,,0","0",",,,0","18.35","3,0","25.41","3,,,0","11.29","2,,,0","2116","5,,,0"
"USC00341445","1973-11","36.06167","-98.59","484.6","CANTON, OK US","","","3.0","1,0","8",",0","4",",0","0",",0","0",",0","0",",0","0","1,0","3","1,0","0","1,0","12","1,0","0","1,0","","","19731121",",1,0","19731130","+,,0","19731130","+,,0","","","19731128",",,0","19731114","+,1,0","-2.8","1,0,21,","0",",,0,30,+","0",",,0,30,+","8.6",",,0,28,","27.2","1,0,14,+","","","275.6","0","212.4","1,0","26.2",",,,0","0",",,,0","11.11","1,0","17.39","1,,,0","4.84","1,,,0","2761","2,,,0"
"USC00341445","1973-12","36.06167","-98.59","484.6","CANTON, OK US","","","","","4",",0","2",",0","0",",0","2",",","","","","","","","","","","","","","","","","","19731218",",,0","","","","","19731204",",,0","","","","","76",",,0,18,","","","22.1",",,0,04,","","","","","","","","","25.9",",,,0","","","","","","","","","",""
"USC00341445","1974-01","36.06167","-98.59","484.6","CANTON, OK US","","","","","2",",0","1",",0","0",",0","","","","","","","","","","","","","","","","","","","","","","","","","19740110",",,0","","","","","","","","","11.9",",,0,10,","","","","","","","","","12.2",",,,0","","","","","","","","","",""
"USC00341445","1974-02","36.06167","-98.59","484.6","CANTON, OK US","","","","","3",",0","1",",0","1",",0","","","","","","","","","","","","","","","","","","","","","","","","","19740215",",,0","","","","","","","","","38.9",",,0,15,","","","","","","","","","42.0",",,,0","","","","","","","","","",""
"USC00341445","1974-03","36.06167","-98.59","484.6","CANTON, OK US","","","","","3",",0","2",",0","1",",0","0",",0","0",",0","","","","","","","","","","","","","","","19740331","+,,0","19740321",",,0","","","19740310",",,0","","","","","0",",,0,31,+","15",",,0,21,","55.9",",,0,10,","","","","","","","","","68.4",",,,0","15",",,,0","","","","","","","",""
"USC00341445","1974-04","36.06167","-98.59","484.6","CANTON, OK US","","","","","5",",0","5",",0","1",",0","0",",0","0",",0","","","","","","","","","","","","","","","19740430","+,,0","19740404",",,0","","","19740411",",,0","","","","","0",",,0,30,+","0",",T,0,04,","38.9",",,0,11,","","","","","","","","","79.3",",,,0","0",",T,,0","","","","","","","",""
"USC00341445","1974-05","36.06167","-98.59","484.6","CANTON, OK US","","","134.6","4,0","6",",0","3",",0","3",",0","0",",0","0",",0","0","3,0","0","3,0","0","1,0","29","1,0","8","1,0","","","19740504",",3,0","19740531","+,,0","19740531","+,,0","","","19740502",",,0","19740529","+,1,0","8.3","3,0,04,","0",",,0,31,+","0",",,0,31,+","41.4",",,0,02,","35.6","1,0,29,+","196.1","4,,,0","","","1.7","1,0","108.0",",,,0","0",",,,0","22.98","4,0","29.88","1,,,0","16.07","3,,,0","2833","2,,,0"
"USC00341445","1974-06","36.06167","-98.59","484.6","CANTON, OK US","","","189.1",",0","4",",0","3",",0","0",",0","0",",0","0",",0","0",",0","0",",0","0",",0","30",",0","14",",0","","","19740625",",,0","19740630","+,,0","19740630","+,,0","","","19740607",",,0","19740630","+,,0","11.7",",0,25,","0",",,0,30,+","0",",,0,30,+","12.7",",,0,07,","38.3",",0,30,+","229.8","1,,,0","","","0.0",",0","26.1",",,,0","0",",,,0","24.64",",0","32.51",",,,0","16.76",",,,0","1741","5,,,0"
"USC00341445","1974-07","36.06167","-98.59","484.6","CANTON, OK US","","","356.4",",0","3",",0","2",",0","0",",0","0",",0","0",",0","0",",0","0",",0","0",",0","31",",0","31",",0","","","19740705",",,0","19740731","+,,0","19740731","+,,0","","","19740725",",,0","19740721",",,0","16.1",",0,05,","0",",,0,31,+","0",",,0,31,+","6.9",",,0,25,","41.7",",0,21,","336.1","1,,,0","0.0","0","0.0",",0","11.7",",,,0","0",",,,0","29.83",",0","37.88",",,,0","21.78",",,,0","2616",",,,0"
"USC00341445","1974-08","36.06167","-98.59","484.6","CANTON, OK US","","","241.9","1,0","8",",0","6",",0","2",",0","0",",0","0",",0","0",",0","0",",0","0","1,0","30","1,0","19","1,0","","","19740830","+,,0","19740831","+,,0","19740831","+,,0","","","19740827",",,0","19740821","+,1,0","15.6",",0,30,+","0",",,0,31,+","0",",,0,31,+","90.4",",,0,27,","38.9","1,0,21,+","","","0.0","0","0.0","1,0","203.7",",,,0","0",",,,0","26.45","1,0","33.17","1,,,0","19.72",",,,0","1912","5,,,0"
"USC00341445","1974-09","36.06167","-98.59","484.6","CANTON, OK US","","","44.2",",0","7",",0","7",",0","1",",0","0",",0","0",",0","0",",0","0",",0","0",",0","27",",0","3",",0","","","19740904","+,,0","19740930","+,,0","19740930","+,,0","","","19740919",",,0","19740912","+,,0","7.8",",0,04,+","0",",,0,30,+","0",",,0,30,+","77.2",",,0,19,","33.3",",0,12,+","","","30.9","0","30.9",",0","122.2",",,,0","0",",,,0","18.78",",0","25.00",",,,0","12.55",",,,0","",""
"USC00341445","1974-10","36.06167","-98.59","484.6","CANTON, OK US","","","18.9","2,0","7",",0","6",",0","0",",0","0",",0","0",",0","0","2,0","0","2,0","0","2,0","23","2,0","0","2,0","","","19741015",",2,0","19741031","+,,0","19741031","+,,0","","","19741015",",,0","19741017","+,2,0","1.7","2,0,15,","0",",,0,31,+","0",",,0,31,+","13.2",",,0,15,","27.8","2,0,17,+","73.7","5,,,0","81.4","0","50.5","2,0","52.1",",,,0","0",",,,0","17.24","2,0","23.26","2,,,0","11.23","2,,,0","2095","4,,,0"
"USC00341445","1974-11","36.06167","-98.59","484.6","CANTON, OK US","","","0.0","4,0","6",",0","5",",0","1",",0","0",",0","0",",0","0","3,0","6","3,0","1","4,0","2","4,0","0","4,0","","","19741130",",3,0","19741130","+,,0","19741130","+,,0","","","19741103",",,0","19741101",",4,0","-8.9","3,0,30,","0",",,0,30,+","0",",,0,30,+","102.6",",,0,03,","23.3","4,0,01,","","","330.3","0","248.9","4,0","121.4",",,,0","0",",,,0","8.83","4,0","14.25","4,,,0","3.41","3,,,0","",""
"USC00341445","1974-12","36.06167","-98.59","484.6","CANTON, OK US","","","","","2",",0","2",",0","0",",0","0",",0","0",",0","","","","","","","","","","","","","","","19741231","+,,0","19741231","+,,0","","","19741211",",,0","","","","","0",",,0,31,+","0",",,0,31,+","24.4",",,0,11,","","","","","","","","","27.4",",,,0","0",",,,0","","","","","","","",""
"USC00341445","1975-01","36.06167","-98.59","484.6","CANTON, OK US","","","","","3",",0","3",",0","0",",0","0",",0","0",",0","","","","","","","","","","","","","","","19750131","+,,0","19750131","+,,0","","","19750131",",,0","","","","","0",",,0,31,+","0",",,0,31,+","17.8",",,0,31,","","","","","","","","","35.8",",,,0","0",",,,0","","","","","","","",""
"USC00341445","1975-02","36.06167","-98.59","484.6","CANTON, OK US","","","","","6",",0","5",",0","1",",0","","","2",",0","","","","","","","","","","","","","","","","","19750216",",,0","","","19750216",",,0","","","","","","","203",",,0,16,","32.0",",,0,16,","","","","","","","","","69.4",",,,0","355",",,,0","","","","","","","",""
"USC00341445","1975-03","36.06167","-98.59","484.6","CANTON, OK US","","","","","4","3,0","3","3,0","0","3,0","","","","","","","","","","","","","","","","","","","","","","","","","19750310",",3,0","","","","","","","","","17.5","3,,0,10,","","","","","","","","","29.7","1,a,,0","","","","","","","","","",""
"USC00341445","1975-04","36.06167","-98.59","484.6","CANTON, OK US","","","","","6",",0","3",",0","0",",0","0",",0","0",",0","","","","","","","","","","","","","","","19750430","+,,0","19750430","+,,0","","","19750428",",,0","","","","","0",",,0,30,+","0",",,0,30,+","21.6",",,0,28,","","","","","","","","","49.6",",,,0","0",",,,0","","","","","","","",""
"USC00341445","1975-05","36.06167","-98.59","484.6","CANTON, OK US","","","65.7","2,0","11","2,0","9","2,0","1","2,0","0",",0","0",",0","0","2,0","0","2,0","0","2,0","28","2,0","0","2,0","","","19750501",",2,0","19750531","+,,0","19750531","+,,0","","","19750510",",2,0","19750519","+,2,0","6.7","2,0,01,","0",",,0,31,+","0",",,0,31,+","29.2","2,,0,10,","30.6","2,0,19,+","","","","","17.4","2,0","121.9","2,,,0","0",",,,0","20.00","2,0","26.31","2,,,0","13.68","2,,,0","2188","3,,,0"
"USC00341445","1975-06","36.06167","-98.59","484.6","CANTON, OK US","","","182.5",",0","9",",0","8",",0","2",",0","0",",0","0",",0","0",",0","0",",0","0",",0","30",",0","16",",0","","","19750611",",,0","19750630","+,,0","19750630","+,,0","","","19750610",",,0","19750616",",,0","10.0",",0,11,","0",",,0,30,+","0",",,0,30,+","50.8",",,0,10,","34.4",",0,16,","","","","","1.1",",0","138.1",",,,0","0",",,,0","24.38",",0","31.34",",,,0","17.41",",,,0","2286",",,,0"
"USC00341445","1975-07","36.06167","-98.59","484.6","CANTON, OK US","","","246.7","2,0","9",",0","6",",0","0",",0","0",",0","0",",0","0","2,0","0","2,0","0","2,0","29","2,0","26","2,0","","","19750713",",2,0","19750731","+,,0","19750731","+,,0","","","19750704",",,0","19750708",",2,0","13.3","2,0,13,","0",",,0,31,+","0",",,0,31,+","18.3",",,0,04,","37.2","2,0,08,","209.3",",,,0","0.0","0","0.0","2,0","68.4",",,,0","0",",,,0","26.84","2,0","33.49","2,,,0","20.19","2,,,0","1820",",,,0"
"USC00341445","1975-08","36.06167","-98.59","484.6","CANTON, OK US","","","267.9","2,0","4",",0","3",",0","0",",0","0",",0","0",",0","0",",0","0",",0","0","2,0","29","2,0","25","2,0","","","19750804",",,0","19750831","+,,0","19750831","+,,0","","","19750815",",,0","19750831",",2,0","15.0",",0,04,","0",",,0,31,+","0",",,0,31,+","22.1",",,0,15,","38.3","2,0,31,","228.3",",,,0","0.0","0","0.0","2,0","50.0",",,,0","0",",,,0","27.61","2,0","34.86","2,,,0","20.35",",,,0","2374","3,,,0"
"USC00341445","1975-09","36.06167","-98.59","484.6","CANTON, OK US","","","107.3","2,0","8",",0","4",",0","0",",0","0",",0","0",",0","0","1,0","0","1,0","0","2,0","25","2,0","10","2,0","","","19750925","+,1,0","19750930","+,,0","19750930","+,,0","","","19750912",",,0","19750901",",2,0","5.6","1,0,25,+","0",",,0,30,+","0",",,0,30,+","9.1",",,0,12,","38.3","2,0,01,","160.1","2,,,0","21.9","0","21.9","2,0","25.2",",,,0","0",",,,0","21.31","2,0","28.55","2,,,0","14.07","1,,,0","2082",",,,0"
"USC00341445","1975-10","36.06167","-98.59","484.6","CANTON, OK US","","","","","1",",0","1",",0","0",",0","0",",0","0",",0","0","5,0","1","5,0","","","","","","","","","19751025",",5,0","19751031","+,,0","19751031","+,,0","","","19751015",",,0","","","-1.1","5,0,25,","0",",,0,31,+","0",",,0,31,+","8.9",",,0,15,","","","","","","","","","8.9",",,,0","0",",,,0","","","","","9.75","5,,,0","",""
"USC00341445","1975-11","36.06167","-98.59","484.6","CANTON, OK US","","","","","5","3,0","2","3,0","1","3,0","0",",0","0",",0","","","","","","","","","","","","","","","19751130","+,,0","19751126",",,0","","","19751120",",3,0","","","","","0",",,0,30,+","0",",T,0,26,","26.7","3,,0,20,","","","","","","","","","74.2",",a,,0","0",",T,,0","","","","","","","",""
"USC00341445","1975-12","36.06167","-98.59","484.6","CANTON, OK US","","","","","4",",0","2",",0","0",",0","","","2",",0","","","","","","","","","","","","","","","","","19751224",",,0","","","19751215",",,0","","","","","","","64",",,0,24,","6.6",",,0,15,","","","","","","","","","12.0",",,,0","89",",,,0","","","","","","","",""
"USC00341445","1976-01","36.06167","-98.59","484.6","CANTON, OK US","","","","","0",",0","0",",0","0",",0","0",",0","0",",0","","","","","","","","","","","","","","","19760131","+,,0","19760107",",,0","","","19760107",",,0","","","","","0",",,0,31,+","0",",T,0,07,","0.0",",T,0,07,","","","","","","","","","0.0",",T,,0","0",",T,,0","","","","","","","",""
"USC00341445","1976-02","36.06167","-98.59","484.6","CANTON, OK US","","","","","1",",0","1",",0","0",",0","0","2,0","0","1,0","","","","","","","","","","","","","","","19760229","+,2,0","19760229","+,1,0","","","19760205",",,0","","","","","0","2,,0,29,+","0","1,,0,29,+","6.9",",,0,05,","","","","","","","","","6.9",",,,0","0","1,,,0","","","","","","","",""
"USC00341445","1976-03","36.06167","-98.59","484.6","CANTON, OK US","","","","","5",",0","2",",0","0",",0","0",",0","0",",0","","","","","","","","","","","","","","","19760331","+,,0","19760331","+,,0","","","19760309","+,,0","","","","","0",",,0,31,+","0",",,0,31,+","7.6",",,0,09,+","","","","","","","","","18.0",",,,0","0",",,,0","","","","","","","",""
"USC00341445","1976-04","36.06167","-98.59","484.6","CANTON, OK US","","","","","11",",0","7",",0","0",",0","0",",0","0",",0","","","","","","","","","","","","","","","19760430","+,,0","19760430","+,,0","","","19760428",",,0","","","","","0",",,0,30,+","0",",,0,30,+","23.6",",,0,28,","","","","","","","","","110.7",",,,0","0",",,,0","","","","","","","",""
"USC00341445","1976-05","36.06167","-98.59","484.6","CANTON, OK US","","","35.3","1,0","11",",0","9",",0","2",",0","0",",0","0",",0","0","1,0","0","1,0","0","1,0","24","1,0","0","1,0","","","19760503",",1,0","19760531","+,,0","19760531","+,,0","","","19760510",",,0","19760530","+,1,0","2.2","1,0,03,","0",",,0,31,+","0",",,0,31,+","46.7",",,0,10,","30.6","1,0,30,+","","","","","54.1","1,0","159.5",",,,0","0",",,,0","17.71","1,0","24.50","1,,,0","10.91","1,,,0","",""
"USC00341445","1976-06","36.06167","-98.59","484.6","CANTON, OK US","","","185.0",",0","5",",0","2",",0","1",",0","0",",0","0",",0","0",",0","0",",0","0",",0","30",",0","14",",0","","","19760620","+,,0","19760630","+,,0","19760630","+,,0","","","19760618",",,0","19760629","+,,0","12.8",",0,20,+","0",",,0,30,+","0",",,0,30,+","77.5",",,0,18,","37.2",",0,29,+","209.8","1,,,0","","","0.0",",0","84.2",",,,0","0",",,,0","24.50",",0","31.91",",,,0","17.09",",,,0","1906",",,,0"
"USC00341445","1976-07","36.06167","-98.59","484.6","CANTON, OK US","","","278.8",",0","3",",0","2",",0","0",",0","0",",0","0",",0","0",",0","0",",0","0",",0","31",",0","26",",0","","","19760705",",,0","19760731","+,,0","19760731","+,,0","","","19760716",",,0","19760731",",,0","15.0",",0,05,","0",",,0,31,+","0",",,0,31,+","4.3",",,0,16,","39.4",",0,31,","","","0.0","0","0.0",",0","8.4",",,,0","0",",,,0","27.33",",0","34.62",",,,0","20.04",",,,0","2536",",,,0"
"USC00341445","1976-08","36.06167","-98.59","484.6","CANTON, OK US","","","296.4","2,0","4",",0","1",",0","0",",0","0",",0","0",",0","0","1,0","0","1,0","0","2,0","29","2,0","27","2,0","","","19760829",",1,0","19760831","+,,0","19760831","+,,0","","","19760823",",,0","19760809",",2,0","13.9","1,0,29,","0",",,0,31,+","0",",,0,31,+","3.0",",,0,23,","41.7","2,0,09,","306.1","2,,,0","0.0","0","0.0","2,0","6.1",",,,0","0",",,,0","28.47","2,0","37.26","2,,,0","19.69","1,,,0","2076","2,,,0"
"USC00341445","1976-09","36.06167","-98.59","484.6","CANTON, OK US","","","","","6",",0","6",",0","1",",0","0",",0","0",",0","","","","","","","","","","","","","","","19760930","+,,0","19760930","+,,0","","","19760909",",,0","","","","","0",",,0,30,+","0",",,0,30,+","26.2",",,0,09,","","","","","","","","","73.9",",,,0","0",",,,0","","","","","","","",""
"USC00341445","1976-10","36.06167","-98.59","484.6","CANTON, OK US","","","","","5",",0","3",",0","0",",0","0",",0","0",",0","","","","","","","","","","","","","","","19761031","+,,0","19761031","+,,0","","","19761030",",,0","","","","","0",",,0,31,+","0",",,0,31,+","24.6",",,0,30,","","","","","","","","","43.6",",,,0","0",",,,0","","","","","","","",""
"USC00341445","1976-11","36.06167","-98.59","484.6","CANTON, OK US","","","","","1",",0","0",",0","0",",0","","","","","","","","","","","","","","","","","","","","","","","","","19761111",",,0","","","","","","","","","0.8",",,0,11,","","","","","","","","","0.8",",,,0","","","","","","","","","",""
"USC00341445","1976-12","36.06167","-98.59","484.6","CANTON, OK US","","","","","0",",0","0",",0","0",",0","0",",0","0",",0","","","","","","","","","","","","","","","19761231","+,,0","19761231","+,,0","","","19761231","+,,0","","","","","0",",,0,31,+","0",",,0,31,+","0.0",",,0,31,+","","","","","","","","","0.0",",,,0","0",",,,0","","","","","","","",""
"USC00341445","1977-01","36.06167","-98.59","484.6","CANTON, OK US","","","","","2",",0","0",",0","0",",0","","","","","","","","","","","","","","","","","","","","","","","","","19770110",",,0","","","","","","","","","2.0",",,0,10,","","","","","","","","","3.5",",,,0","","","","","","","","","",""
"USC00341445","1977-03","36.06167","-98.59","484.6","CANTON, OK US","","","","","0","2,0","0","2,0","0","2,0","0",",0","0",",0","","","","","","","","","","","","","","","19770331","+,,0","19770331","+,,0","","","19770311","+,2,0","","","","","0",",,0,31,+","0",",,0,31,+","0.0","2,T,0,11,+","","","","","","","","","9.7",",a,,0","0",",,,0","","","","","","","",""
"USC00341445","1977-04","36.06167","-98.59","484.6","CANTON, OK US","","","","","8","2,0","4","2,0","0","2,0","0",",0","0",",0","","","","","","","","","","","","","","","19770430","+,,0","19770430","+,,0","","","19770421","+,2,0","","","","","0",",,0,30,+","0",",,0,30,+","7.4","2,,0,21,+","","","","","","","","","52.3",",a,,0","0",",,,0","","","","","","","",""
"USC00341445","1977-05","36.06167","-98.59","484.6","CANTON, OK US","","","80.2","5,0","9",",0","8",",0","3",",0","0",",0","0",",0","0","5,0","0","5,0","0","5,0","26","5,0","1","5,0","","","19770512","+,5,0","19770531","+,,0","19770531","+,,0","","","19770521",",,0","19770531",",5,0","10.0","5,0,12,+","0",",,0,31,+","0",",,0,31,+","83.1",",,0,21,","34.4","5,0,31,","","","","","2.5","5,0","227.6",",,,0","0",",,,0","21.32","5,0","27.56","5,,,0","15.08","5,,,0","",""
"USC00341445","1977-06","36.06167","-98.59","484.6","CANTON, OK US","","","230.3","1,0","7",",0","6",",0","3",",0","0",",0","0",",0","0",",0","0",",0","0","1,0","29","1,0","19","1,0","","","19770607",",,0","19770630","+,,0","19770630","+,,0","","","19770629",",,0","19770618",",1,0","12.8",",0,07,","0",",,0,30,+","0",",,0,30,+","46.5",",,0,29,","37.2","1,0,18,","231.7","1,,,0","","","0.0","1,0","135.3",",,,0","0",",,,0","26.27","1,0","32.78","1,,,0","19.75",",,,0","1520",",,,0"
"USC00341445","1977-07","36.06167","-98.59","484.6","CANTON, OK US","","","337.2",",0","8",",0","3",",0","0",",0","0",",0","0",",0","0",",0","0",",0","0",",0","31",",0","28",",0","","","19770701",",,0","19770731","+,,0","19770731","+,,0","","","19770729",",,0","19770714",",,0","17.8",",0,01,","0",",,0,31,+","0",",,0,31,+","23.1",",,0,29,","41.1",",0,14,","284.2","1,,,0","0.0","0","0.0",",0","46.6",",,,0","0",",,,0","29.21",",0","36.31",",,,0","22.11",",,,0","2252",",,,0"
"USC00341445","1977-08","36.06167","-98.59","484.6","CANTON, OK US","","","220.1","3,0","10",",0","7",",0","0",",0","0",",0","0",",0","0","3,0","0","3,0","0",",0","31",",0","20",",0","","","19770818","+,3,0","19770831","+,,0","19770831","+,,0","","","19770811",",,0","19770817",",,0","16.7","3,0,18,+","0",",,0,31,+","0",",,0,31,+","17.0",",,0,11,","38.3",",0,17,","173.3","3,,,0","0.0","0","0.0",",0","61.3",",,,0","0",",,,0","26.33","3,0","32.37",",,,0","20.30","3,,,0","2102",",,,0"
"USC00341445","1977-09","36.06167","-98.59","484.6","CANTON, OK US","","","","","4",",0","4",",0","0",",0","0",",0","0",",0","","","","","0","5,0","25","5,0","10","5,0","","","","","19770930","+,,0","19770930","+,,0","","","19770905",",,0","19770927","+,5,0","","","0",",,0,30,+","0",",,0,30,+","18.8",",,0,05,","37.8","5,0,27,+","","","","","","","44.9",",,,0","0",",,,0","","","31.07","5,,,0","","","",""
"USC00341445","1977-10","36.06167","-98.59","484.6","CANTON, OK US","","","","","1","1,0","0","1,0","0","1,0","0",",0","0",",0","","","","","","","","","","","","","","","19771031","+,,0","19771031","+,,0","","","19771031",",1,0","","","","","0",",,0,31,+","0",",,0,31,+","1.0","1,,0,31,","","","","","","","","","1.0","1,,,0","0",",,,0","","","","","","","",""
"USC00341445","1977-11","36.06167","-98.59","484.6","CANTON, OK US","","","","","3",",0","3",",0","0",",0","0","1,0","0","1,0","","","","","","","","","","","","","","","19771130","+,1,0","19771130","+,1,0","","","19771108",",,0","","","","","0","1,,0,30,+","0","1,,0,30,+","19.3",",,0,08,","","","","","","","","","33.8",",,,0","0","1,,,0","","","","","","","",""
"USC00341445","1977-12","36.06167","-98.59","484.6","CANTON, OK US","","","","","2",",0","2",",0","0",",0","0",",0","0",",0","","","","","","","","","","","","","","","19771231","+,,0","19771231","+,,0","","","19771205",",,0","","","","","0",",,0,31,+","0",",,0,31,+","3.6",",,0,05,","","","","","","","","","6.6",",,,0","0",",,,0","","","","","","","",""
"USC00341445","1978-01","36.06167","-98.59","484.6","CANTON, OK US","","","","","3",",0","3",",0","0",",0","","","","","","","","","","","","","","","","","","","","","","","","","19780118",",,0","","","","","","","","","8.6",",,0,18,","","","","","","","","","18.8",",,,0","","","","","","","","","",""
"USC00341445","1978-02","36.06167","-98.59","484.6","CANTON, OK US","","","0.0","1,0","10",",0","8",",0","0",",0","","","3","4,0","1","1,0","27","1,0","13",",0","0",",0","0",",0","","","19780218",",1,0","","","19780217",",4,0","","","19780212",",,0","19780225",",,0","-18.3","1,0,18,","","","102","4,,0,17,","21.3",",,0,12,","15.0",",0,25,","","","","","600.8",",0","53.4",",,,0","216","4,,,0","-3.80","1,0","1.65",",,,0","-9.26","1,,,0","",""
"USC00341445","1978-03","36.06167","-98.59","484.6","CANTON, OK US","","","2.8",",0","6",",0","4",",0","0",",0","0",",0","0",",0","0",",0","18",",0","0",",0","11",",0","0",",0","","","19780304",",,0","19780331","+,,0","19780331","+,,0","","","19780316",",,0","19780319",",,0","-11.1",",0,04,","0",",,0,31,+","0",",,0,31,+","10.2",",,0,16,","28.3",",0,19,","","","","","328.0",",0","27.8",",,,0","0",",,,0","7.84",",0","15.40",",,,0","0.29",",,,0","3589","2,,,0"
"USC00341445","1978-04","36.06167","-98.59","484.6","CANTON, OK US","","","","","3",",0","3",",0","0",",0","0",",0","0",",0","","","","","","","","","","","","","","","19780430","+,,0","19780430","+,,0","","","19780404",",,0","","","","","0",",,0,30,+","0",",,0,30,+","20.6",",,0,04,","","","","","","","","","31.7",",,,0","0",",,,0","","","","","","","",""
"USC00341445","1978-05","36.06167","-98.59","484.6","CANTON, OK US","","","63.6","1,0","12",",0","9",",0","3",",0","0",",0","0",",0","0","1,0","0","1,0","0",",0","23",",0","3",",0","","","19780503",",1,0","19780531","+,,0","19780531","+,,0","","","19780528",",,0","19780512",",,0","4.4","1,0,03,","0",",,0,31,+","0",",,0,31,+","56.4",",,0,28,","32.8",",0,12,","179.1","3,,,0","","","50.0",",0","186.5",",,,0","0",",,,0","18.55","1,0","24.54",",,,0","12.55","1,,,0","4257",",,,0"
"USC00341445","1978-06","36.06167","-98.59","484.6","CANTON, OK US","","","211.6",",0","4",",0","3",",0","0",",0","0",",0","0",",0","0",",0","0",",0","0",",0","29",",0","14",",0","","","19780608","+,,0","19780630","+,,0","19780630","+,,0","","","19780605",",,0","19780626",",,0","14.4",",0,08,+","0",",,0,30,+","0",",,0,30,+","13.2",",,0,05,","40.0",",0,26,","255.7","1,,,0","","","0.8",",0","22.6",",,,0","0",",,,0","25.36",",0","31.22",",,,0","19.49",",,,0","5168",",,,0"
"USC00341445","1978-07","36.06167","-98.59","484.6","CANTON, OK US","","","368.8",",0","6",",0","3",",0","0",",0","0",",0","0",",0","0",",0","0",",0","0",",0","31",",0","29",",0","","","19780724",",,0","19780731","+,,0","19780731","+,,0","","","19780702",",,0","19780715",",,0","16.1",",0,24,","0",",,0,31,+","0",",,0,31,+","12.7",",,0,02,","42.2",",0,15,","401.8",",,,0","0.0","0","0.0",",0","24.2",",,,0","0",",,,0","30.23",",0","37.87",",,,0","22.59",",,,0","4591",",,,0"
"USC00341445","1978-08","36.06167","-98.59","484.6","CANTON, OK US","","","255.7","2,0","4",",0","3",",0","0",",0","0",",0","0",",0","0","1,0","0","1,0","0","2,0","28","2,0","21","2,0","","","19780831",",1,0","19780831","+,,0","19780831","+,,0","","","19780804",",,0","19780818",",2,0","13.3","1,0,31,","0",",,0,31,+","0",",,0,31,+","23.4",",,0,04,","39.4","2,0,18,","293.3","4,,,0","0.2","0","0.2","2,0","49.0",",,,0","0",",,,0","27.04","2,0","34.09","2,,,0","19.98","1,,,0","4133","2,,,0"
"USC00341445","1978-09","36.06167","-98.59","484.6","CANTON, OK US","","","","","7",",0","3",",0","1",",0","0",",0","0",",0","0","4,0","0","4,0","0","3,0","25","3,0","15","3,0","","","19780921",",4,0","19780930","+,,0","19780930","+,,0","","","19780921",",,0","19780916",",3,0","10.6","4,0,21,","0",",,0,30,+","0",",,0,30,+","47.2",",,0,21,","38.3","3,0,16,","","","","","","","93.2",",,,0","0",",,,0","24.43","6,0","30.80","3,,,0","18.07","4,,,0","3257","5,,,0"
"USC00341445","1978-10","36.06167","-98.59","484.6","CANTON, OK US","","","29.5","2,0","2",",0","1",",0","0",",0","0",",0","0",",0","0","2,0","0","2,0","0","2,0","20","2,0","2","2,0","","","19781026",",2,0","19781031","+,,0","19781031","+,,0","","","19781008",",,0","19781013",",2,0","1.1","2,0,26,","0",",,0,31,+","0",",,0,31,+","2.8",",,0,08,","33.9","2,0,13,","144.7","3,,,0","","","85.1","2,0","3.6",",,,0","0",",,,0","16.42","2,0","24.33","2,,,0","8.50","2,,,0","3437","3,,,0"
"USC00341445","1978-11","36.06167","-98.59","484.6","CANTON, OK US","","","","","6","2,0","6","2,0","0","2,0","0",",0","0",",0","","","","","","","","","","","","","","","19781130","+,,0","19781130","+,,0","","","19781115",",2,0","","","","","0",",,0,30,+","0",",,0,30,+","17.0","2,,0,15,","","","","","","","","","59.1",",a,,0","0",",,,0","","","","","","","",""
"USC00341445","1978-12","36.06167","-98.59","484.6","CANTON, OK US","","","","","0","1,0","0","1,0","0","1,0","","","","","","","","","","","","","","","","","","","","","","","","","19781208","+,1,0","","","","","","","","","0.0","1,T,0,08,+","","","","","","","","","0.0","1,T,,0","","","","","","","","","",""
"USC00341445","1979-01","36.06167","-98.59","484.6","CANTON, OK US","","","","","3","3,0","3","3,0","0","3,0","","","","","","","","","","","","","","","","","","","","","","","","","19790119",",3,0","","","","","","","","","12.7","3,,0,19,","","","","","","","","","20.5","1,a,,0","","","","","","","","","",""
"USC00341445","1979-02","36.06167","-98.59","484.6","CANTON, OK US","","","","","2",",0","0",",0","0",",0","","","","","","","","","","","","","","","","","","","","","","","","","19790207",",,0","","","","","","","","","1.8",",,0,07,","","","","","","","","","3.1",",,,0","","","","","","","","","",""
"USC00341445","1979-03","36.06167","-98.59","484.6","CANTON, OK US","","","0.0","5,0","5",",0","4",",0","2",",0","","","","","0","4,0","5","4,0","0","4,0","4","4,0","0","4,0","","","19790305",",4,0","","","","","","","19790318",",,0","19790330",",4,0","-3.3","4,0,05,","","","","","37.8",",,0,18,","26.7","4,0,30,","","","","","219.0","4,0","94.7",",,,0","","","9.74","5,0","16.28","4,,,0","3.20","4,,,0","",""
"USC00341445","1979-04","36.06167","-98.59","484.6","CANTON, OK US","","","10.8","2,0","9",",0","6",",0","0",",0","0",",0","0","2,0","0","2,0","5","2,0","0","2,0","12","2,0","0","2,0","","","19790404",",2,0","19790430","+,,0","19790430","+,2,0","","","19790404",",,0","19790416",",2,0","-2.2","2,0,04,","0",",,0,30,+","0","2,,0,30,+","10.2",",,0,04,","27.8","2,0,16,","","","","","157.4","2,0","44.2",",,,0","0","2,,,0","13.10","2,0","19.07","2,,,0","7.13","2,,,0","4267","3,,,0"
"USC00341445","1979-05","36.06167","-98.59","484.6","CANTON, OK US","","","46.1","2,0","10",",0","5",",0","1",",0","0",",0","0",",0","0","2,0","0","2,0","0","2,0","24","2,0","0","2,0","","","19790505","+,2,0","19790531","+,,0","19790531","+,,0","","","19790502",",,0","19790520",",2,0","4.4","2,0,05,+","0",",,0,31,+","0",",,0,31,+","47.8",",,0,02,","30.6","2,0,20,","168.4","4,,,0","","","49.2","2,0","99.7",",,,0","0",",,,0","18.23","2,0","24.25","2,,,0","12.20","2,,,0","4191","3,,,0"
"USC00341445","1979-06","36.06167","-98.59","484.6","CANTON, OK US","","","","","8",",0","6",",0","1",",0","0",",0","0",",0","0","1,0","0","1,0","","","","","","","","","19790610",",1,0","19790630","+,,0","19790630","+,,0","","","19790609",",,0","","","10.6","1,0,10,","0",",,0,30,+","0",",,0,30,+","44.5",",,0,09,","","","245.8","2,,,0","","","","","109.8",",,,0","0",",,,0","","","","","18.20","1,,,0","4267",",,,0"
"USC00341445","1979-07","36.06167","-98.59","484.6","CANTON, OK US","","","","","9",",0","8",",0","2",",0","0",",0","0",",0","0",",0","0",",0","","","","","","","","","19790720",",,0","19790731","+,,0","19790731","+,,0","","","19790731",",,0","","","16.7",",0,20,","0",",,0,31,+","0",",,0,31,+","31.0",",,0,31,","","","242.1","3,,,0","","","","","144.1",",,,0","0",",,,0","","","","","20.81",",,,0","2982",",,,0"
"USC00341445","1979-08","36.06167","-98.59","484.6","CANTON, OK US","","","","","3",",0","3",",0","0",",0","0",",0","0",",0","0",",0","0",",0","","","","","","","","","19790812",",,0","19790831","+,,0","19790831","+,,0","","","19790811",",,0","","","13.9",",0,12,","0",",,0,31,+","0",",,0,31,+","10.7",",,0,11,","","","","","","","","","21.3",",,,0","0",",,,0","","","","","19.37",",,,0","",""
"USC00341445","1979-09","36.06167","-98.59","484.6","CANTON, OK US","","","112.9","4,0","1",",0","1",",0","0",",0","0",",0","0",",0","0","2,0","0","2,0","0","4,0","26","4,0","9","4,0","","","19790916",",2,0","19790930","+,,0","19790930","+,,0","","","19790907",",,0","19790902",",4,0","8.9","2,0,16,","0",",,0,30,+","0",",,0,30,+","6.4",",,0,07,","36.1","4,0,02,","","","","","3.3","4,0","6.4",",,,0","0",",,,0","22.73","4,0","30.15","4,,,0","15.31","2,,,0","",""
"USC00341445","1979-10","36.06167","-98.59","484.6","CANTON, OK US","","","","","6",",0","3",",0","1",",0","0",",0","0",",0","","","","","","","","","","","","","","","19791031","+,,0","19791031","+,,0","","","19791030",",,0","","","","","0",",,0,31,+","0",",,0,31,+","39.6",",,0,30,","","","","","","","","","60.0",",,,0","0",",,,0","","","","","","","",""
"USC00341445","1979-11","36.06167","-98.59","484.6","CANTON, OK US","","","0.0","4,0","6",",0","4",",0","1",",0","","","","","0","4,0","15","4,0","0","4,0","1","4,0","0","4,0","","","19791130",",4,0","","","","","","","19791109",",,0","19791119",",4,0","-7.2","4,0,30,","","","","","26.2",",,0,09,","23.3","4,0,19,","","","","","314.5","4,0","64.4",",,,0","","","6.24","4,0","12.32","4,,,0","0.15","4,,,0","",""
"USC00341445","1979-12","36.06167","-98.59","484.6","CANTON, OK US","","","0.0","2,0","2",",0","2",",0","0",",0","0",",0","0",",0","0","2,0","21","2,0","2","2,0","1","2,0","0","2,0","","","19791217",",2,0","19791231","+,,0","19791231","+,,0","","","19791228",",,0","19791205",",2,0","-15.6","2,0,17,","0",",,0,31,+","0",",,0,31,+","9.7",",,0,28,","21.1","2,0,05,","","","","","426.5","2,0","15.3",",,,0","0",",,,0","3.63","2,0","10.27","2,,,0","-3.02","2,,,0","",""
"USC00341445","1980-01","36.06167","-98.59","484.6","CANTON, OK US","","","","","1","2,0","0","2,0","0","2,0","","","","","","","","","","","","","","","","","","","","","","","","","19800103",",2,0","","","","","","","","","1.0","2,,0,03,","","","","","","","","","32.5",",a,,0","","","","","","","","","",""
"USC00341445","1980-02","36.06167","-98.59","484.6","CANTON, OK US","","","","","1",",0","1",",0","0",",0","1","2,0","1",",0","","","","","","","","","","","","","","","19800208",",2,0","19800208",",,0","","","19800208",",,0","","","","","76","2,,0,08,","76",",,0,08,","20.3",",,0,08,","","","","","","","","","20.3",",,,0","76",",,,0","","","","","","","",""
"USC00341445","1980-04","36.06167","-98.59","484.6","CANTON, OK US","","","10.6",",0","6",",0","4",",0","1",",0","0",",0","0",",0","0",",0","2",",0","0",",0","12",",0","0",",0","","","19800414",",,0","19800430","+,,0","19800430","+,,0","","","19800426",",,0","19800422","+,,0","-0.6",",0,14,","0",",,0,30,+","0",",,0,30,+","56.1",",,0,26,","30.0",",0,22,+","","","","","163.3",",0","112.2",",,,0","0",",,,0","13.24",",0","19.58",",,,0","6.91",",,,0","",""
"USC00341445","1980-05","36.06167","-98.59","484.6","CANTON, OK US","","","51.4",",0","16",",0","12",",0","4",",0","0",",0","0",",0","0",",0","0",",0","0",",0","22",",0","2",",0","","","19800509",",,0","19800531","+,,0","19800531","+,,0","","","19800516",",,0","19800511",",,0","4.4",",0,09,","0",",,0,31,+","0",",,0,31,+","67.1",",,0,16,","32.8",",0,11,","","","","","51.7",",0","242.0",",,,0","0",",,,0","18.33",",0","24.11",",,,0","12.55",",,,0","",""
"USC00341445","1980-06","36.06167","-98.59","484.6","CANTON, OK US","","","250.2",",0","5",",0","4",",0","1",",0","0",",0","0",",0","0",",0","0",",0","0",",0","30",",0","14",",0","","","19800609",",,0","19800630","+,,0","19800630","+,,0","","","19800620",",,0","19800628",",,0","14.4",",0,09,","0",",,0,30,+","0",",,0,30,+","45.5",",,0,20,","42.2",",0,28,","","","","","0.0",",0","70.1",",,,0","0",",,,0","26.67",",0","32.80",",,,0","20.54",",,,0","",""
"USC00341445","1980-07","36.06167","-98.59","484.6","CANTON, OK US","","","401.7",",0","3",",0","2",",0","0",",0","0",",0","0",",0","0",",0","0",",0","0",",0","31",",0","30",",0","","","19800721",",,0","19800731","+,,0","19800731","+,,0","","","19800721",",,0","19800730",",,0","19.4",",0,21,","0",",,0,31,+","0",",,0,31,+","6.1",",,0,21,","41.1",",0,30,","","","0.0","0","0.0",",0","9.4",",,,0","0",",,,0","31.29",",0","38.48",",,,0","24.10",",,,0","",""
"USC00341445","1980-08","36.06167","-98.59","484.6","CANTON, OK US","","","369.4",",0","2",",0","0",",0","0",",0","0",",0","0",",0","0",",0","0",",0","0",",0","31",",0","31",",0","","","19800830",",,0","19800831","+,,0","19800831","+,,0","","","19800829",",,0","19800802","+,,0","17.2",",0,30,","0",",,0,31,+","0",",,0,31,+","1.3",",,0,29,","41.7",",0,02,+","","","0.0","0","0.0",",0","1.6",",,,0","0",",,,0","30.25",",0","37.65",",,,0","22.85",",,,0","",""
"USC00341445","1980-09","36.06167","-98.59","484.6","CANTON, OK US","","","","","1","3,0","1","3,0","0","3,0","0",",0","0",",0","","","","","0","5,0","23","5,0","17","5,0","","","","","19800930","+,,0","19800930","+,,0","","","19800906",",3,0","19800906","+,5,0","","","0",",,0,30,+","0",",,0,30,+","4.6","3,,0,06,","37.8","5,0,06,+","","","","","","","21.1",",a,,0","0",",,,0","","","31.96","5,,,0","","","",""
"USC00341445","1980-10","36.06167","-98.59","484.6","CANTON, OK US","","","","","3",",0","2",",0","0",",0","0",",0","0",",0","","","","","","","","","","","","","","","19801031","+,,0","19801031","+,,0","","","19801015",",,0","","","","","0",",,0,31,+","0",",,0,31,+","25.1",",,0,15,","","","","","","","","","37.5",",,,0","0",",,,0","","","","","","","",""
"USC00341445","1980-11","36.06167","-98.59","484.6","CANTON, OK US","","","","","3","3,0","1","3,0","0","3,0","","","","","","","","","","","","","","","","","","","","","","","","","19801114",",3,0","","","","","","","","","6.9","3,,0,14,","","","","","","","","","9.2","3,,,0","","","","","","","","","",""
"USC00341445","1980-12","36.06167","-98.59","484.6","CANTON, OK US","","","","","2",",0","1",",0","1",",0","0",",0","0",",0","","","","","","","","","","","","","","","19801231","+,,0","19801231","+,,0","","","19801208",",,0","","","","","0",",,0,31,+","0",",,0,31,+","28.7",",,0,08,","","","","","","","","","30.2",",,,0","0",",,,0","","","","","","","",""
"USC00341445","1981-01","36.06167","-98.59","484.6","CANTON, OK US","","","","","1",",0","0",",0","0",",0","","","","","","","","","","","","","","","","","","","","","","","","","19810119",",,0","","","","","","","","","1.3",",,0,19,","","","","","","","","","1.3",",,,0","","","","","","","","","",""
"USC00341445","1981-02","36.06167","-98.59","484.6","CANTON, OK US","","","","","1","2,0","1","2,0","0","2,0","","","","","","","","","","","","","","","","","","","","","","","","","19810210",",2,0","","","","","","","","","9.4","2,,0,10,","","","","","","","","","9.4","2,,,0","","","","","","","","","",""
"USC00341445","1981-03","36.06167","-98.59","484.6","CANTON, OK US","","","","","7","1,0","4","1,0","0","1,0","","","","","","","","","","","","","","","","","","","","","","","","","19810304",",1,0","","","","","","","","","15.2","1,,0,04,","","","","","","","","","40.8","1,,,0","","","","","","","","","",""
"USC00341445","1981-04","36.06167","-98.59","484.6","CANTON, OK US","","","49.7","2,0","6",",0","4",",0","0",",0","0",",0","0",",0","0","1,0","0","1,0","0","1,0","22","1,0","1","1,0","","","19810401",",1,0","19810430","+,,0","19810430","+,,0","","","19810419",",,0","19810430",",1,0","1.7","1,0,01,","0",",,0,30,+","0",",,0,30,+","7.1",",,0,19,","33.3","1,0,30,","","","","","52.1","1,0","17.5",",,,0","0",",,,0","18.22","2,0","25.18","1,,,0","11.26","1,,,0","",""
"USC00341445","1981-05","36.06167","-98.59","484.6","CANTON, OK US","","","55.3","1,0","7",",0","4",",0","1",",0","0",",0","0",",0","0",",0","0",",0","0","1,0","24","1,0","0","1,0","","","19810511",",,0","19810531","+,,0","19810531","+,,0","","","19810510",",,0","19810525","+,1,0","2.8",",0,11,","0",",,0,31,+","0",",,0,31,+","30.2",",,0,10,","31.7","1,0,25,+","","","","","54.7","1,0","48.0",",,,0","0",",,,0","18.45","1,0","25.23","1,,,0","11.66",",,,0","",""
"USC00341445","1981-06","36.06167","-98.59","484.6","CANTON, OK US","","","228.3","2,0","6",",0","4",",0","1",",0","0",",0","0",",0","0","1,0","0","1,0","0","1,0","29","1,0","20","1,0","","","19810616",",1,0","19810630","+,,0","19810630","+,,0","","","19810630",",,0","19810610",",1,0","11.1","1,0,16,","0",",,0,30,+","0",",,0,30,+","79.2",",,0,30,","40.6","1,0,10,","","","","","0.0","1,0","108.4",",,,0","0",",,,0","26.46","2,0","33.38","1,,,0","19.55","1,,,0","",""
"USC00341445","1981-07","36.06167","-98.59","484.6","CANTON, OK US","","","308.6",",0","7",",0","4",",0","1",",0","0",",0","0",",0","0",",0","0",",0","0",",0","31",",0","21",",0","","","19810730",",,0","19810731","+,,0","19810731","+,,0","","","19810703",",,0","19810722",",,0","17.2",",0,30,","0",",,0,31,+","0",",,0,31,+","25.9",",,0,03,","42.2",",0,22,","","","0.0","0","0.0",",0","62.0",",,,0","0",",,,0","28.29",",0","34.45",",,,0","22.13",",,,0","",""
"USC00341445","1981-08","36.06167","-98.59","484.6","CANTON, OK US","","","191.6","4,0","7",",0","4",",0","0",",0","0",",0","0",",0","0","1,0","0","1,0","0","3,0","28","3,0","16","3,0","","","19810819",",1,0","19810831","+,,0","19810831","+,,0","","","19810807",",,0","19810807",",3,0","13.3","1,0,19,","0",",,0,31,+","0",",,0,31,+","18.3",",,0,07,","39.4","3,0,07,","","","0.0","0","0.0","3,0","49.4",",,,0","0",",,,0","25.35","4,0","32.18","3,,,0","18.52","1,,,0","",""
"USC00341445","1981-09","36.06167","-98.59","484.6","CANTON, OK US","","","","","8",",0","3",",0","1",",0","0",",0","0",",0","0","5,0","0","5,0","0","5,0","24","5,0","7","5,0","","","19810918",",5,0","19810930","+,,0","19810930","+,,0","","","19810901",",,0","19810923",",5,0","5.0","5,0,18,","0",",,0,30,+","0",",,0,30,+","29.2",",,0,01,","37.2","5,0,23,","","","","","","","55.6",",,,0","0",",,,0","22.42","8,0","29.13","5,,,0","15.70","5,,,0","",""
"USC00341445","1981-10","36.06167","-98.59","484.6","CANTON, OK US","","","20.0",",0","12",",0","8",",0","2",",0","0",",0","0",",0","0",",0","1",",0","0",",0","15",",0","1",",0","","","19811026",",,0","19811031","+,,0","19811031","+,,0","","","19811015",",,0","19811001",",,0","-0.6",",0,26,","0",",,0,31,+","0",",,0,31,+","42.7",",,0,15,","32.8",",0,01,","","","","","136.0",",0","157.8",",,,0","0",",,,0","14.59",",0","19.70",",,,0","9.48",",,,0","",""
"USC00341445","1981-11","36.06167","-98.59","484.6","CANTON, OK US","","","0.0","3,0","8",",0","4",",0","1",",0","0",",0","0",",0","0","2,0","6","2,0","0","2,0","5","2,0","0","2,0","","","19811120","+,2,0","19811130","+,,0","19811130","+,,0","","","19811101",",,0","19811119","+,2,0","-5.0","2,0,20,+","0",",,0,30,+","0",",,0,30,+","34.3",",,0,01,","23.9","2,0,19,+","","","","","241.3","2,0","67.6",",,,0","0",",,,0","9.46","3,0","15.83","2,,,0","3.08","2,,,0","",""
"USC00341445","1981-12","36.06167","-98.59","484.6","CANTON, OK US","","","0.0","2,0","3",",0","1",",0","0",",0","","","","","0","2,0","17","2,0","1","2,0","1","2,0","0","2,0","","","19811219","+,2,0","","","","","","","19811223",",,0","19811208",",2,0","-11.1","2,0,19,+","","","","","5.3",",,0,23,","21.7","2,0,08,","","","","","429.2","2,0","6.8",",,,0","","","3.53","2,0","9.36","2,,,0","-2.29","2,,,0","",""
"USC00341445","1982-01","36.06167","-98.59","484.6","CANTON, OK US","0.0","0","0.0","2,0","2","1,0","1","1,0","1","1,0","","","0","1,0","2","2,0","28","2,0","7","1,0","1","1,0","0","1,0","","","19820111",",2,0","","","19820131","+,1,0","","","19820130",",1,0","19820128",",1,0","-19.4","2,0,11,","","","0","1,,0,31,+","35.6","1,,0,30,","23.3","1,0,28,","","","","","549.4","1,0","36.1","1,,,0","0","1,,,0","-0.50","2,0","7.15","1,,,0","-8.14","2,,,0","",""
"USC00341445","1982-02","36.06167","-98.59","484.6","CANTON, OK US","0.0","0","0.0","1,0","4","1,0","4","1,0","0","1,0","","","","","2","1,0","19","1,0","8","1,0","2","1,0","0","1,0","","","19820206",",1,0","","","","","","","19820202",",1,0","19820223",",1,0","-18.3","1,0,06,","","","","","12.2","1,,0,02,","25.6","1,0,23,","","","","","492.2","1,0","31.3","1,,,0","","","0.10","1,0","5.99","1,,,0","-5.79","1,,,0","",""
"USC00341445","1982-03","36.06167","-98.59","484.6","CANTON, OK US","5.0","0","5.0","1,0","4",",0","2",",0","1",",0","0",",0","0",",0","0","1,0","11","1,0","1",",0","10",",0","0",",0","","","19820306",",1,0","19820331","+,,0","19820331","+,,0","","","19820314",",,0","19820318",",,0","-12.2","1,0,06,","0",",,0,31,+","0",",,0,31,+","35.8",",,0,14,","27.2",",0,18,","","","","","296.9",",0","45.5",",,,0","0",",,,0","8.72","1,0","15.39",",,,0","2.04","1,,,0","",""
"USC00341445","1982-04","36.06167","-98.59","484.6","CANTON, OK US","17.8","0","12.8",",0","6",",0","3",",0","1",",0","0",",0","0",",0","0",",0","3",",0","0",",0","9",",0","1",",0","","","19820406",",,0","19820430","+,,0","19820430","+,,0","","","19820430",",,0","19820413",",,0","-3.3",",0,06,","0",",,0,30,+","0",",,0,30,+","34.0",",,0,30,","32.8",",0,13,","","","","","175.7",",0","53.3",",,,0","0",",,,0","12.90",",0","19.44",",,,0","6.36",",,,0","",""
"USC00341445","1982-05","36.06167","-98.59","484.6","CANTON, OK US","64.9","0","47.1",",0","13",",0","11",",0","4",",0","0",",0","0",",0","0",",0","0",",0","0",",0","26",",0","1",",0","","","19820507","+,,0","19820531","+,,0","19820531","+,,0","","","19820517",",,0","19820531",",,0","7.2",",0,07,+","0",",,0,31,+","0",",,0,31,+","80.5",",,0,17,","32.2",",0,31,","","","","","33.2",",0","258.8",",,,0","0",",,,0","18.78",",0","24.13",",,,0","13.44",",,,0","",""
"USC00341445","1982-06","36.06167","-98.59","484.6","CANTON, OK US","168.0","0","103.1",",0","15",",0","13",",0","1",",0","0",",0","0",",0","0",",0","0",",0","0",",0","28",",0","2",",0","","","19820601",",,0","19820630","+,,0","19820630","+,,0","","","19820624",",,0","19820630","+,,0","7.8",",0,01,","0",",,0,30,+","0",",,0,30,+","67.3",",,0,24,","33.9",",0,30,+","","","","","11.9",",0","170.4",",,,0","0",",,,0","21.37",",0","26.75",",,,0","15.99",",,,0","",""
"USC00341445","1982-07","36.06167","-98.59","484.6","CANTON, OK US","426.8","0","258.8","1,0","8",",0","6",",0","2",",0","0",",0","0",",0","0","1,0","0","1,0","0",",0","31",",0","23",",0","","","19820713","+,1,0","19820731","+,,0","19820731","+,,0","","","19820728",",,0","19820722",",,0","17.8","1,0,13,+","0",",,0,31,+","0",",,0,31,+","29.5",",,0,28,","37.8",",0,22,","","","0.0","0","0.0",",0","100.7",",,,0","0",",,,0","26.96","1,0","33.10",",,,0","20.83","1,,,0","",""
"USC00341445","1982-08","36.06167","-98.59","484.6","CANTON, OK US","726.1","0","299.3",",0","1",",0","1",",0","0",",0","0",",0","0",",0","0",",0","0",",0","0",",0","31",",0","28",",0","","","19820819",",,0","19820831","+,,0","19820831","+,,0","","","19820806",",,0","19820815",",,0","16.7",",0,19,","0",",,0,31,+","0",",,0,31,+","4.3",",,0,06,","40.0",",0,15,","","","0.0","0","0.0",",0","4.3",",,,0","0",",,,0","27.99",",0","34.97",",,,0","21.00",",,,0","",""
"USC00341445","1982-09","36.06167","-98.59","484.6","CANTON, OK US","875.9","0","149.8","1,0","3",",0","1",",0","0",",0","0",",0","0",",0","0","1,0","0","1,0","0",",0","29",",0","15",",0","","","19820921",",1,0","19820930","+,,0","19820930","+,,0","","","19820915",",,0","19820902",",,0","5.6","1,0,21,","0",",,0,30,+","0",",,0,30,+","4.1",",,0,15,","38.3",",0,02,","","","13.9","0","13.9",",0","5.9",",,,0","0",",,,0","22.96","1,0","30.39",",,,0","15.52","1,,,0","",""
"USC00341445","1982-10","36.06167","-98.59","484.6","CANTON, OK US","903.5","0","27.6","5,0","3",",0","2",",0","0",",0","0",",0","0",",0","0","5,0","4","5,0","0","4,0","20","4,0","1","4,0","","","19821020",",5,0","19821031","+,,0","19821031","+,,0","","","19821009",",,0","19821005",",4,0","-1.1","5,0,20,","0",",,0,31,+","0",",,0,31,+","23.1",",,0,09,","32.8","4,0,05,","","","108.7","0","94.8","4,0","26.2",",,,0","0",",,,0","15.86","5,0","24.18","4,,,0","7.54","5,,,0","",""
"USC00341445","1982-11","36.06167","-98.59","484.6","CANTON, OK US","903.5","0","0.0","3,0","5","2,0","3","2,0","0","2,0","0",",0","0",",0","0","3,0","15","3,0","0","2,0","7","2,0","0","2,0","","","19821124",",3,0","19821130","+,,0","19821130","+,,0","","","19821126",",2,0","19821101",",2,0","-10.0","3,0,24,","0",",,0,30,+","0",",,0,30,+","15.0","2,,0,26,","28.9","2,0,01,","","","406.7","0","298.0","2,0","33.6","2,,,0","0",",,,0","7.27","3,0","14.69","2,,,0","-0.15","3,,,0","",""
"USC00341445","1982-12","36.06167","-98.59","484.6","CANTON, OK US","","","","","5","5,0","2","5,0","0","5,0","0","1,0","0","1,0","0","4,0","21","4,0","","","","","","","","","19821212",",4,0","19821231","+,1,0","19821231","+,1,0","","","19821210",",5,0","","","-9.4","4,0,12,","0","1,,0,31,+","0","1,,0,31,+","4.6","5,,0,10,","","","","","","","","","13.7","1,a,,0","0","1,,,0","","","","","-2.04","4,,,0","",""
"USC00341445","1983-01","36.06167","-98.59","484.6","CANTON, OK US","0.0","0","0.0","4,0","2","3,0","1","3,0","0","3,0","","","0","2,0","0","4,0","27","4,0","7","4,0","1","4,0","0","4,0","","","19830124",",4,0","","","19830131","+,2,0","","","19830119",",3,0","19830114",",4,0","-8.3","4,0,24,","","","0","2,,0,31,+","6.6","3,,0,19,","21.7","4,0,14,","","","","","448.1","4,0","7.4","3,,,0","0","2,,,0","1.74","4,0","7.49","4,,,0","-4.01","4,,,0","",""
"USC00341445","1983-02","36.06167","-98.59","484.6","CANTON, OK US","0.0","0","0.0","1,0","5","1,0","2","1,0","0","1,0","","","0","3,0","0","1,0","18","1,0","5","1,0","0","1,0","0","1,0","","","19830207",",1,0","","","19830228","+,3,0","","","19830222",",1,0","19830220",",1,0","-11.1","1,0,07,","","","0","3,,0,28,+","13.2","1,,0,22,","18.9","1,0,20,","","","","","407.3","1,0","23.4","1,,,0","0","3,,,0","3.25","1,0","8.15","1,,,0","-1.65","1,,,0","",""
"USC00341445","1983-03","36.06167","-98.59","484.6","CANTON, OK US","0.0","0","0.0","5,0","10",",0","7",",0","1",",0","0",",0","0",",0","0","4,0","13","4,0","0","1,0","3","1,0","0","1,0","","","19830311",",4,0","19830331","+,,0","19830331","+,,0","","","19830326",",,0","19830303",",1,0","-6.1","4,0,11,","0",",,0,31,+","0",",,0,31,+","39.6",",,0,26,","26.1","1,0,03,","","","","","324.7","1,0","75.1",",,,0","0",",,,0","6.62","5,0","12.54","1,,,0","0.70","4,,,0","",""
"USC00341445","1983-04","36.06167","-98.59","484.6","CANTON, OK US","4.2","0","4.2","5,0","10","3,0","5","3,0","0","3,0","0",",0","0",",0","0","5,0","6","5,0","0","4,0","8","4,0","0","4,0","","","19830415",",5,0","19830430","+,,0","19830430","+,,0","","","19830405",",3,0","19830428",",4,0","-2.8","5,0,15,","0",",,0,30,+","0",",,0,30,+","17.5","3,,0,05,","30.6","4,0,28,","","","","","191.0","4,0","48.3","1,a,,0","0",",,,0","10.64","5,0","16.92","4,,,0","4.36","5,,,0","",""
"USC00341445","1983-05","36.06167","-98.59","484.6","CANTON, OK US","26.2","0","22.0","5,0","10",",0","6",",0","3",",0","0",",0","0",",0","0","5,0","0","5,0","0","3,0","21","3,0","1","3,0","","","19830516",",5,0","19830531","+,,0","19830531","+,,0","","","19830514",",,0","19830529",",3,0","3.9","5,0,16,","0",",,0,31,+","0",",,0,31,+","48.0",",,0,14,","32.2","3,0,29,","","","","","59.2","3,0","168.6",",,,0","0",",,,0","17.01","5,0","24.26","3,,,0","9.77","5,,,0","",""
"USC00341445","1983-06","36.06167","-98.59","484.6","CANTON, OK US","142.6","0","116.4",",0","11",",0","7",",0","1",",0","0",",0","0",",0","0",",0","0",",0","0",",0","28",",0","5",",0","","","19830607",",,0","19830630","+,,0","19830630","+,,0","","","19830611",",,0","19830621","+,,0","7.8",",0,07,","0",",,0,30,+","0",",,0,30,+","102.1",",,0,11,","32.8",",0,21,+","","","","","10.0",",0","170.5",",,,0","0",",,,0","21.88",",0","28.03",",,,0","15.73",",,,0","",""
"USC00341445","1983-07","36.06167","-98.59","484.6","CANTON, OK US","428.9","0","286.3","1,0","0",",0","0",",0","0",",0","0",",0","0",",0","0","1,0","0","1,0","0",",0","31",",0","23",",0","","","19830708","+,1,0","19830731","+,,0","19830731","+,,0","","","19830731","+,,0","19830727",",,0","15.6","1,0,08,+","0",",,0,31,+","0",",,0,31,+","0.0",",T,0,31,+","40.6",",0,27,","","","0.0","0","0.0",",0","0.0",",T,,0","0",",,,0","27.87","1,0","34.75",",,,0","20.99","1,,,0","",""
"USC00341445","1983-08","36.06167","-98.59","484.6","CANTON, OK US","758.4","0","329.5","1,0","4",",0","2",",0","0",",0","0",",0","0",",0","0","1,0","0","1,0","0",",0","31",",0","29",",0","","","19830808",",1,0","19830831","+,,0","19830831","+,,0","","","19830814",",,0","19830831",",,0","18.9","1,0,08,","0",",,0,31,+","0",",,0,31,+","17.0",",,0,14,","40.6",",0,31,","","","0.0","0","0.0",",0","33.0",",,,0","0",",,,0","29.38","1,0","36.68",",,,0","22.08","1,,,0","",""
"USC00341445","1983-09","36.06167","-98.59","484.6","CANTON, OK US","","","","","6","3,0","6","3,0","0","3,0","0",",0","0",",0","","","","","","","","","","","","","","","19830930","+,,0","19830930","+,,0","","","19830913",",3,0","","","","","0",",,0,30,+","0",",,0,30,+","20.3","3,,0,13,","","","","","","","","","62.3",",a,,0","0",",,,0","","","","","","","",""
"USC00341445","1983-10","36.06167","-98.59","484.6","CANTON, OK US","","","","","","","","","","","0",",0","0",",0","","","","","","","","","","","","","","","19831031","+,,0","19831031","+,,0","","","","","","","","","0",",,0,31,+","0",",,0,31,+","","","","","","","","","","","142.3","2,a,,0","0",",,,0","","","","","","","",""
"USC00341445","1983-11","36.06167","-98.59","484.6","CANTON, OK US","","","","","","","","","","","0",",0","0",",0","","","","","","","","","","","","","","","19831130","+,,0","19831130","+,,0","","","","","","","","","0",",,0,30,+","0",",,0,30,+","","","","","","","","","","","32.7","2,a,,0","0",",,,0","","","","","","","",""
"USC00341445","1983-12","36.06167","-98.59","484.6","CANTON, OK US","","","","","","","","","","","","","","","","","","","","","","","","","","","","","","","","","","","","","","","","","","","","","","","","","","","","","","","8.4","2,a,,0","","","","","","","","","",""
"USC00341445","1984-01","36.06167","-98.59","484.6","CANTON, OK US","","","","","4","3,0","4","3,0","0","3,0","","","","","","","","","","","","","","","","","","","","","","","","","19840120","+,3,0","","","","","","","","","4.3","3,,0,20,+","","","","","","","","","16.7",",a,,0","","","","","","","","","",""
"USC00341445","1984-02","36.06167","-98.59","484.6","CANTON, OK US","","","","","2","2,0","2","2,0","0","2,0","0",",0","0",",0","","","","","","","","","","","","","","","19840229","+,,0","19840229","+,,0","","","19840227",",2,0","","","","","0",",,0,29,+","0",",,0,29,+","19.1","2,,0,27,","","","","","","","","","32.0",",a,,0","0",",,,0","","","","","","","",""
"USC00341445","1984-03","36.06167","-98.59","484.6","CANTON, OK US","","","0.0","3,0","10",",0","7",",0","2",",0","0",",0","0",",0","0","3,0","13","3,0","0","2,0","2","2,0","0","2,0","","","19840309","+,3,0","19840331","+,,0","19840331","+,,0","","","19840323",",,0","19840315",",2,0","-6.7","3,0,09,+","0",",,0,31,+","0",",,0,31,+","37.8",",,0,23,","26.1","2,0,15,","","","","","336.2","2,0","111.9",",,,0","0",",,,0","6.31","3,0","12.54","2,,,0","0.08","3,,,0","",""
"USC00341445","1984-04","36.06167","-98.59","484.6","CANTON, OK US","","","4.7","5,0","8","1,0","4","1,0","1","1,0","","","0","1,0","0","4,0","2","4,0","0","3,0","9","3,0","0","3,0","","","19840405",",4,0","","","19840430","+,1,0","","","19840408",",1,0","19840427",",3,0","-0.6","4,0,05,","","","0","1,,0,30,+","51.3","1,,0,08,","29.4","3,0,27,","","","","","173.9","3,0","71.6","1,,,0","0","1,,,0","11.66","5,0","18.17","3,,,0","5.15","4,,,0","",""
"USC00341445","1984-05","36.06167","-98.59","484.6","CANTON, OK US","","","45.5","5,0","7","1,0","3","1,0","0","1,0","0",",0","0",",0","0","4,0","0","4,0","0","4,0","23","4,0","1","4,0","","","19840508",",4,0","19840531","+,,0","19840531","+,,0","","","19840507",",1,0","19840525",",4,0","1.7","4,0,08,","0",",,0,31,+","0",",,0,31,+","17.3","1,,0,07,","34.4","4,0,25,","","","","","38.9","4,0","27.8","1,,,0","0",",,,0","18.54","5,0","25.59","4,,,0","11.50","4,,,0","",""
"USC00341445","1984-06","36.06167","-98.59","484.6","CANTON, OK US","","","","","8","3,0","3","3,0","0","3,0","0",",0","0",",0","","","","","","","","","","","","","","","19840630","+,,0","19840630","+,,0","","","19840626",",3,0","","","","","0",",,0,30,+","0",",,0,30,+","25.1","3,,0,26,","","","","","","","","","46.2",",a,,0","0",",,,0","","","","","","","",""
"USC00341445","1984-07","36.06167","-98.59","484.6","CANTON, OK US","","","","","0","3,0","0","3,0","0","3,0","0",",0","0",",0","","","","","","","","","","","","","","","19840731","+,,0","19840731","+,,0","","","19840731","+,3,0","","","","","0",",,0,31,+","0",",,0,31,+","0.0","3,,0,31,+","","","","","","","","","12.2",",a,,0","0",",,,0","","","","","","","",""
"USC00341445","1984-08","36.06167","-98.59","484.6","CANTON, OK US","","","","","6","4,0","3","4,0","0","4,0","0",",0","0",",0","","","","","","","","","","","","","","","19840831","+,,0","19840831","+,,0","","","19840806",",4,0","","","","","0",",,0,31,+","0",",,0,31,+","11.9","4,,0,06,","","","","","","","","","26.6","4,,,0","0",",,,0","","","","","","","",""
"USC00341445","1984-09","36.06167","-98.59","484.6","CANTON, OK US","","","","","4",",0","2",",0","0",",0","0",",0","0",",0","","","","","","","","","","","","","","","19840930","+,,0","19840930","+,,0","","","19840928",",,0","","","","","0",",,0,30,+","0",",,0,30,+","6.1",",,0,28,","","","","","","","","","13.5",",,,0","0",",,,0","","","","","","","",""
"USC00341445","1984-10","36.06167","-98.59","484.6","CANTON, OK US","","","7.2","5,0","9",",0","3",",0","0",",0","0",",0","0",",0","0","5,0","3","5,0","0","5,0","14","5,0","0","5,0","","","19841020","+,5,0","19841031","+,,0","19841031","+,,0","","","19841016",",,0","19841009",",5,0","0.0","5,0,20,+","0",",,0,31,+","0",",,0,31,+","16.5",",,0,16,","29.4","5,0,09,","","","","","135.6","5,0","40.1",",,,0","0",",,,0","13.40","5,0","20.72","5,,,0","6.07","5,,,0","",""
"USC00341445","1984-11","36.06167","-98.59","484.6","CANTON, OK US","","","0.6","4,0","5",",0","3",",0","0",",0","0",",0","0",",0","0","4,0","12","4,0","0","3,0","5","3,0","0","3,0","","","19841121",",4,0","19841130","+,,0","19841130","+,,0","","","19841118","+,,0","19841109",",3,0","-2.8","4,0,21,","0",",,0,30,+","0",",,0,30,+","12.2",",,0,18,+","26.7","3,0,09,","","","","","245.9","3,0","36.6",",,,0","0",",,,0","8.84","4,0","15.76","3,,,0","1.92","4,,,0","",""
"USC00341445","1984-12","36.06167","-98.59","484.6","CANTON, OK US","","","","","","","","","","","0",",0","0",",0","","","","","","","","","","","","","","","19841231","+,,0","19841231","+,,0","","","","","","","","","0",",,0,31,+","0",",,0,31,+","","","","","","","","","","","72.4",",a,,0","0",",,,0","","","","","","","",""
"USC00341445","1985-01","36.06167","-98.59","484.6","CANTON, OK US","","","","","4","4,0","2","4,0","0","4,0","","","","","","","","","","","","","","","","","","","","","","","","","19850102",",4,0","","","","","","","","","20.6","4,,0,02,","","","","","","","","","39.5","1,a,,0","","","","","","","","","",""
"USC00341445","1985-02","36.06167","-98.59","484.6","CANTON, OK US","","","","","3","3,0","3","3,0","0","3,0","","","","","","","","","","","","","","","","","","","","","","","","","19850222",",3,0","","","","","","","","","7.1","3,,0,22,","","","","","","","","","42.6",",a,,0","","","","","","","","","",""
"USC00341445","1985-03","36.06167","-98.59","484.6","CANTON, OK US","","","0.0","5,0","11","3,0","7","3,0","1","3,0","0",",0","0",",0","0","5,0","8","5,0","0","3,0","5","3,0","0","3,0","","","19850305","+,5,0","19850331","+,,0","19850331","+,,0","","","19850320",",3,0","19850328",",3,0","-3.3","5,0,05,+","0",",,0,31,+","0",",,0,31,+","29.0","3,,0,20,","24.4","3,0,28,","","","","","244.2","3,0","100.7","3,,,0","0",",,,0","9.23","5,0","15.35","3,,,0","3.10","5,,,0","",""
"USC00341445","1985-04","36.06167","-98.59","484.6","CANTON, OK US","","","","","10","2,0","8","2,0","0","2,0","","","0","1,0","","","","","","","","","","","","","","","","","19850430","+,1,0","","","19850423",",2,0","","","","","","","0","1,,0,30,+","19.6","2,,0,23,","","","","","","","","","75.0","2,,,0","0","1,,,0","","","","","","","",""
"USC00341445","1985-05","36.06167","-98.59","484.6","CANTON, OK US","","","82.1","4,0","4","3,0","2","3,0","0","3,0","0",",0","0",",0","0","4,0","0","4,0","0","4,0","27","4,0","5","4,0","","","19850515",",4,0","19850531","+,,0","19850531","+,,0","","","19850507",",3,0","19850531",",4,0","8.3","4,0,15,","0",",,0,31,+","0",",,0,31,+","19.8","3,,0,07,","40.0","4,0,31,","","","","","7.5","4,0","24.1",",a,,0","0",",,,0","21.09","4,0","28.07","4,,,0","14.12","4,,,0","",""
"USC00341445","1985-06","36.06167","-98.59","484.6","CANTON, OK US","","","137.6","2,0","9",",0","6",",0","2",",0","0",",0","0",",0","0","1,0","0","1,0","0","1,0","26","1,0","11","1,0","","","19850613",",1,0","19850630","+,,0","19850630","+,,0","","","19850605",",,0","19850617",",1,0","10.6","1,0,13,","0",",,0,30,+","0",",,0,30,+","45.2",",,0,05,","37.8","1,0,17,","","","","","1.7","1,0","93.4",",,,0","0",",,,0","23.33","2,0","29.08","1,,,0","17.57","1,,,0","",""
"USC00341445","1985-07","36.06167","-98.59","484.6","CANTON, OK US","","","278.2",",0","8",",0","5",",0","2",",0","0",",0","0",",0","0",",0","0",",0","0",",0","31",",0","22",",0","","","19850707","+,,0","19850731","+,,0","19850731","+,,0","","","19850725",",,0","19850710",",,0","16.1",",0,07,+","0",",,0,31,+","0",",,0,31,+","30.5",",,0,25,","40.0",",0,10,","","","0.0","0","0.0",",0","97.6",",,,0","0",",,,0","27.31",",0","34.18",",,,0","20.44",",,,0","",""
"USC00341445","1985-08","36.06167","-98.59","484.6","CANTON, OK US","","","225.1","2,0","13",",0","9",",0","1",",0","0",",0","0",",0","0","2,0","0","2,0","0","1,0","30","1,0","19","1,0","","","19850825",",2,0","19850831","+,,0","19850831","+,,0","","","19850801",",,0","19850810",",1,0","13.3","2,0,25,","0",",,0,31,+","0",",,0,31,+","36.8",",,0,01,","38.3","1,0,10,","","","0.0","0","0.0","1,0","103.7",",,,0","0",",,,0","26.05","2,0","32.95","1,,,0","19.14","2,,,0","",""
"USC00341445","1985-09","36.06167","-98.59","484.6","CANTON, OK US","","","158.9","5,0","10","2,0","4","2,0","1","2,0","0",",0","0",",0","0","5,0","0","5,0","0","5,0","23","5,0","11","5,0","","","19850930",",5,0","19850930","+,,0","19850930","+,,0","","","19850929",",2,0","19850909","+,5,0","0.6","5,0,30,","0",",,0,30,+","0",",,0,30,+","26.7","2,,0,29,","38.9","5,0,09,+","","","28.5","0","28.5","5,0","73.8","2,,,0","0",",,,0","23.55","5,0","31.05","5,,,0","16.04","5,,,0","",""
"USC00341445","1985-10","36.06167","-98.59","484.6","CANTON, OK US","","","2.8","1,0","6",",0","4",",0","1",",0","0",",0","0",",0","0","1,0","1","1,0","0","1,0","15","1,0","0","1,0","","","19851001",",1,0","19851031","+,,0","19851031","+,,0","","","19851010",",,0","19851020","+,1,0","-0.6","1,0,01,","0",",,0,31,+","0",",,0,31,+","29.5",",,0,10,","26.7","1,0,20,+","","","143.3","0","114.8","1,0","50.8",",,,0","0",",,,0","14.60","1,0","20.96","1,,,0","8.24","1,,,0","",""
"USC00341445","1985-11","36.06167","-98.59","484.6","CANTON, OK US","","","0.0","4,0","4","3,0","2","3,0","1","3,0","","","0","3,0","0","4,0","16","4,0","1","3,0","3","3,0","0","3,0","","","19851129","+,4,0","","","19851130","+,3,0","","","19851115",",3,0","19851106","+,3,0","-6.1","4,0,29,+","","","0","3,,0,30,+","34.5","3,,0,15,","23.3","3,0,06,+","","","456.1","0","312.8","3,0","44.2","1,a,,0","0","3,,,0","6.39","4,0","12.53","3,,,0","0.25","4,,,0","",""
"USC00341445","1985-12","36.06167","-98.59","484.6","CANTON, OK US","","","","","3","1,0","1","1,0","0","1,0","","","","","","","","","","","","","","","","","","","","","","","","","19851211",",1,0","","","","","","","","","10.2","1,,0,11,","","","","","","","","","12.2","1,,,0","","","","","","","","","",""
"USC00341445","1986-02","36.06167","-98.59","484.6","CANTON, OK US","","","","","2","5,0","0","5,0","0","5,0","","","","","","","","","","","","","","","","","","","","","","","","","19860206","+,5,0","","","","","","","","","0.3","5,,0,06,+","","","","","","","","","10.8","2,a,,0","","","","","","","","","",""
"USC00341445","1986-03","36.06167","-98.59","484.6","CANTON, OK US","","","4.7","4,0","3",",0","2",",0","0",",0","0",",0","0",",0","0","4,0","8","4,0","0","4,0","10","4,0","0","4,0","","","19860309",",4,0","19860331","+,,0","19860331","+,,0","","","19860312",",,0","19860329",",4,0","-3.9","4,0,09,","0",",,0,31,+","0",",,0,31,+","15.2",",,0,12,","28.9","4,0,29,","","","","","179.3","4,0","31.0",",,,0","0",",,,0","11.86","4,0","19.08","4,,,0","4.65","4,,,0","",""
"USC00341445","1986-04","36.06167","-98.59","484.6","CANTON, OK US","","","28.1","3,0","5",",0","3",",0","1",",0","0",",0","0",",0","0","3,0","0","3,0","0","3,0","17","3,0","1","3,0","","","19860416",",3,0","19860430","+,,0","19860430","+,,0","","","19860427",",,0","19860425",",3,0","1.7","3,0,16,","0",",,0,30,+","0",",,0,30,+","25.9",",,0,27,","32.2","3,0,25,","","","","","88.6","3,0","42.7",",,,0","0",",,,0","16.09","3,0","22.94","3,,,0","9.24","3,,,0","",""
"USC00341445","1986-05","36.06167","-98.59","484.6","CANTON, OK US","","","64.3","2,0","6","2,0","4","2,0","1","2,0","0",",0","0",",0","0","2,0","0","2,0","0","2,0","27","2,0","4","2,0","","","19860519",",2,0","19860531","+,,0","19860531","+,,0","","","19860517",",2,0","19860507",",2,0","7.2","2,0,19,","0",",,0,31,+","0",",,0,31,+","46.0","2,,0,17,","36.1","2,0,07,","","","","","15.6","2,0","87.4",",a,,0","0",",,,0","20.01","2,0","26.86","2,,,0","13.17","2,,,0","",""
"USC00341445","1986-06","36.06167","-98.59","484.6","CANTON, OK US","","","207.3",",0","11",",0","7",",0","0",",0","0",",0","0",",0","0",",0","0",",0","0",",0","30",",0","14",",0","","","19860612",",,0","19860630","+,,0","19860630","+,,0","","","19860621",",,0","19860630","+,,0","12.8",",0,12,","0",",,0,30,+","0",",,0,30,+","19.1",",,0,21,","36.7",",0,30,+","","","","","0.0",",0","84.4",",,,0","0",",,,0","25.24",",0","31.65",",,,0","18.84",",,,0","",""
"USC00341445","1986-07","36.06167","-98.59","484.6","CANTON, OK US","","","348.6",",0","4",",0","3",",0","1",",0","0",",0","0",",0","0",",0","0",",0","0",",0","31",",0","31",",0","","","19860721","+,,0","19860731","+,,0","19860731","+,,0","","","19860701",",,0","19860730",",,0","20.0",",0,21,+","0",",,0,31,+","0",",,0,31,+","31.0",",,0,01,","44.4",",0,30,","","","0.0","","0.0",",0","63.2",",,,0","0",",,,0","29.58",",0","36.48",",,,0","22.67",",,,0","",""
"USC00341445","1986-08","36.06167","-98.59","484.6","CANTON, OK US","","","225.7",",0","8",",0","6",",0","2",",0","0",",0","0",",0","0",",0","0",",0","0",",0","31",",0","15",",0","","","19860829",",,0","19860831","+,,0","19860831","+,,0","","","19860814",",,0","19860802",",,0","11.7",",0,29,","0",",,0,31,+","0",",,0,31,+","38.9",",,0,14,","38.9",",0,02,","","","0.3","","0.3",",0","110.4",",,,0","0",",,,0","25.60",",0","32.19",",,,0","19.02",",,,0","",""
"USC00341445","1986-09","36.06167","-98.59","484.6","CANTON, OK US","","","127.3","2,0","11",",0","8",",0","2",",0","0",",0","0",",0","0","2,0","0","2,0","0",",0","29",",0","8",",0","","","19860908",",2,0","19860930","+,,0","19860930","+,,0","","","19860930",",,0","19860928","+,,0","8.3","2,0,08,","0",",,0,30,+","0",",,0,30,+","51.1",",,0,30,","33.3",",0,28,+","","","6.7","","6.4",",0","122.6",",,,0","0",",,,0","22.59","2,0","28.96",",,,0","16.22","2,,,0","",""
"USC00341445","1986-10","36.06167","-98.59","484.6","CANTON, OK US","","","5.8","2,0","10","1,0","6","1,0","2","1,0","0",",0","0",",0","0","2,0","0","2,0","0","1,0","15","1,0","0","1,0","","","19861014",",2,0","19861031","+,,0","19861031","+,,0","","","19861022",",1,0","19861004",",1,0","0.6","2,0,14,","0",",,0,31,+","0",",,0,31,+","60.5","1,,0,22,","27.2","1,0,04,","","","103.1","","96.4","1,0","129.8","1,,,0","0",",,,0","15.16","2,0","20.79","1,,,0","9.52","2,,,0","",""
"USC00341445","1986-11","36.06167","-98.59","484.6","CANTON, OK US","","","0.0","4,0","3",",0","2",",0","1",",0","0",",0","0",",0","0","4,0","10","4,0","2","4,0","1","4,0","0","4,0","","","19861113",",4,0","19861130","+,,0","19861130","+,,0","","","19861104",",,0","19861101",",4,0","-11.7","4,0,13,","0",",,0,30,+","0",",,0,30,+","57.7",",,0,04,","21.7","4,0,01,","","","418.7","","315.6","4,0","74.7",",,,0","0",",,,0","6.19","4,0","12.45","4,,,0","-0.06","4,,,0","",""
"USC00341445","1987-01","36.06167","-98.59","484.6","CANTON, OK US","","","","","3","3,0","3","3,0","0","3,0","0",",0","0",",0","","","","","","","","","","","","","","","19870131","+,,0","19870131","+,,0","","","19870109",",3,0","","","","","0",",,0,31,+","0",",,0,31,+","13.7","3,,0,09,","","","","","","","","","24.8","3,,,0","0",",,,0","","","","","","","",""
"USC00341445","1987-02","36.06167","-98.59","484.6","CANTON, OK US","","","","","6","4,0","2","4,0","0","4,0","0",",0","0",",0","","","","","","","","","","","","","","","19870228","+,,0","19870228","+,,0","","","19870227",",4,0","","","","","0",",,0,28,+","0",",,0,28,+","16.3","4,,0,27,","","","","","","","","","51.3",",a,,0","0",",,,0","","","","","","","",""
"USC00341445","1987-03","36.06167","-98.59","484.6","CANTON, OK US","","","0.0","3,0","5","3,0","5","3,0","0","3,0","0",",0","0",",0","0","3,0","9","3,0","1","3,0","7","3,0","0","3,0","","","19870330",",3,0","19870331","+,,0","19870331","+,,0","","","19870317",",3,0","19870308",",3,0","-8.3","3,0,30,","0",",,0,31,+","0",",,0,31,+","17.8","3,,0,17,","23.9","3,0,08,","","","","","281.9","3,0","65.0","1,a,,0","0",",,,0","8.27","3,0","14.98","3,,,0","1.55","3,,,0","",""
"USC00341445","1987-04","36.06167","-98.59","484.6","CANTON, OK US","","","23.5",",0","1",",0","1",",0","0",",0","0",",0","0",",0","0",",0","2",",0","0",",0","18",",0","3",",0","","","19870403",",,0","19870430","+,,0","19870430","+,,0","","","19870414",",,0","19870419",",,0","-5.0",",0,03,","0",",,0,30,+","0",",,0,30,+","11.9",",,0,14,","33.3",",0,19,","","","","","141.2",",0","11.9",",,,0","0",",,,0","14.41",",0","22.25",",,,0","6.57",",,,0","",""
"USC00341445","1987-05","36.06167","-98.59","484.6","CANTON, OK US","","","101.6",",0","11",",0","10",",0","3",",0","0",",0","0",",0","0",",0","0",",0","0",",0","27",",0","6",",0","","","19870507",",,0","19870531","+,,0","19870531","+,,0","","","19870527",",,0","19870519",",,0","8.9",",0,07,","0",",,0,31,+","0",",,0,31,+","80.0",",,0,27,","36.7",",0,19,","","","","","15.8",",0","252.5",",,,0","0",",,,0","21.10",",0","27.66",",,,0","14.54",",,,0","",""
"USC00341445","1987-06","36.06167","-98.59","484.6","CANTON, OK US","","","185.9",",0","8",",0","8",",0","0",",0","0",",0","0",",0","0",",0","0",",0","0",",0","30",",0","9",",0","","","19870604",",,0","19870630","+,,0","19870630","+,,0","","","19870620",",,0","19870618",",,0","12.2",",0,04,","0",",,0,30,+","0",",,0,30,+","16.3",",,0,20,","37.8",",0,18,","","","","","0.0",",0","70.3",",,,0","0",",,,0","24.53",",0","30.99",",,,0","18.07",",,,0","",""
"USC00341445","1987-07","36.06167","-98.59","484.6","CANTON, OK US","","","231.1","1,0","5",",0","3",",0","1",",0","0",",0","0",",0","0","1,0","0","1,0","0",",0","31",",0","21",",0","","","19870714",",1,0","19870731","+,,0","19870731","+,,0","","","19870713",",,0","19870727",",,0","12.2","1,0,14,","0",",,0,31,+","0",",,0,31,+","119.6",",,0,13,","36.7",",0,27,","","","0.0","0","0.0",",0","161.3",",,,0","0",",,,0","26.00","1,0","32.13",",,,0","19.88","1,,,0","",""
"USC00341445","1987-08","36.06167","-98.59","484.6","CANTON, OK US","","","257.0",",0","4",",0","3",",0","1",",0","0",",0","0",",0","0",",0","0",",0","0",",0","29",",0","22",",0","","","19870828",",,0","19870831","+,,0","19870831","+,,0","","","19870813",",,0","19870808","+,,0","11.7",",0,28,","0",",,0,31,+","0",",,0,31,+","39.6",",,0,13,","38.3",",0,08,+","","","3.6","0","3.6",",0","57.0",",,,0","0",",,,0","26.51",",0","32.95",",,,0","20.06",",,,0","",""
"USC00341445","1987-09","36.06167","-98.59","484.6","CANTON, OK US","","","100.5","1,0","9",",0","6",",0","2",",0","0",",0","0",",0","0","1,0","0","1,0","0",",0","30",",0","4",",0","","","19870922",",1,0","19870930","+,,0","19870930","+,,0","","","19870918",",,0","19870904",",,0","9.4","1,0,22,","0",",,0,30,+","0",",,0,30,+","36.1",",,0,18,","33.9",",0,04,","","","9.8","0","6.2",",0","121.8",",,,0","0",",,,0","21.50","1,0","28.02",",,,0","14.99","1,,,0","",""
"USC00341445","1987-10","36.06167","-98.59","484.6","CANTON, OK US","","","7.5","2,0","2",",0","0",",0","0",",0","0",",0","0",",0","0","2,0","0","2,0","0","2,0","15","2,0","0","2,0","","","19871021","+,2,0","19871031","+,,0","19871031","+,,0","","","19871024",",,0","19871030","+,2,0","1.1","2,0,21,+","0",",,0,31,+","0",",,0,31,+","1.0",",,0,24,","28.9","2,0,30,+","","","132.6","0","122.8","2,0","1.8",",,,0","0",",,,0","14.36","2,0","21.44","2,,,0","7.28","2,,,0","",""
"USC00341445","1987-11","36.06167","-98.59","484.6","CANTON, OK US","","","5.4","5,0","6",",0","2",",0","0",",0","0",",0","0",",0","0","5,0","8","5,0","0","4,0","11","4,0","0","4,0","","","19871119",",5,0","19871130","+,,0","19871130","+,,0","","","19871127",",,0","19871105","+,4,0","-6.1","5,0,19,","0",",,0,30,+","0",",,0,30,+","5.1",",,0,27,","26.1","4,0,05,+","","","332.2","0","199.6","4,0","11.5",",,,0","0",",,,0","10.50","5,0","17.37","4,,,0","3.64","5,,,0","",""
"USC00341445","1987-12","36.06167","-98.59","484.6","CANTON, OK US","","","","","4",",0","4",",0","1",",0","0",",0","0",",0","","","","","","","","","","","","","","","19871231","+,,0","19871231","+,,0","","","19871221",",,0","","","","","0",",,0,31,+","0",",,0,31,+","35.6",",,0,21,","","","","","","","","","70.6",",,,0","0",",,,0","","","","","","","",""
"USC00341445","1988-01","36.06167","-98.59","484.6","CANTON, OK US","","","","","2","4,0","2","4,0","0","4,0","","","0","3,0","","","","","","","","","","","","","","","","","19880131","+,3,0","","","19880106",",4,0","","","","","","","0","3,,0,31,+","13.5","4,,0,06,","","","","","","","","","27.5",",a,,0","0","3,,,0","","","","","","","",""
"USC00341445","1988-02","36.06167","-98.59","484.6","CANTON, OK US","","","","","3",",0","0",",0","0",",0","0","1,0","0","1,0","","","","","","","","","","","","","","","19880229","+,1,0","19880229","+,1,0","","","19880210","+,,0","","","","","0","1,,0,29,+","0","1,,0,29,+","0.5",",,0,10,+","","","","","","","","","1.5",",,,0","0","1,,,0","","","","","","","",""
"USC00341445","1988-03","36.06167","-98.59","484.6","CANTON, OK US","","","","","5","3,0","3","3,0","1","3,0","0",",0","0",",0","","","","","","","","","","","","","","","19880331","+,,0","19880331","+,,0","","","19880303",",3,0","","","","","0",",,0,31,+","0",",,0,31,+","52.1","3,,0,03,","","","","","","","","","83.1",",a,,0","0",",,,0","","","","","","","",""
"USC00341445","1988-04","36.06167","-98.59","484.6","CANTON, OK US","","","6.1",",0","9",",0","5",",0","1",",0","0",",0","0",",0","0",",0","1",",0","0",",0","10",",0","0",",0","","","19880411",",,0","19880430","+,,0","19880430","+,,0","","","19880425",",,0","19880405",",,0","-0.6",",0,11,","0",",,0,30,+","0",",,0,30,+","35.3",",,0,25,","28.9",",0,05,","","","","","180.7",",0","112.8",",,,0","0",",,,0","12.52",",0","19.17",",,,0","5.86",",,,0","",""
"USC00341445","1988-05","36.06167","-98.59","484.6","CANTON, OK US","","","77.5",",0","5",",0","2",",0","1",",0","0",",0","0",",0","0",",0","0",",0","0",",0","27",",0","0",",0","","","19880505","+,,0","19880531","+,,0","19880531","+,,0","","","19880521",",,0","19880518","+,,0","6.1",",0,05,+","0",",,0,31,+","0",",,0,31,+","25.9",",,0,21,","31.7",",0,18,+","","","","","24.4",",0","44.5",",,,0","0",",,,0","20.05",",0","26.45",",,,0","13.64",",,,0","",""
"USC00341445","1988-06","36.06167","-98.59","484.6","CANTON, OK US","","","206.5",",0","6",",0","3",",0","1",",0","0",",0","0",",0","0",",0","0",",0","0",",0","30",",0","14",",0","","","19880605",",,0","19880630","+,,0","19880630","+,,0","","","19880601",",,0","19880609",",,0","11.1",",0,05,","0",",,0,30,+","0",",,0,30,+","34.0",",,0,01,","40.6",",0,09,","","","","","0.0",",0","69.3",",,,0","0",",,,0","25.22",",0","32.12",",,,0","18.32",",,,0","",""
"USC00341445","1988-07","36.06167","-98.59","484.6","CANTON, OK US","","","267.4",",0","8",",0","5",",0","1",",0","0",",0","0",",0","0",",0","0",",0","0",",0","31",",0","22",",0","","","19880721",",,0","19880731","+,,0","19880731","+,,0","","","19880727",",,0","19880714",",,0","14.4",",0,21,","0",",,0,31,+","0",",,0,31,+","27.7",",,0,27,","38.3",",0,14,","","","0.0","0","0.0",",0","65.3",",,,0","0",",,,0","26.96",",0","33.82",",,,0","20.10",",,,0","",""
"USC00341445","1988-08","36.06167","-98.59","484.6","CANTON, OK US","","","293.8",",0","3",",0","1",",0","0",",0","0",",0","0",",0","0",",0","0",",0","0",",0","31",",0","26",",0","","","19880829",",,0","19880831","+,,0","19880831","+,,0","","","19880828",",,0","19880826","+,,0","9.4",",0,29,","0",",,0,31,+","0",",,0,31,+","10.2",",,0,28,","40.0",",0,26,+","","","3.1","0","3.1",",0","10.8",",,,0","0",",,,0","27.71",",0","35.25",",,,0","20.17",",,,0","",""
"USC00341445","1988-09","36.06167","-98.59","484.6","CANTON, OK US","","","103.3","2,0","5",",0","4",",0","1",",0","0",",0","0",",0","0","2,0","0","2,0","0","2,0","28","2,0","7","2,0","","","19880930",",2,0","19880930","+,,0","19880930","+,,0","","","19880919",",,0","19880913","+,2,0","6.7","2,0,30,","0",",,0,30,+","0",",,0,30,+","71.6",",,0,19,","35.0","2,0,13,+","","","7.3","0","4.2","2,0","109.3",",,,0","0",",,,0","21.87","2,0","29.72","2,,,0","14.03","2,,,0","",""
"USC00341445","1988-10","36.06167","-98.59","484.6","CANTON, OK US","","","5.0","4,0","9","2,0","4","2,0","0","2,0","0",",0","0",",0","0","4,0","0","4,0","0","4,0","14","4,0","0","4,0","","","19881019",",4,0","19881031","+,,0","19881031","+,,0","","","19881020",",2,0","19881018",",4,0","2.2","4,0,19,","0",",,0,31,+","0",",,0,31,+","20.3","2,,0,20,","30.0","4,0,18,","","","137.6","0","130.3","4,0","51.6",",a,,0","0",",,,0","13.69","4,0","20.66","4,,,0","6.73","4,,,0","",""
"USC00341445","1988-11","36.06167","-98.59","484.6","CANTON, OK US","","","","","2","5,0","2","5,0","0","5,0","0",",0","0",",0","","","","","","","","","","","","","","","19881130","+,,0","19881130","+,,0","","","19881121",",5,0","","","","","0",",,0,30,+","0",",,0,30,+","13.7","5,,0,21,","","","","","","","","","26.1","5,,,0","0",",,,0","","","","","","","",""
"USC00341445","1988-12","36.06167","-98.59","484.6","CANTON, OK US","","","","","1","4,0","1","4,0","0","4,0","0",",0","0",",0","","","","","","","","","","","","","","","19881231","+,,0","19881231","+,,0","","","19881207",",4,0","","","","","0",",,0,31,+","0",",,0,31,+","2.5","4,,0,07,","","","","","","","","","7.6",",a,,0","0",",,,0","","","","","","","",""
"USC00341445","1989-01","36.06167","-98.59","484.6","CANTON, OK US","","","","","3",",0","2",",0","0",",0","0",",0","0",",0","","","","","","","","","","","","","","","19890131","+,,0","19890131","+,,0","","","19890130",",,0","","","","","0",",,0,31,+","0",",,0,31,+","16.0",",,0,30,","","","","","","","","","27.2",",,,0","0",",,,0","","","","","","","",""
"USC00341445","1989-03","36.06167","-98.59","484.6","CANTON, OK US","","","","","5",",0","4",",0","1",",0","0",",0","0",",0","0","5,0","12","5,0","","","","","","","","","19890306",",5,0","19890331","+,,0","19890331","+,,0","","","19890328",",,0","","","-12.8","5,0,06,","0",",,0,31,+","0",",,0,31,+","53.3",",,0,28,","","","","","","","","","69.6",",,,0","0",",,,0","","","","","2.05","5,,,0","",""
"USC00341445","1989-04","36.06167","-98.59","484.6","CANTON, OK US","","","41.7","2,0","2",",0","0",",0","0",",0","0",",0","0",",0","0","2,0","1","2,0","0","2,0","18","2,0","4","2,0","","","19890411",",2,0","19890430","+,,0","19890430","+,,0","","","19890426",",,0","19890424",",2,0","-2.2","2,0,11,","0",",,0,30,+","0",",,0,30,+","2.0",",,0,26,","33.9","2,0,24,","","","","","120.0","2,0","3.8",",,,0","0",",,,0","15.53","2,0","22.50","2,,,0","8.57","2,,,0","",""
"USC00341445","1989-05","36.06167","-98.59","484.6","CANTON, OK US","","","70.5",",0","9",",0","7",",0","1",",0","0",",0","0",",0","0",",0","0",",0","0",",0","26",",0","5",",0","","","19890501",",,0","19890531","+,,0","19890531","+,,0","","","19890512",",,0","19890525",",,0","6.1",",0,01,","0",",,0,31,+","0",",,0,31,+","27.4",",,0,12,","35.0",",0,25,","","","","","45.5",",0","103.0",",,,0","0",",,,0","19.14",",0","25.39",",,,0","12.89",",,,0","",""
"USC00341445","1989-06","36.06167","-98.59","484.6","CANTON, OK US","","","103.3","1,0","12",",0","10",",0","2",",0","0",",0","0",",0","0","1,0","0","1,0","0",",0","30",",0","4",",0","","","19890616",",1,0","19890630","+,,0","19890630","+,,0","","","19890607",",,0","19890621",",,0","8.9","1,0,16,","0",",,0,30,+","0",",,0,30,+","37.3",",,0,07,","35.0",",0,21,","","","","","5.5",",0","158.5",",,,0","0",",,,0","21.70","1,0","27.68",",,,0","15.71","1,,,0","",""
"USC00341445","1989-07","36.06167","-98.59","484.6","CANTON, OK US","","","226.9","1,0","4",",0","3",",0","2",",0","0",",0","0",",0","0","1,0","0","1,0","0",",0","31",",0","14",",0","","","19890724",",1,0","19890731","+,,0","19890731","+,,0","","","19890714",",,0","19890713",",,0","14.4","1,0,24,","0",",,0,31,+","0",",,0,31,+","37.6",",,0,14,","38.9",",0,13,","","","0.0","0","0.0",",0","76.4",",,,0","0",",,,0","25.87","1,0","32.55",",,,0","19.20","1,,,0","",""
"USC00341445","1989-08","36.06167","-98.59","484.6","CANTON, OK US","","","200.4",",0","16",",0","10",",0","3",",0","0",",0","0",",0","0",",0","0",",0","0",",0","29",",0","15",",0","","","19890808",",,0","19890831","+,,0","19890831","+,,0","","","19890813",",,0","19890806",",,0","10.6",",0,08,","0",",,0,31,+","0",",,0,31,+","41.9",",,0,13,","38.9",",0,06,","","","2.5","0","2.5",",0","159.9",",,,0","0",",,,0","24.72",",0","30.25",",,,0","19.18",",,,0","",""
"USC00341445","1989-09","36.06167","-98.59","484.6","CANTON, OK US","","","92.1",",0","7",",0","5",",0","2",",0","0",",0","0",",0","0",",0","1",",0","0",",0","24",",0","7",",0","","","19890924",",,0","19890930","+,,0","19890930","+,,0","","","19890913",",,0","19890901",",,0","-1.1",",0,24,","0",",,0,30,+","0",",,0,30,+","52.3",",,0,13,","36.1",",0,01,","","","64.2","0","61.7",",0","110.2",",,,0","0",",,,0","19.35",",0","26.27",",,,0","12.42",",,,0","",""
"USC00341445","1989-10","36.06167","-98.59","484.6","CANTON, OK US","","","38.9","1,0","2",",0","1",",0","0",",0","0",",0","0",",0","0","1,0","3","1,0","0","1,0","23","1,0","3","1,0","","","19891031","+,1,0","19891031","+,,0","19891031","+,,0","","","19891006",",,0","19891002",",1,0","-3.3","1,0,31,+","0",",,0,31,+","0",",,0,31,+","21.1",",,0,06,","34.4","1,0,02,","","","157.1","0","92.9","1,0","21.4",",,,0","0",",,,0","16.53","1,0","24.49","1,,,0","8.58","1,,,0","",""
"USC00341445","1989-11","36.06167","-98.59","484.6","CANTON, OK US","","","","","0",",0","0",",0","0",",0","0",",0","0",",0","","","","","","","","","","","","","","","19891130","+,,0","19891130","+,,0","","","19891102",",,0","","","","","0",",,0,30,+","0",",,0,30,+","0.0",",T,0,02,","","","","","","","","","0.0",",T,,0","0",",,,0","","","","","","","",""
"USC00341445","1989-12","36.06167","-98.59","484.6","CANTON, OK US","","","","","","","","","","","","","0","1,0","","","","","","","","","","","","","","","","","19891231","+,1,0","","","","","","","","","","","0","1,,0,31,+","","","","","","","","","","","","","0","1,,,0","","","","","","","",""
"USC00341445","1990-01","36.06167","-98.59","484.6","CANTON, OK US","","","","","2",",0","1",",0","0",",0","0","3,0","0","1,0","","","","","","","","","","","","","","","19900131","+,3,0","19900131","+,1,0","","","19900119",",,0","","","","","0","3,,0,31,+","0","1,,0,31,+","20.3",",,0,19,","","","","","","","","","22.6",",,,0","0","1,,,0","","","","","","","",""
"USC00341445","1990-02","36.06167","-98.59","484.6","CANTON, OK US","","","","","7",",0","5",",0","0",",0","","","","","","","","","","","","","","","","","","","","","","","","","19900222",",,0","","","","","","","","","24.6",",,0,22,","","","","","","","","","81.5",",,,0","","","","","","","","","",""
"USC00341445","1990-03","36.06167","-98.59","484.6","CANTON, OK US","","","0.0","5,0","11","3,0","6","3,0","1","3,0","0","1,0","0","1,0","0","5,0","9","5,0","2","5,0","6","5,0","0","5,0","","","19900325","+,5,0","19900331","+,1,0","19900331","+,1,0","","","19900307",",3,0","19900313",",5,0","-5.6","5,0,25,+","0","1,,0,31,+","0","1,,0,31,+","33.0","3,,0,07,","25.0","5,0,13,","","","","","276.1","5,0","82.6",",a,,0","0","1,,,0","7.71","5,0","13.83","5,,,0","1.60","5,,,0","",""
"USC00341445","1990-04","36.06167","-98.59","484.6","CANTON, OK US","","","9.7",",0","14",",0","7",",0","2",",0","0",",0","0",",0","0",",0","2",",0","0",",0","14",",0","0",",0","","","19900407",",,0","19900430","+,,0","19900430","+,,0","","","19900424",",,0","19900423",",,0","-2.2",",0,07,","0",",,0,30,+","0",",,0,30,+","66.0",",,0,24,","28.3",",0,23,","","","","","169.2",",0","135.2",",,,0","0",",,,0","13.02",",0","20.02",",,,0","6.01",",,,0","",""
"USC00341445","1990-05","36.06167","-98.59","484.6","CANTON, OK US","","","65.0",",0","5",",0","4",",0","1",",0","0",",0","0",",0","0",",0","0",",0","0",",0","25",",0","2",",0","","","19900510",",,0","19900531","+,,0","19900531","+,,0","","","19900530",",,0","19900526",",,0","4.4",",0,10,","0",",,0,31,+","0",",,0,31,+","50.0",",,0,30,","33.9",",0,26,","","","","","58.4",",0","77.9",",,,0","0",",,,0","18.55",",0","25.12",",,,0","11.97",",,,0","",""
"USC00341445","1990-06","36.06167","-98.59","484.6","CANTON, OK US","","","252.8",",0","3",",0","2",",0","1",",0","0",",0","0",",0","0",",0","0",",0","0",",0","30",",0","23",",0","","","19900603",",,0","19900630","+,,0","19900630","+,,0","","","19900616",",,0","19900627",",,0","10.0",",0,03,","0",",,0,30,+","0",",,0,30,+","34.8",",,0,16,","38.9",",0,27,","","","","","0.0",",0","41.9",",,,0","0",",,,0","26.76",",0","33.93",",,,0","19.58",",,,0","",""
"USC00341445","1990-07","36.06167","-98.59","484.6","CANTON, OK US","","","242.7",",0","8",",0","5",",0","0",",0","0",",0","0",",0","0",",0","0",",0","0",",0","31",",0","20",",0","","","19900714","+,,0","19900731","+,,0","19900731","+,,0","","","19900721",",,0","19900704",",,0","10.6",",0,14,+","0",",,0,31,+","0",",,0,31,+","9.4",",,0,21,","39.4",",0,04,","","","0.5","0","0.5",",0","33.1",",,,0","0",",,,0","26.14",",0","32.97",",,,0","19.32",",,,0","",""
"USC00341445","1990-08","36.06167","-98.59","484.6","CANTON, OK US","","","","","8",",0","5",",0","0",",0","0",",0","0",",0","0","2,0","0","2,0","","","","","","","","","19900807",",2,0","19900831","+,,0","19900831","+,,0","","","19900813",",,0","","","13.9","2,0,07,","0",",,0,31,+","0",",,0,31,+","17.0",",,0,13,","","","","","","","","","55.4",",,,0","0",",,,0","","","","","19.44","2,,,0","",""
"USC00341445","1990-09","36.06167","-98.59","484.6","CANTON, OK US","","","","","9",",0","6",",0","2",",0","0",",0","0",",0","0","1,","0","1,0","","","","","","","","","19900924","+,1,0","19900930","+,,0","19900930","+,,0","","","19900920",",,0","","","7.2","1,0,24,+","0",",,0,30,+","0",",,0,30,+","49.0",",,0,20,","","","","","","","","","121.5",",,,0","0",",,,0","","","","","16.22","1,,,0","",""
"USC00341445","1990-10","36.06167","-98.59","484.6","CANTON, OK US","","","","","1","4,0","1","4,0","0","4,0","0",",0","0",",0","","","","","","","","","","","","","","","19901031","+,,0","19901031","+,,0","","","19901003",",4,0","","","","","0",",,0,31,+","0",",,0,31,+","12.7","4,,0,03,","","","","","","","","","29.2","2,a,,0","0",",,,0","","","","","","","",""
"USC00341445","1990-11","36.06167","-98.59","484.6","CANTON, OK US","","","","","3","2,0","2","2,0","0","2,0","0",",0","0",",0","","","","","","","","","","","","","","","19901130","+,,0","19901130","+,,0","","","19901108",",2,0","","","","","0",",,0,30,+","0",",,0,30,+","8.6","2,,0,08,","","","","","","","","","54.3",",a,,0","0",",,,0","","","","","","","",""
"USC00341445","1990-12","36.06167","-98.59","484.6","CANTON, OK US","","","","","","","","","","","","","0","1,0","","","","","","","","","","","","","","","","","19901231","+,1,0","","","","","","","","","","","0","1,,0,31,+","","","","","","","","","","","8.2",",a,,0","0","1,,,0","","","","","","","",""
"USC00341445","1991-01","36.06167","-98.59","484.6","CANTON, OK US","","","","","4",",0","1",",0","0",",0","0",",0","0",",0","","","","","","","","","","","","","","","19910130","+,,0","19910130","+,,0","","","19910110",",,0","","","","","0",",T,0,30,+","0",",T,0,30,+","8.9",",,0,10,","","","","","","","","","10.2",",,,0","0",",T,,0","","","","","","","",""
"USC00341445","1991-02","36.06167","-98.59","484.6","CANTON, OK US","","","","","0",",0","0",",0","0",",0","0",",0","0",",0","","","","","","","","","","","","","","","19910228","+,,0","19910228","+,,0","","","19910225","+,,0","","","","","0",",,0,28,+","0",",,0,28,+","0.0",",T,0,25,+","","","","","","","","","0.0",",T,,0","0",",,,0","","","","","","","",""
"USC00341445","1991-03","36.06167","-98.59","484.6","CANTON, OK US","","","","","4","5,0","1","5,0","0","5,0","0",",0","0",",0","","","","","0","5,0","9","5,0","1","5,0","","","","","19910331","+,,0","19910331","+,,0","","","19910329",",5,0","19910306",",5,0","","","0",",,0,31,+","0",",,0,31,+","12.7","5,,0,29,","32.2","5,0,06,","","","","","","","39.2",",a,,0","0",",,,0","","","18.79","5,,,0","","","",""
"USC00341445","1991-04","36.06167","-98.59","484.6","CANTON, OK US","","","15.1","2,0","8",",0","4",",0","0",",0","0",",0","0",",0","0","2,0","1","2,0","0",",0","20",",0","0",",0","","","19910410",",2,0","19910430","+,,0","19910430","+,,0","","","19910425",",,0","19910417","+,,0","0.0","2,0,10,","0",",,0,30,+","0",",,0,30,+","25.1",",,0,25,","29.4",",0,17,+","","","","","88.8",",0","53.5",",,,0","0",",,,0","15.49","2,0","22.61",",,,0","8.36","2,,,0","",""
"USC00341445","1991-05","36.06167","-98.59","484.6","CANTON, OK US","","","91.1","4,0","10",",0","7",",0","1",",0","0",",0","0",",0","0","4,0","0","4,0","0",",0","29",",0","5",",0","","","19910501",",4,0","19910531","+,,0","19910531","+,,0","","","19910524",",,0","19910528",",,0","2.2","4,0,01,","0",",,0,31,+","0",",,0,31,+","44.5",",,0,24,","35.0",",0,28,","","","","","12.3",",0","145.3",",,,0","0",",,,0","20.97","4,0","27.30",",,,0","14.63","4,,,0","",""
"USC00341445","1991-06","36.06167","-98.59","484.6","CANTON, OK US","","","196.8",",0","9",",0","3",",0","0",",0","0",",0","0",",0","0",",0","0",",0","0",",0","30",",0","15",",0","","","19910603",",,0","19910630","+,,0","19910630","+,,0","","","19910602",",,0","19910615",",,0","11.1",",0,03,","0",",,0,30,+","0",",,0,30,+","24.6",",,0,02,","36.1",",0,15,","","","","","0.6",",0","47.5",",,,0","0",",,,0","24.87",",0","31.45",",,,0","18.29",",,,0","",""
"USC00341445","1991-07","36.06167","-98.59","484.6","CANTON, OK US","","","278.3","2,0","5",",0","4",",0","1",",0","0",",0","0",",0","0","2,0","0","2,0","0",",0","30",",0","24",",0","","","19910726","+,2,0","19910731","+,,0","19910731","+,,0","","","19910703",",,0","19910720",",,0","17.2","2,0,26,+","0",",,0,31,+","0",",,0,31,+","37.8",",,0,03,","40.0",",0,20,","","","0.0","0","0.0",",0","67.5",",,,0","0",",,,0","28.00","2,0","34.53",",,,0","21.47","2,,,0","",""
"USC00341445","1991-08","36.06167","-98.59","484.6","CANTON, OK US","","","243.6","1,0","8",",0","8",",0","3",",0","0",",0","0",",0","0","1,0","0","1,0","0","1,0","30","1,0","19","1,0","","","19910822","+,1,0","19910831","+,,0","19910831","+,,0","","","19910830",",,0","19910809",",1,0","13.3","1,0,22,+","0",",,0,31,+","0",",,0,31,+","48.0",",,0,30,","38.9","1,0,09,","","","0.8","0","0.8","1,0","160.7",",,,0","0",",,,0","26.43","1,0","33.06","1,,,0","19.80","1,,,0","",""
"USC00341445","1991-09","36.06167","-98.59","484.6","CANTON, OK US","","","100.3","2,0","12",",0","7",",0","0",",0","0",",0","0",",0","0","1,0","0","1,0","0","1,0","24","1,0","1","1,0","","","19910925",",1,0","19910930","+,,0","19910930","+,,0","","","19910916",",,0","19910912",",1,0","6.1","1,0,25,","0",",,0,30,+","0",",,0,30,+","23.1",",,0,16,","32.2","1,0,12,","","","30.8","0","30.0","1,0","88.1",",,,0","0",",,,0","20.72","2,0","26.28","1,,,0","15.16","1,,,0","",""
"USC00341445","1991-10","36.06167","-98.59","484.6","CANTON, OK US","","","44.0","2,0","2","1,0","2","1,0","1","1,0","0",",0","0",",0","0","1,0","3","1,0","1","2,0","18","2,0","0","2,0","","","19911031","+,1,0","19911031","+,,0","19911031","+,,0","","","19911031",",1,0","19911004","+,2,0","-3.9","1,0,31,+","0",",,0,31,+","0",",,0,31,+","31.0","1,,0,31,","31.7","2,0,04,+","","","127.5","0","96.7","2,0","48.5","1,,,0","0",",,,0","16.29","2,0","23.66","2,,,0","8.92","1,,,0","",""
"USC00341445","1991-11","36.06167","-98.59","484.6","CANTON, OK US","","","","","8",",0","3",",0","2",",0","0",",0","0","2,0","","","","","","","","","","","","","","","19911130","+,,0","19911130","+,2,0","","","19911116",",,0","","","","","0",",,0,30,+","0","2,,0,30,+","31.2",",,0,16,","","","","","","","","","66.3",",,,0","0","2,,,0","","","","","","","",""
"USC00341445","1991-12","36.06167","-98.59","484.6","CANTON, OK US","","","","","5","2,0","4","2,0","1","2,0","0",",0","0",",0","","","","","","","","","","","","","","","19911231","+,,0","19911231","+,,0","","","19911212",",2,0","","","","","0",",,0,31,+","0",",,0,31,+","26.7","2,,0,12,","","","","","","","","","74.2",",a,,0","0",",,,0","","","","","","","",""
"USC00341445","1992-01","36.06167","-98.59","484.6","CANTON, OK US","","","","","","","","","","","0",",0","0",",0","","","","","","","","","","","","","","","19920113",",,0","19920114","+,,0","","","","","","","","","0",",T,0,13,","0",",T,0,14,+","","","","","","","","","","","30.8","4,a,,0","0",",T,,0","","","","","","","",""
"USC00341445","1992-02","36.06167","-98.59","484.6","CANTON, OK US","","","","","4","5,0","1","5,0","0","5,0","0",",0","0",",0","","","","","","","","","","","","","","","19920229","+,,0","19920229","+,,0","","","19920224",",5,0","","","","","0",",,0,29,+","0",",,0,29,+","2.5","5,,0,24,","","","","","","","","","6.3","2,a,,0","0",",,,0","","","","","","","",""
"USC00341445","1992-03","36.06167","-98.59","484.6","CANTON, OK US","","","0.0","2,0","9",",0","5",",0","0",",0","0",",0","0",",0","0","2,0","7","2,0","0","2,0","11","2,0","0","2,0","","","19920310",",2,0","19920331","+,,0","19920331","+,,0","","","19920304",",,0","19920308",",2,0","-6.7","2,0,10,","0",",,0,31,+","0",",,0,31,+","6.4",",,0,04,","26.7","2,0,08,","","","","","219.0","2,0","26.0",",,,0","0",",,,0","10.78","2,0","18.03","2,,,0","3.53","2,,,0","",""
"USC00341445","1992-04","36.06167","-98.59","484.6","CANTON, OK US","","","10.0",",0","9",",0","5",",0","0",",0","0",",0","0",",0","0",",0","2",",0","0",",0","17",",0","0",",0","","","19920403","+,,0","19920430","+,,0","19920430","+,,0","","","19920419",",,0","19920415",",,0","-2.2",",0,03,+","0",",,0,30,+","0",",,0,30,+","16.0",",,0,19,","28.3",",0,15,","","","","","130.8",",0","38.8",",,,0","0",",,,0","14.31",",0","21.28",",,,0","7.33",",,,0","",""
"USC00341445","1992-05","36.06167","-98.59","484.6","CANTON, OK US","","","51.9",",0","8",",0","6",",0","1",",0","0",",0","0",",0","0",",0","0",",0","0",",0","25",",0","0",",0","","","19920506",",,0","19920531","+,,0","19920531","+,,0","","","19920511",",,0","19920513","+,,0","3.9",",0,06,","0",",,0,31,+","0",",,0,31,+","40.1",",,0,11,","31.7",",0,13,+","","","","","51.1",",0","80.7",",,,0","0",",,,0","18.36",",0","24.45",",,,0","12.27",",,,0","",""
"USC00341445","1992-06","36.06167","-98.59","484.6","CANTON, OK US","","","110.2",",0","12",",0","11",",0","2",",0","0",",0","0",",0","0",",0","0",",0","0",",0","29",",0","5",",0","","","19920601",",,0","19920630","+,,0","19920630","+,,0","","","19920610",",,0","19920625",",,0","7.8",",0,01,","0",",,0,30,+","0",",,0,30,+","53.3",",,0,10,","36.7",",0,25,","","","","","10.0",",0","178.1",",,,0","0",",,,0","21.67",",0","27.17",",,,0","16.18",",,,0","",""
"USC00341445","1992-07","36.06167","-98.59","484.6","CANTON, OK US","","","248.0",",0","4",",0","2",",0","0",",0","0",",0","0",",0","0",",0","0",",0","0",",0","31",",0","19",",0","","","19920731",",,0","19920731","+,,0","19920731","+,,0","","","19920716",",,0","19920703","+,,0","15.6",",0,31,","0",",,0,31,+","0",",,0,31,+","22.9",",,0,16,","37.2",",0,03,+","","","0.0","0","0.0",",0","46.5",",,,0","0",",,,0","26.33",",0","32.39",",,,0","20.27",",,,0","",""
"USC00341445","1992-08","36.06167","-98.59","484.6","CANTON, OK US","","","147.4",",0","13",",0","11",",0","2",",0","0",",0","0",",0","0",",0","0",",0","0",",0","29",",0","8",",0","","","19920819",",,0","19920831","+,,0","19920831","+,,0","","","19920830",",,0","19920811","+,,0","12.8",",0,19,","0",",,0,31,+","0",",,0,31,+","69.6",",,0,30,","36.7",",0,11,+","","","3.9","0","3.9",",0","182.9",",,,0","0",",,,0","22.96",",0","28.67",",,,0","17.25",",,,0","",""
"USC00341445","1992-09","36.06167","-98.59","484.6","CANTON, OK US","","","114.2",",0","5",",0","2",",0","0",",0","0",",0","0",",0","0",",0","0",",0","0",",0","30",",0","6",",0","","","19920924",",,0","19920930","+,,0","19920930","+,,0","","","19920911",",,0","19920910",",,0","6.1",",0,24,","0",",,0,30,+","0",",,0,30,+","8.1",",,0,11,","34.4",",0,10,","","","15.8","0","11.9",",0","14.6",",,,0","0",",,,0","21.74",",0","28.63",",,,0","14.85",",,,0","",""
"USC00341445","1992-10","36.06167","-98.59","484.6","CANTON, OK US","","","28.2","2,0","2","1,0","2","1,0","0","1,0","0",",0","0",",0","0","2,0","0","2,0","0","1,0","21","1,0","0","1,0","","","19921017",",2,0","19921031","+,,0","19921031","+,,0","","","19921029",",1,0","19921014",",1,0","0.6","2,0,17,","0",",,0,31,+","0",",,0,31,+","4.3","1,,0,29,","31.7","1,0,14,","","","93.1","0","77.3","1,0","8.1","1,,,0","0",",,,0","16.54","2,0","24.42","1,,,0","8.67","2,,,0","",""
"USC00341445","1992-11","36.06167","-98.59","484.6","CANTON, OK US","","","1.7","4,0","9","2,0","4","2,0","2","2,0","0",",0","0",",0","0","4,0","12","4,0","0","4,0","2","4,0","0","4,0","","","19921130",",4,0","19921130","+,,0","19921130","+,,0","","","19921125",",2,0","19921110",",4,0","-8.3","4,0,30,","0",",,0,30,+","0",",,0,30,+","44.5","2,,0,25,","25.0","4,0,10,","","","378.8","0","285.7","4,0","119.1",",a,,0","0",",,,0","7.41","4,0","13.50","4,,,0","1.32","4,,,0","",""
"USC00341445","1992-12","36.06167","-98.59","484.6","CANTON, OK US","","","0.0","4,0","3","3,0","3","3,0","0","3,0","0","2,0","0","1,0","0","4,0","22","4,0","3",",0","1",",0","0",",0","","","19921231",",4,0","19921231","+,2,0","19921231","+,1,0","","","19921205",",3,0","19921230",",,0","-10.6","4,0,31,","0","2,,0,31,+","0","1,,0,31,+","8.9","3,,0,05,","21.1",",0,30,","","","806.3","0","427.5",",0","51.3",",a,,0","0","1,,,0","2.50","4,0","8.08",",,,0","-3.09","4,,,0","",""
"USC00341445","1993-01","36.06167","-98.59","484.6","CANTON, OK US","","","","","9",",0","5",",0","0",",0","","","","","0","5,0","26","5,0","6","2,0","0","2,0","0","2,0","","","19930114","+,5,0","","","","","","","19930109",",,0","19930128",",2,0","-11.1","5,0,14,+","","","","","21.6",",,0,09,","18.3","2,0,28,","","","","","","","46.3",",,,0","","","0.08","7,0","5.23","2,,,0","-5.07","5,,,0","",""
"USC00341445","1993-02","36.06167","-98.59","484.6","CANTON, OK US","","","0.0","3,0","8",",0","4",",0","0",",0","","","","","1","3,0","18","3,0","4","1,0","1","1,0","0","1,0","","","19930218",",3,0","","","","","","","19930216",",,0","19930221",",1,0","-17.8","3,0,18,","","","","","12.7",",,0,16,","24.4","1,0,21,","","","","","411.8","1,0","41.4",",,,0","","","2.04","3,0","8.21","1,,,0","-4.12","3,,,0","",""
"USC00341445","1993-03","36.06167","-98.59","484.6","CANTON, OK US","","","1.1","3,0","6",",0","5",",0","0",",0","0",",0","0",",0","0","3,0","14","3,0","0","2,0","2","2,0","0","2,0","","","19930313",",3,0","19930331","+,,0","19930331","+,,0","","","19930330",",,0","19930329",",2,0","-8.3","3,0,13,","0",",,0,31,+","0",",,0,31,+","21.3",",,0,30,","24.4","2,0,29,","","","","","327.2","2,0","49.2",",,,0","0",",,,0","6.55","3,0","12.42","2,,,0","0.68","3,,,0","",""
"USC00341445","1993-04","36.06167","-98.59","484.6","CANTON, OK US","","","1.1","1,0","7",",0","4",",0","0",",0","0",",0","0",",0","0","1,0","2","1,0","0",",0","12",",0","0",",0","","","19930402",",1,0","19930430","+,,0","19930430","+,,0","","","19930429",",,0","19930419",",,0","-1.7","1,0,02,","0",",,0,30,+","0",",,0,30,+","24.9",",,0,29,","26.1",",0,19,","","","","","185.9",",0","74.7",",,,0","0",",,,0","11.86","1,0","17.92",",,,0","5.80","1,,,0","",""
"USC00341445","1993-05","36.06167","-98.59","484.6","CANTON, OK US","","","37.9",",0","16",",0","11",",0","4",",0","0",",0","0",",0","0",",0","0",",0","0",",0","24",",0","0",",0","","","19930510","+,,0","19930531","+,,0","19930531","+,,0","","","19930509",",,0","19930531",",,0","7.8",",0,10,+","0",",,0,31,+","0",",,0,31,+","71.1",",,0,09,","30.0",",0,31,","","","","","51.5",",0","253.3",",,,0","0",",,,0","17.90",",0","23.38",",,,0","12.41",",,,0","",""
"USC00341445","1993-06","36.06167","-98.59","484.6","CANTON, OK US","","","154.9",",0","8",",0","6",",0","0",",0","0",",0","0",",0","0",",0","0",",0","0",",0","29",",0","8",",0","","","19930605",",,0","19930630","+,,0","19930630","+,,0","","","19930627",",,0","19930630","+,,0","8.9",",0,05,","0",",,0,30,+","0",",,0,30,+","13.2",",,0,27,","33.9",",0,30,+","","","","","3.6",",0","49.4",",,,0","0",",,,0","23.38",",0","29.14",",,,0","17.62",",,,0","",""
"USC00341445","1993-07","36.06167","-98.59","484.6","CANTON, OK US","","","296.1","1,0","7",",0","5",",0","1",",0","0",",0","0",",0","0","1,0","0","1,0","0",",0","31",",0","27",",0","","","19930714",",1,0","19930731","+,,0","19930731","+,,0","","","19930713",",,0","19930731",",,0","18.9","1,0,14,","0",",,0,31,+","0",",,0,31,+","25.9",",,0,13,","38.9",",0,31,","","","0.0","0","0.0",",0","67.1",",,,0","0",",,,0","28.21","1,0","34.23",",,,0","22.18","1,,,0","",""
"USC00341445","1993-08","36.06167","-98.59","484.6","CANTON, OK US","","","286.4",",0","8",",0","5",",0","1",",0","0",",0","0",",0","0",",0","0",",0","0",",0","30",",0","25",",0","","","19930807",",,0","19930831","+,,0","19930831","+,,0","","","19930825",",,0","19930817",",,0","13.3",",0,07,","0",",,0,31,+","0",",,0,31,+","29.0",",,0,25,","39.4",",0,17,","","","0.0","0","0.0",",0","71.6",",,,0","0",",,,0","27.57",",0","34.65",",,,0","20.49",",,,0","",""
"USC00341445","1993-09","36.06167","-98.59","484.6","CANTON, OK US","","","67.1",",0","7",",0","6",",0","0",",0","0",",0","0",",0","0",",0","0",",0","0",",0","27",",0","4",",0","","","19930916","+,,0","19930930","+,,0","19930930","+,,0","","","19930925",",,0","19930923",",,0","3.3",",0,16,+","0",",,0,30,+","0",",,0,30,+","14.7",",,0,25,","35.0",",0,23,","","","23.9","0","23.9",",0","50.4",",,,0","0",",,,0","19.78",",0","27.19",",,,0","12.36",",,,0","",""
"USC00341445","1993-10","36.06167","-98.59","484.6","CANTON, OK US","","","20.6","3,0","4","2,0","1","2,0","0","2,0","0",",0","0",",0","0","3,0","4","3,0","0","2,0","18","2,0","0","2,0","","","19931031","+,3,0","19931031","+,,0","19931031","+,,0","","","19931020",",2,0","19931001",",2,0","-6.7","3,0,31,+","0",",,0,31,+","0",",,0,31,+","3.0","2,,0,20,","31.1","2,0,01,","","","169.5","0","145.6","2,0","8.1",",a,,0","0",",,,0","13.92","3,0","21.28","2,,,0","6.56","3,,,0","",""
"USC00341445","1993-11","36.06167","-98.59","484.6","CANTON, OK US","","","0.0","3,0","4",",0","3",",0","0",",0","0",",0","0",",0","0","3,0","16","3,0","2","1,0","2","1,0","0","1,0","","","19931126",",3,0","19931130","+,,0","19931130","+,,0","","","19931114",",,0","19931113",",1,0","-11.7","3,0,26,","0",",,0,30,+","0",",,0,30,+","12.2",",,0,14,","22.2","1,0,13,","","","524.4","0","354.9","1,0","24.2",",,,0","0",",,,0","5.27","3,0","12.11","1,,,0","-1.56","3,,,0","",""
"USC00341445","1993-12","36.06167","-98.59","484.6","CANTON, OK US","","","0.0","1,0","4",",0","3",",0","0",",0","0",",0","0",",0","0","1,0","25","1,0","1",",0","0",",0","0",",0","","","19931229","+,1,0","19931231","+,,0","19931231","+,,0","","","19931203",",,0","19931227",",,0","-8.3","1,0,29,+","0",",,0,31,+","0",",,0,31,+","6.9",",,0,03,","19.4",",0,27,","","","953.9","0","429.5",",0","16.1",",,,0","0",",,,0","4.08","1,0","10.69",",,,0","-2.54","1,,,0","",""
"USC00341445","1994-01","36.06167","-98.59","484.6","CANTON, OK US","0.0","0","0.0","3,0","2","3,0","1","3,0","0","3,0","0","1,0","0","1,0","0","3,0","23","3,0","4","2,0","0","2,0","0","2,0","","","19940131",",3,0","19940131","+,1,0","19940116",",1,0","","","19940126",",3,0","19940101",",2,0","-16.1","3,0,31,","0","1,,0,31,+","0","1,T,0,16,","3.8","3,,0,26,","17.8","2,0,01,","","","1442.0","0","488.1","2,0","4.9",",a,,0","0","1,T,,0","0.88","3,0","7.43","2,,,0","-5.68","3,,,0","",""
"USC00341445","1994-02","36.06167","-98.59","484.6","CANTON, OK US","0.0","0","0.0",",0","2",",0","2",",0","0",",0","0",",0","0",",0","0",",0","24",",0","6",",0","0",",0","0",",0","","","19940201",",,0","19940228","+,,0","19940228","+,,0","","","19940222",",,0","19940218",",,0","-15.6",",0,01,","0",",,0,28,+","0",",,0,28,+","10.2",",,0,22,","20.6",",0,18,","","","1927.5","0","485.5",",0","14.0",",,,0","0",",,,0","0.99",",0","7.74",",,,0","-5.75",",,,0","",""
"USC00341445","1994-03","36.06167","-98.59","484.6","CANTON, OK US","1.4","0","1.4","4,0","6",",0","5",",0","0",",0","","","","","0","3,0","11","3,0","1","4,0","10","4,0","0","4,0","","","19940328",",3,0","","","","","","","19940309",",,0","19940318",",4,0","-4.4","3,0,28,","","","","","18.0",",,0,09,","31.1","4,0,18,","","","2154.9","0","227.4","4,0","45.0",",,,0","","","9.92","4,0","18.04","4,,,0","1.79","3,,,0","",""
"USC00341445","1994-04","36.06167","-98.59","484.6","CANTON, OK US","23.9","0","22.5","1,0","7",",0","5",",0","2",",0","0",",0","0",",0","0","1,0","3","1,0","0",",0","19",",0","0",",0","","","19940406",",1,0","19940430","+,,0","19940430","+,,0","","","19940430",",,0","19940419",",,0","-2.8","1,0,06,","0",",,0,30,+","0",",,0,30,+","37.6",",,0,30,","30.0",",0,19,","","","2287.8","0","132.9",",0","113.1",",,,0","0",",,,0","14.46","1,0","21.35",",,,0","7.58","1,,,0","",""
"USC00341445","1994-05","36.06167","-98.59","484.6","CANTON, OK US","81.4","0","57.5",",0","10",",0","6",",0","2",",0","0",",0","0",",0","0",",0","1",",0","0",",0","25",",0","1",",0","","","19940501",",,0","19940531","+,,0","19940531","+,,0","","","19940526",",,0","19940531",",,0","0.0",",0,01,","0",",,0,31,+","0",",,0,31,+","71.4",",,0,26,","33.9",",0,31,","","","2343.9","0","56.1",",0","173.6",",,,0","0",",,,0","18.38",",0","24.53",",,,0","12.23",",,,0","",""
"USC00341445","1994-06","36.06167","-98.59","484.6","CANTON, OK US","321.0","0","239.6","1,0","6",",0","2",",0","1",",0","0",",0","0",",0","0","1,0","0","1,0","0",",0","30",",0","23",",0","","","19940615","+,1,0","19940630","+,,0","19940630","+,,0","","","19940620",",,0","19940626",",,0","17.2","1,0,15,+","0",",,0,30,+","0",",,0,30,+","26.9",",,0,20,","40.0",",0,26,","","","2343.9","0","0.0",",0","35.3",",,,0","0",",,,0","26.49","1,0","33.14",",,,0","19.85","1,,,0","",""
"USC00341445","1994-07","36.06167","-98.59","484.6","CANTON, OK US","557.2","0","236.2","1,0","7",",0","5",",0","1",",0","0",",0","0",",0","0","1,0","0","1,0","0",",0","31",",0","22",",0","","","19940728","+,1,0","19940731","+,,0","19940731","+,,0","","","19940716",",,0","19940706","+,,0","13.3","1,0,28,+","0",",,0,31,+","0",",,0,31,+","33.5",",,0,16,","37.8",",0,06,+","","","0.0","0","0.0",",0","58.4",",,,0","0",",,,0","26.16","1,0","33.52",",,,0","18.80","1,,,0","",""
"USC00341445","1994-08","36.06167","-98.59","484.6","CANTON, OK US","827.8","0","270.6",",0","5",",0","4",",0","0",",0","0",",0","0",",0","0",",0","0",",0","0",",0","31",",0","26",",0","","","19940815",",,0","19940831","+,,0","19940831","+,,0","","","19940831",",,0","19940827",",,0","12.2",",0,15,","0",",,0,31,+","0",",,0,31,+","22.9",",,0,31,","40.0",",0,27,","","","0.0","0","0.0",",0","40.3",",,,0","0",",,,0","27.06",",0","34.83",",,,0","19.29",",,,0","",""
"USC00341445","1994-09","36.06167","-98.59","484.6","CANTON, OK US","923.0","0","95.2",",0","7",",0","3",",0","0",",0","0",",0","0",",0","0",",0","0",",0","0",",0","26",",0","4",",0","","","19940924",",,0","19940930","+,,0","19940930","+,,0","","","19940908",",,0","19940930",",,0","3.3",",0,24,","0",",,0,30,+","0",",,0,30,+","8.4",",,0,08,","36.1",",0,30,","","","25.9","0","25.9",",0","19.5",",,,0","0",",,,0","20.64",",0","28.06",",,,0","13.23",",,,0","",""
"USC00341445","1994-10","36.06167","-98.59","484.6","CANTON, OK US","942.7","0","19.7","3,0","7","3,0","3","3,0","0","3,0","0",",0","0",",0","0","3,0","0","3,0","0","3,0","15","3,0","1","3,0","","","19941026",",3,0","19941031","+,,0","19941031","+,,0","","","19941031",",3,0","19941002",",3,0","2.2","3,0,26,","0",",,0,31,+","0",",,0,31,+","23.1","3,,0,31,","32.2","3,0,02,","","","127.6","0","101.7","3,0","108.2",",a,,0","0",",,,0","15.40","3,0","21.74","3,,,0","9.06","3,,,0","",""
"USC00341445","1994-11","36.06167","-98.59","484.6","CANTON, OK US","942.7","0","0.0","4,0","","","","","","","0",",0","0",",0","0","3,0","7","3,0","0","3,0","2","3,0","0","3,0","","","19941123",",3,0","19941130","+,,0","19941130","+,,0","","","","","19941109",",3,0","-3.3","3,0,23,","0",",,0,30,+","0",",,0,30,+","","","23.3","3,0,09,","","","381.7","0","254.1","3,0","118.7",",a,,0","0",",,,0","8.45","4,0","13.94","3,,,0","2.96","3,,,0","",""
"USC00341445","1994-12","36.06167","-98.59","484.6","CANTON, OK US","","","","","4","1,0","1","1,0","0","1,0","0",",0","0",",0","","","","","","","","","","","","","","","19941231","+,,0","19941231","+,,0","","","19941207",",1,0","","","","","0",",,0,31,+","0",",,0,31,+","6.4","1,,0,07,","","","","","","","","","7.8","1,,,0","0",",,,0","","","","","","","",""
"USC00341445","1995-01","36.06167","-98.59","484.6","CANTON, OK US","","","","","3","3,0","2","3,0","0","3,0","","","0","1,0","","","","","2","3,0","1","3,0","0","3,0","","","","","","","19950131","+,1,0","","","19950122",",3,0","19950112",",3,0","","","","","0","1,,0,31,+","13.0","3,,0,22,","23.9","3,0,12,","","","","","","","20.9",",a,,0","0","1,,,0","","","8.46","3,,,0","","","",""
"USC00341445","1995-02","36.06167","-98.59","484.6","CANTON, OK US","","","","","2",",0","0",",0","0",",0","0","2,0","0","2,0","0","5,0","12","5,0","2","3,0","6","3,0","0","3,0","","","19950213",",5,0","19950228","+,2,0","19950228","+,2,0","","","19950213",",,0","19950203",",3,0","-8.3","5,0,13,","0","2,,0,28,+","0","2,,0,28,+","1.3",",,0,13,","25.6","3,0,03,","","","","","","","2.3",",,,0","0","2,,,0","6.82","6,0","14.00","3,,,0","-0.37","5,,,0","",""
"USC00341445","1995-03","36.06167","-98.59","484.6","CANTON, OK US","","","4.2","4,0","10","2,0","7","2,0","1","2,0","0","5,0","0","3,0","0","4,0","8","4,0","4","2,0","8","2,0","0","2,0","","","19950308","+,4,0","19950331","+,5,0","19950331","+,3,0","","","19950314",",2,0","19950323",",2,0","-12.2","4,0,08,+","0","5,,0,31,+","0","3,,0,31,+","38.9","2,,0,14,","30.0","2,0,23,","","","","","281.1","2,0","78.4",",a,,0","0","3,,,0","8.36","4,0","14.31","2,,,0","2.41","4,,,0","",""
"USC00341445","1995-04","36.06167","-98.59","484.6","CANTON, OK US","","","2.3","3,0","7",",0","5",",0","1",",0","0",",0","0",",0","0","2,0","2","2,0","0","1,0","11","1,0","0","1,0","","","19950411",",2,0","19950430","+,,0","19950430","+,,0","","","19950418",",,0","19950409",",1,0","-3.3","2,0,11,","0",",,0,30,+","0",",,0,30,+","27.9",",,0,18,","30.0","1,0,09,","","","","","183.7","1,0","68.6",",,,0","0",",,,0","11.70","3,0","18.30","1,,,0","5.11","2,,,0","",""
"USC00341445","1995-05","36.06167","-98.59","484.6","CANTON, OK US","","","21.7",",0","13",",0","9",",0","2",",0","0",",0","0",",0","0",",0","0",",0","0",",0","21",",0","0",",0","","","19950502",",,0","19950531","+,,0","19950531","+,,0","","","19950508",",,0","19950514",",,0","2.8",",0,02,","0",",,0,31,+","0",",,0,31,+","26.9",",,0,08,","30.0",",0,14,","","","","","69.5",",0","136.3",",,,0","0",",,,0","16.79",",0","22.57",",,,0","11.01",",,,0","",""
"USC00341445","1995-06","36.06167","-98.59","484.6","CANTON, OK US","","","117.5",",0","10",",0","8",",0","4",",0","0",",0","0",",0","0",",0","0",",0","0",",0","29",",0","5",",0","","","19950614","+,,0","19950630","+,,0","19950630","+,,0","","","19950604",",,0","19950608",",,0","10.6",",0,14,+","0",",,0,30,+","0",",,0,30,+","68.8",",,0,04,","33.9",",0,08,","","","","","4.7",",0","236.2",",,,0","0",",,,0","22.09",",0","28.27",",,,0","15.91",",,,0","",""
"USC00341445","1995-07","36.06167","-98.59","484.6","CANTON, OK US","","","274.6",",0","6",",0","2",",0","0",",0","0",",0","0",",0","0",",0","0",",0","0",",0","31",",0","23",",0","","","19950701",",,0","19950731","+,,0","19950731","+,,0","","","19950716",",,0","19950712",",,0","14.4",",0,01,","0",",,0,31,+","0",",,0,31,+","17.0",",,0,16,","40.6",",0,12,","","","0.0","0","0.0",",0","25.6",",,,0","0",",,,0","27.19",",0","34.01",",,,0","20.37",",,,0","",""
"USC00341445","1995-08","36.06167","-98.59","484.6","CANTON, OK US","","","257.7","1,0","4",",0","4",",0","3",",0","0",",0","0",",0","0","1,0","0","1,0","0",",0","31",",0","25",",0","","","19950826","+,1,0","19950831","+,,0","19950831","+,,0","","","19950803",",,0","19950831",",,0","16.7","1,0,26,+","0",",,0,31,+","0",",,0,31,+","160.3",",,0,03,","36.7",",0,31,","","","0.0","0","0.0",",0","247.5",",,,0","0",",,,0","26.88","1,0","32.80",",,,0","20.95","1,,,0","",""
"USC00341445","1995-09","36.06167","-98.59","484.6","CANTON, OK US","","","124.9",",0","15",",0","6",",0","1",",0","0",",0","0",",0","0",",0","0",",0","0",",0","23",",0","7",",0","","","19950922",",,0","19950930","+,,0","19950930","+,,0","","","19950921",",,0","19950904",",,0","3.3",",0,22,","0",",,0,30,+","0",",,0,30,+","26.4",",,0,21,","38.9",",0,04,","","","53.7","0","53.7",",0","81.3",",,,0","0",",,,0","20.71",",0","25.88",",,,0","15.53",",,,0","",""
"USC00341445","1995-10","36.06167","-98.59","484.6","CANTON, OK US","","","13.1","1,0","3",",0","2",",0","0",",0","0",",0","0",",0","0","1,0","2","1,0","0","1,0","20","1,0","0","1,0","","","19951024",",1,0","19951031","+,,0","19951031","+,,0","","","19951003",",,0","19951017","+,1,0","-2.2","1,0,24,","0",",,0,31,+","0",",,0,31,+","10.7",",,0,03,","30.6","1,0,17,+","","","160.3","0","106.6","1,0","21.7",",,,0","0",",,,0","15.22","1,0","23.37","1,,,0","7.07","1,,,0","",""
"USC00341445","1995-11","36.06167","-98.59","484.6","CANTON, OK US","","","0.0","2,0","1",",0","0",",0","0",",0","0",",0","0",",0","0","2,0","11","2,0","0","2,0","7","2,0","0","2,0","","","19951129",",2,0","19951130","+,,0","19951130","+,,0","","","19951111",",,0","19951107",",2,0","-8.3","2,0,29,","0",",,0,30,+","0",",,0,30,+","1.3",",,0,11,","27.8","2,0,07,","","","436.6","0","276.3","2,0","1.3",",,,0","0",",,,0","8.46","2,0","16.36","2,,,0","0.56","2,,,0","",""
"USC00341445","1995-12","36.06167","-98.59","484.6","CANTON, OK US","","","0.0","3,0","2","2,0","1","2,0","0","2,0","0",",0","0",",0","0","3,0","20","3,0","3","1,0","2","1,0","0","1,0","","","19951211","+,3,0","19951231","+,,0","19951231","+,,0","","","19951219",",2,0","19951202",",1,0","-12.2","3,0,11,+","0",",,0,31,+","0",",,0,31,+","3.8","2,,0,19,","22.2","1,0,02,","","","881.7","0","445.1","1,0","19.8",",a,,0","0",",,,0","2.33","3,0","8.01","1,,,0","-3.35","3,,,0","",""
"USC00341445","1996-01","36.06167","-98.59","484.6","CANTON, OK US","0.0","0","0.0","3,0","2",",0","1",",0","0",",0","0",",0","0",",0","0","3,0","26","3,0","8","2,0","1","2,0","0","2,0","","","19960131","+,3,0","19960131","+,,0","19960131","+,,0","","","19960103",",,0","19960114",",2,0","-15.0","3,0,31,+","0",",,0,31,+","0",",,0,31,+","3.8",",,0,03,","22.8","2,0,14,","","","1390.8","0","509.1","2,0","4.6",",,,0","0",",,,0","0.05","3,0","7.30","2,,,0","-7.20","3,,,0","",""
"USC00341445","1996-02","36.06167","-98.59","484.6","CANTON, OK US","1.7","0","1.7","3,0","1",",0","1",",0","0",",0","","","0","2,0","3","3,0","20","3,0","6",",0","10",",0","1",",0","","","19960204",",3,0","","","19960229","+,2,0","","","19960202",",,0","19960223",",,0","-26.7","3,0,04,","","","0","2,,0,29,+","3.8",",,0,02,","32.2",",0,23,","","","1790.8","0","400.0",",0","3.8",",,,0","0","2,,,0","3.65","3,0","12.80",",,,0","-5.50","3,,,0","",""
"USC00341445","1996-03","36.06167","-98.59","484.6","CANTON, OK US","1.7","0","0.0","5,0","7",",0","1",",0","0",",0","0",",0","0",",0","0","5,0","14","5,0","2","4,0","4","4,0","0","4,0","","","19960308","+,5,0","19960331","+,,0","19960331","+,,0","","","19960315",",,0","19960314",",4,0","-13.3","5,0,08,+","0",",,0,31,+","0",",,0,31,+","3.6",",,0,15,","25.6","4,0,14,","","","2121.5","0","330.7","4,0","8.3",",,,0","0",",,,0","5.71","5,0","13.07","4,,,0","-1.65","5,,,0","",""
"USC00341445","1996-04","36.06167","-98.59","484.6","CANTON, OK US","15.4","0","13.7",",0","2",",0","0",",0","0",",0","0",",0","0",",0","0",",0","4",",0","0",",0","19",",0","0",",0","","","19960406",",,0","19960430","+,,0","19960430","+,,0","","","19960412",",,0","19960425",",,0","-3.3",",0,06,","0",",,0,30,+","0",",,0,30,+","1.8",",,0,12,","31.1",",0,25,","","","2267.9","0","146.4",",0","2.3",",,,0","0",",,,0","13.91",",0","22.01",",,,0","5.80",",,,0","",""
"USC00341445","1996-05","36.06167","-98.59","484.6","CANTON, OK US","158.1","0","142.7",",0","7",",0","5",",0","0",",0","0",",0","0",",0","0",",0","0",",0","0",",0","28",",0","13",",0","","","19960501",",,0","19960531","+,,0","19960531","+,,0","","","19960525",",,0","19960524",",,0","6.1",",0,01,","0",",,0,31,+","0",",,0,31,+","23.6",",,0,25,","37.2",",0,24,","","","2284.8","0","16.9",",0","52.1",",,,0","0",",,,0","22.39",",0","29.11",",,,0","15.66",",,,0","",""
"USC00341445","1996-06","36.06167","-98.59","484.6","CANTON, OK US","349.8","0","191.7","1,0","10",",0","6",",0","2",",0","0",",0","0",",0","0","1,0","0","1,0","0",",0","30",",0","16",",0","","","19960609",",1,0","19960630","+,,0","19960630","+,,0","","","19960616",",,0","19960630","+,,0","10.0","1,0,09,","0",",,0,30,+","0",",,0,30,+","34.0",",,0,16,","36.1",",0,30,+","","","2287.3","0","2.5",",0","96.5",",,,0","0",",,,0","24.80","1,0","31.21",",,,0","18.39","1,,,0","",""
"USC00341445","1996-07","36.06167","-98.59","484.6","CANTON, OK US","611.5","0","261.7",",0","13",",0","11",",0","0",",0","0",",0","0",",0","0",",0","0",",0","0",",0","29",",0","17",",0","","","19960711","+,,0","19960731","+,,0","19960731","+,,0","","","19960709",",,0","19960707",",,0","14.4",",0,11,+","0",",,0,31,+","0",",,0,31,+","20.6",",,0,09,","42.2",",0,07,","","","2.9","0","2.9",",0","147.4",",,,0","0",",,,0","26.68",",0","32.62",",,,0","20.75",",,,0","",""
"USC00341445","1996-08","36.06167","-98.59","484.6","CANTON, OK US","812.5","0","201.0",",0","11",",0","7",",0","2",",0","0",",0","0",",0","0",",0","0",",0","0",",0","31",",0","10",",0","","","19960813",",,0","19960831","+,,0","19960831","+,,0","","","19960823",",,0","19960823","+,,0","15.0",",0,13,","0",",,0,31,+","0",",,0,31,+","62.7",",,0,23,","33.9",",0,23,+","","","2.9","0","0.0",",0","126.8",",,,0","0",",,,0","24.82",",0","30.14",",,,0","19.49",",,,0","",""
"USC00341445","1996-09","36.06167","-98.59","484.6","CANTON, OK US","894.9","0","82.4",",0","9",",0","7",",0","2",",0","0",",0","0",",0","0",",0","0",",0","0",",0","27",",0","3",",0","","","19960928","+,,0","19960930","+,,0","19960930","+,,0","","","19960915",",,0","19960911",",,0","7.2",",0,28,+","0",",,0,30,+","0",",,0,30,+","89.9",",,0,15,","33.3",",0,11,","","","26.3","0","23.4",",0","181.3",",,,0","0",",,,0","20.30",",0","26.36",",,,0","14.24",",,,0","",""
"USC00341445","1996-10","36.06167","-98.59","484.6","CANTON, OK US","909.7","0","14.8",",0","5",",0","4",",0","1",",0","0",",0","0",",0","0",",0","0",",0","0",",0","19",",0","0",",0","","","19961022",",,0","19961031","+,,0","19961031","+,,0","","","19961008",",,0","19961017",",,0","1.1",",0,22,","0",",,0,31,+","0",",,0,31,+","27.2",",,0,08,","28.9",",0,17,","","","142.1","0","115.8",",0","59.4",",,,0","0",",,,0","15.07",",0","21.48",",,,0","8.67",",,,0","",""
"USC00341445","1996-11","36.06167","-98.59","484.6","CANTON, OK US","909.7","0","0.0","3,0","8","2,0","5","2,0","1","2,0","0",",0","0",",0","0","3,0","9","3,0","0","3,0","3","3,0","0","3,0","","","19961126","+,3,0","19961130","+,,0","19961130","+,,0","","","19961117",",2,0","19961107","+,3,0","-7.2","3,0,26,+","0",",,0,30,+","0",",,0,30,+","31.8","2,,0,17,","23.9","3,0,07,+","","","451.6","0","309.5","3,0","71.2",",a,,0","0",",,,0","6.87","3,0","12.79","3,,,0","0.94","3,,,0","",""
"USC00341445","1996-12","36.06167","-98.59","484.6","CANTON, OK US","","","","","1","1,0","0","1,0","0","1,0","0","1,0","0","1,0","","","","","4","4,0","1","4,0","0","4,0","","","","","19961231","+,1,0","19961231","+,1,0","","","19961217",",1,0","19961211",",4,0","","","0","1,,0,31,+","0","1,,0,31,+","0.5","1,,0,17,","25.6","4,0,11,","","","","","","","0.5","1,,,0","0","1,,,0","","","11.04","4,,,0","","","",""
"USC00341445","1997-01","36.06167","-98.59","484.6","CANTON, OK US","0.0","","0.0","4,0","3",",0","1",",0","0",",0","0",",0","","","0","2,0","20","2,0","6","4,0","1","4,0","0","4,0","","","19970128",",2,0","19970131","+,,0","","","","","19970109",",,0","19970103",",4,0","-14.4","2,0,28,","0",",,0,31,+","","","4.6",",,0,09,","23.3","4,0,03,","","","","","434.5","4,0","5.4",",,,0","","","2.21","4,0","8.20","4,,,0","-3.78","2,,,0","",""
"USC00341445","1997-02","36.06167","-98.59","484.6","CANTON, OK US","","","","","7",",0","5",",0","1",",0","","","0","3,0","","","","","","","","","","","","","","","","","19970228","+,3,0","","","19970221",",,0","","","","","","","0","3,,0,28,+","52.6",",,0,21,","","","","","","","","","85.9",",,,0","0","3,,,0","","","","","","","",""
"USC00341445","1997-03","36.06167","-98.59","484.6","CANTON, OK US","","","","","0","3,0","0","3,0","0","3,0","0",",0","0",",0","","","","","0","4,0","14","4,0","0","4,0","","","","","19970331","+,,0","19970331","+,,0","","","19970318","+,3,0","19970322",",4,0","","","0",",,0,31,+","0",",,0,31,+","0.0","3,T,0,18,+","29.4","4,0,22,","","","","","","","0.3",",a,,0","0",",,,0","","","19.28","4,,,0","","","",""
"USC00341445","1997-04","36.06167","-98.59","484.6","CANTON, OK US","","","0.6","1,0","11",",0","8",",0","3",",0","0",",0","0",",0","0","1,0","6","1,0","1","1,0","9","1,0","0","1,0","","","19970413","+,1,0","19970430","+,,0","19970430","+,,0","","","19970411",",,0","19970421",",1,0","-5.6","1,0,13,+","0",",,0,30,+","0",",,0,30,+","76.2",",,0,11,","27.2","1,0,21,","","","","","215.3","1,0","186.6",",,,0","0",",,,0","10.93","1,0","16.94","1,,,0","4.91","1,,,0","",""
"USC00341445","1997-05","36.06167","-98.59","484.6","CANTON, OK US","","","23.6","2,0","11",",0","8",",0","2",",0","0",",0","0",",0","0","2,0","0","2,0","0","2,0","22","2,0","0","2,0","","","19970510",",2,0","19970531","+,,0","19970531","+,,0","","","19970502",",,0","19970518",",2,0","4.4","2,0,10,","0",",,0,31,+","0",",,0,31,+","41.1",",,0,02,","31.7","2,0,18,","","","","","45.0","2,0","141.3",",,,0","0",",,,0","17.60","2,0","23.49","2,,,0","11.70","2,,,0","",""
"USC00341445","1998-02","36.06167","-98.59","484.6","CANTON, OK US","","","0.0",",0","6",",0","1",",0","0",",0","0","1,0","0",",0","0",",0","16",",0","0",",0","1",",0","0",",0","","","19980206",",,0","19980228","+,1,0","19980228","+,,0","","","19980201",",,0","19980225",",,0","-6.1",",0,06,","0","1,,0,28,+","0",",,0,28,+","20.8",",,0,01,","22.8",",0,25,","","","","","341.8",",0","23.0",",,,0","0",",,,0","6.13",",0","12.26",",,,0","-0.01",",,,0","",""
"USC00341445","1998-03","36.06167","-98.59","484.6","CANTON, OK US","","","3.4",",0","11",",0","6",",0","2",",0","0",",0","0",",0","0",",0","15",",0","1",",0","6",",0","0",",0","","","19980310",",,0","19980320","+,,0","19980320","+,,0","","","19980316",",,0","19980326",",,0","-11.1",",0,10,","0",",T,0,20,+","0",",T,0,20,+","56.6",",,0,16,","27.8",",0,26,","","","","","381.4",",0","120.4",",,,0","0",",T,,0","6.14",",0","11.97",",,,0","0.31",",,,0","",""
"USC00341445","1998-04","36.06167","-98.59","484.6","CANTON, OK US","","","8.0",",0","7",",0","6",",0","0",",0","0",",0","0",",0","0",",0","3",",0","0",",0","14",",0","0",",0","","","19980404","+,,0","19980430","+,,0","19980430","+,,0","","","19980427",",,0","19980426",",,0","-0.6",",0,04,+","0",",,0,30,+","0",",,0,30,+","24.9",",,0,27,","31.1",",0,26,","","","","","179.2",",0","56.4",",,,0","0",",,,0","12.63",",0","19.95",",,,0","5.31",",,,0","",""
"USC00341445","1998-05","36.06167","-98.59","484.6","CANTON, OK US","","","114.9","3,0","9","3,0","6","3,0","0","3,0","0",",0","0",",0","0","3,0","0","3,0","0","3,0","27","3,0","9","3,0","","","19980501",",3,0","19980531","+,,0","19980531","+,,0","","","19980509","+,3,0","19980531",",3,0","4.4","3,0,01,","0",",,0,31,+","0",",,0,31,+","18.5","3,,0,09,+","37.2","3,0,31,","","","","","15.5","3,0","81.5","3,,,0","0",",,,0","21.88","3,0","29.28","3,,,0","14.49","3,,,0","",""
"USC00341445","1998-06","36.06167","-98.59","484.6","CANTON, OK US","","","257.9",",0","4",",0","1",",0","0",",0","0",",0","0",",0","0",",0","0",",0","0",",0","29",",0","24",",0","","","19980606",",,0","19980630","+,,0","19980630","+,,0","","","19980611",",,0","19980621",",,0","8.3",",0,06,","0",",,0,30,+","0",",,0,30,+","4.6",",,0,11,","41.7",",0,21,","","","","","7.5",",0","9.2",",,,0","0",",,,0","26.68",",0","34.51",",,,0","18.85",",,,0","",""
"USC00341445","1998-07","36.06167","-98.59","484.6","CANTON, OK US","","","365.8",",0","4",",0","2",",0","0",",0","0",",0","0",",0","0",",0","0",",0","0",",0","31",",0","31",",0","","","19980717",",,0","19980731","+,,0","19980731","+,,0","","","19980708",",,0","19980727","+,,0","17.2",",0,17,","0",",,0,31,+","0",",,0,31,+","17.0",",,0,08,","40.6",",0,27,+","","","0.0","0","0.0",",0","24.1",",,,0","0",",,,0","30.13",",0","37.99",",,,0","22.28",",,,0","",""
"USC00341445","1998-08","36.06167","-98.59","484.6","CANTON, OK US","","","","","3","3,0","2","3,0","0","3,0","0",",0","0",",0","","","","","","","","","","","","","","","19980831","+,,0","19980831","+,,0","","","19980813",",3,0","","","","","0",",,0,31,+","0",",,0,31,+","7.4","3,,0,13,","","","","","","","","","22.6",",a,,0","0",",,,0","","","","","","","",""
"USC00341445","1998-09","36.06167","-98.59","484.6","CANTON, OK US","","","243.5",",0","4",",0","2",",0","0",",0","0",",0","0",",0","0",",0","0",",0","0",",0","29",",0","24",",0","","","19980922",",,0","19980930","+,,0","19980930","+,,0","","","19980922",",,0","19980908","+,,0","12.2",",0,22,","0",",,0,30,+","0",",,0,30,+","17.0",",,0,22,","40.6",",0,08,+","","","","","4.1",",0","22.6",",,,0","0",",,,0","26.31",",0","34.46",",,,0","18.17",",,,0","",""
"USC00341445","1998-10","36.06167","-98.59","484.6","CANTON, OK US","","","32.3",",0","10",",0","6",",0","3",",0","","","0",",0","0",",0","0",",0","0",",0","22",",0","1",",0","","","19981023","+,,0","","","19981031","+,,0","","","19981002",",,0","19981001",",,0","3.3",",0,23,+","","","0",",,0,31,+","66.0",",,0,02,","35.6",",0,01,","","","","","80.4",",0","160.9",",,,0","0",",,,0","16.78",",0","23.19",",,,0","10.38",",,,0","",""
"USC00341445","1998-11","36.06167","-98.59","484.6","CANTON, OK US","","","0.0",",0","6",",0","5",",0","1",",0","0",",0","0",",0","0",",0","6",",0","0",",0","6",",0","0",",0","","","19981111",",,0","19981130","+,,0","19981130","+,,0","","","19981101",",,0","19981119",",,0","-2.8",",0,11,","0",",,0,30,+","0",",,0,30,+","57.9",",,0,01,","22.8",",0,19,","","","","","250.2",",0","80.2",",,,0","0",",,,0","9.99",",0","16.06",",,,0","3.92",",,,0","",""
"USC00341445","1998-12","36.06167","-98.59","484.6","CANTON, OK US","","","0.0",",0","7",",0","3",",0","0",",0","1",",0","0",",0","0",",0","22",",0","6",",0","2",",0","0",",0","","","19981223","+,,0","19981222",",,0","19981222",",,0","","","19981206",",,0","19981206",",,0","-17.2",",0,23,+","25",",,0,22,","13",",,0,22,","23.6",",,0,06,","22.2",",0,06,","","","","","463.1",",0","44.0",",,,0","13",",,,0","3.39",",0","9.79",",,,0","-3.00",",,,0","",""
"USC00341445","1999-01","36.06167","-98.59","484.6","CANTON, OK US","0.0","0","0.0",",0","6",",0","3",",0","1",",0","0",",0","0",",0","0",",0","25",",0","4",",0","0",",0","0",",0","","","19990104",",,0","19990108",",,0","19990108",",,0","","","19990130",",,0","19990121","+,,0","-13.3",",0,04,","0",",T,0,08,","0",",T,0,08,","35.1",",,0,30,","20.0",",0,21,+","","","","","492.7",",0","46.7",",,,0","0",",T,,0","2.44",",0","9.08",",,,0","-4.21",",,,0","",""
"USC00341445","1999-02","36.06167","-98.59","484.6","CANTON, OK US","0.0","0","0.0","1,0","2",",0","1",",0","0",",0","0",",0","0",",0","0","1,0","14","1,0","0","1,0","4","1,0","0","1,0","","","19990213",",1,0","19990228","+,,0","19990228","+,,0","","","19990216",",,0","19990227",",1,0","-5.0","1,0,13,","0",",,0,28,+","0",",,0,28,+","5.3",",,0,16,","25.6","1,0,27,","","","","","280.2","1,0","6.3",",,,0","0",",,,0","7.95","1,0","15.64","1,,,0","0.27","1,,,0","",""
"USC00341445","1999-03","36.06167","-98.59","484.6","CANTON, OK US","0.0","0","0.0",",0","8",",0","5",",0","2",",0","2","3,0","2",",0","0",",0","14",",0","1",",0","4",",0","0",",0","","","19990314",",,0","19990314",",3,0","19990314",",,0","","","19990313",",,0","19990302",",,0","-5.6",",0,14,","76","3,,0,14,","51",",,0,14,","41.9",",,0,13,","26.7",",0,02,","","","","","329.1",",0","110.2",",,,0","76",",,,0","7.72",",0","14.07",",,,0","1.36",",,,0","",""
"USC00341445","1999-04","36.06167","-98.59","484.6","CANTON, OK US","10.8","0","10.8","3,0","8","3,0","5","3,0","2","3,0","0",",0","0",",0","0","3,0","1","3,0","0","2,0","16","2,0","0","2,0","","","19990417",",3,0","19990430","+,,0","19990430","+,,0","","","19990422",",3,0","19990422","+,2,0","0.0","3,0,17,","0",",,0,30,+","0",",,0,30,+","49.5","3,,0,22,","30.6","2,0,22,+","","","","","113.7","2,0","184.1",",a,,0","0",",,,0","14.62","3,0","21.59","2,,,0","7.65","3,,,0","",""
"USC00341445","1999-05","36.06167","-98.59","484.6","CANTON, OK US","75.8","0","65.0","1,0","8",",0","4",",0","0",",0","0",",0","0",",0","0","1,0","0","1,0","0",",0","27",",0","2",",0","","","19990513","+,1,0","19990531","+,,0","19990531","+,,0","","","19990510",",,0","19990516",",,0","7.2","1,0,13,+","0",",,0,31,+","0",",,0,31,+","14.0",",,0,10,","33.9",",0,16,","","","","","27.4",",0","40.4",",,,0","0",",,,0","19.62","1,0","26.12",",,,0","13.12","1,,,0","",""
"USC00341445","1999-06","36.06167","-98.59","484.6","CANTON, OK US","248.0","0","172.2",",0","10",",0","7",",0","2",",0","0",",0","0",",0","0",",0","0",",0","0",",0","30",",0","9",",0","","","19990617","+,,0","19990630","+,,0","19990630","+,,0","","","19990610",",,0","19990628",",,0","11.1",",0,17,+","0",",,0,30,+","0",",,0,30,+","87.1",",,0,10,","35.0",",0,28,","","","","","1.7",",0","160.5",",,,0","0",",,,0","24.02",",0","29.85",",,,0","18.18",",,,0","",""
"USC00341445","1999-07","36.06167","-98.59","484.6","CANTON, OK US","563.1","0","315.1",",0","1",",0","1",",0","1",",0","0",",0","0",",0","0",",0","0",",0","0",",0","31",",0","26",",0","","","19990713","+,,0","19990731","+,,0","19990731","+,,0","","","19990710",",,0","19990731",",,0","15.0",",0,13,+","0",",,0,31,+","0",",,0,31,+","39.6",",,0,10,","40.6",",0,31,","","","0.0","0","0.0",",0","39.6",",,,0","0",",,,0","28.50",",0","34.92",",,,0","22.07",",,,0","",""
"USC00341445","1999-08","36.06167","-98.59","484.6","CANTON, OK US","856.6","0","293.5",",0","5",",0","4",",0","1",",0","0",",0","0",",0","0",",0","0",",0","0",",0","31",",0","26",",0","","","19990820",",,0","19990831","+,,0","19990831","+,,0","","","19990803",",,0","19990828","+,,0","13.3",",0,20,","0",",,0,31,+","0",",,0,31,+","67.6",",,0,03,","39.4",",0,28,+","","","0.0","0","0.0",",0","101.2",",,,0","0",",,,0","27.80",",0","35.74",",,,0","19.86",",,,0","",""
"USC00341445","1999-09","36.06167","-98.59","484.6","CANTON, OK US","964.6","0","108.0","1,0","12",",0","3",",0","0",",0","0",",0","0",",0","0","1,0","0","1,0","0","1,0","22","1,0","10","1,0","","","19990923","+,1,0","19990930","+,,0","19990930","+,,0","","","19990904",",,0","19990908",",1,0","3.9","1,0,23,+","0",",,0,30,+","0",",,0,30,+","22.6",",,0,04,","36.1","1,0,08,","","","44.9","0","44.9","1,0","63.0",",,,0","0",",,,0","20.51","1,0","27.32","1,,,0","13.70","1,,,0","",""
"USC00341445","1999-10","36.06167","-98.59","484.6","CANTON, OK US","980.2","0","15.6","1,0","4",",0","2",",0","1",",0","0",",0","0",",0","0","1,0","2","1,0","0","1,0","21","1,0","0","1,0","","","19991025","+,1,0","19991031","+,,0","19991031","+,,0","","","19991030",",,0","19991016",",1,0","-0.6","1,0,25,+","0",",,0,31,+","0",",,0,31,+","37.6",",,0,30,","31.1","1,0,16,","","","137.1","0","92.2","1,0","47.6",",,,0","0",",,,0","15.78","1,0","24.37","1,,,0","7.19","1,,,0","",""
"USC00341445","1999-11","36.06167","-98.59","484.6","CANTON, OK US","981.3","0","1.1",",0","1",",0","1",",0","1",",0","0",",0","0",",0","0",",0","5",",0","0",",0","15",",0","0",",0","","","19991125",",,0","19991130","+,,0","19991130","+,,0","","","19991123",",,0","19991114","+,,0","-5.0",",0,25,","0",",,0,30,+","0",",,0,30,+","49.3",",,0,23,","27.2",",0,14,+","","","322.4","0","185.3",",0","49.3",",,,0","0",",,,0","12.19",",0","20.27",",,,0","4.11",",,,0","",""
"USC00341445","1999-12","36.06167","-98.59","484.6","CANTON, OK US","981.3","0","0.0",",0","6",",0","4",",0","1",",0","0",",0","0",",0","0",",0","25",",0","0",",0","1",",0","0",",0","","","19991206",",,0","19991205",",,0","19991205",",,0","","","19991204",",,0","19991229",",,0","-6.7",",0,06,","0",",T,0,05,","0",",T,0,05,","28.4",",,0,04,","22.8",",0,29,","","","745.5","0","423.1",",0","79.8",",,,0","0",",T,,0","4.69",",0","11.39",",,,0","-2.02",",,,0","",""
"USC00341445","2000-01","36.06167","-98.59","484.6","CANTON, OK US","","","","","5",",0","2",",0","0",",0","5",",0","2",",0","","","","","","","","","","","","","","","20000129","+,,0","20000127",",,0","","","20000127",",,0","","","","","127",",,0,29,+","102",",,0,27,","13.5",",,0,27,","","","","","","","","","19.6",",,,0","140",",,,0","","","","","","","",""
"USC00341445","2000-02","36.06167","-98.59","484.6","CANTON, OK US","","","0.0",",0","2",",0","2",",0","1",",0","2","2,0","0",",0","0",",0","22",",0","0",",0","7",",0","0",",0","","","20000202",",,0","20000202","+,2,0","20000229","+,,0","","","20000225",",,0","20000216",",,0","-9.4",",0,02,","25","2,,0,02,+","0",",,0,29,+","33.5",",,0,25,","25.0",",0,16,","","","","","342.4",",0","47.2",",,,0","0",",,,0","6.53",",0","14.68",",,,0","-1.62",",,,0","",""
"USC00341445","2000-03","36.06167","-98.59","484.6","CANTON, OK US","","","0.0",",0","10",",0","7",",0","1",",0","0",",0","0",",0","0",",0","9",",0","0",",0","10",",0","0",",0","","","20000304",",,0","20000311",",,0","20000311",",,0","","","20000323",",,0","20000327",",,0","-2.8",",0,04,","0",",T,0,11,","0",",T,0,11,","75.9",",,0,23,","26.1",",0,27,","","","","","260.1",",0","169.0",",,,0","0",",T,,0","9.94",",0","16.63",",,,0","3.26",",,,0","",""
"USC00341445","2000-04","36.06167","-98.59","484.6","CANTON, OK US","","","7.0",",0","8",",0","7",",0","0",",0","0",",0","0",",0","0",",0","1",",0","0",",0","16",",0","0",",0","","","20000404",",,0","20000430","+,,0","20000430","+,,0","","","20000416",",,0","20000419",",,0","-2.2",",0,04,","0",",,0,30,+","0",",,0,30,+","17.8",",,0,16,","30.6",",0,19,","","","","","142.1",",0","56.9",",,,0","0",",,,0","13.83",",0","21.10",",,,0","6.56",",,,0","",""
"USC00341445","2000-05","36.06167","-98.59","484.6","CANTON, OK US","","","112.1",",0","9",",0","6",",0","0",",0","0",",0","0",",0","0",",0","0",",0","0",",0","27",",0","9",",0","","","20000514",",,0","20000531","+,,0","20000531","+,,0","","","20000526",",,0","20000524",",,0","5.0",",0,14,","0",",,0,31,+","0",",,0,31,+","18.3",",,0,26,","39.4",",0,24,","","","","","30.5",",0","47.7",",,,0","0",",,,0","20.96",",0","28.15",",,,0","13.77",",,,0","",""
"USC00341445","2000-06","36.06167","-98.59","484.6","CANTON, OK US","","","158.7",",0","18",",0","9",",0","0",",0","0",",0","0",",0","0",",0","0",",0","0",",0","28",",0","11",",0","","","20000617","+,,0","20000630","+,,0","20000630","+,,0","","","20000626",",,0","20000626","+,,0","13.3",",0,17,+","0",",,0,30,+","0",",,0,30,+","17.8",",,0,26,","35.6",",0,26,+","","","","","2.8",",0","87.8",",,,0","0",",,,0","23.53",",0","29.37",",,,0","17.69",",,,0","",""
"USC00341445","2000-07","36.06167","-98.59","484.6","CANTON, OK US","","","277.1","2,0","6",",0","3",",0","1",",0","0","3,0","0","1,0","0","1,0","0","1,0","0","1,0","30","1,0","24","1,0","","","20000724","+,1,0","20000731","+,3,0","20000731","+,1,0","","","20000721",",,0","20000717",",1,0","15.6","1,0,24,+","0","3,,0,31,+","0","1,,0,31,+","43.4",",,0,21,","40.0","1,0,17,","","","0.0","0","0.0","1,0","62.8",",,,0","0","1,,,0","27.85","2,0","35.02","1,,,0","20.68","1,,,0","",""
"USC00341445","2000-08","36.06167","-98.59","484.6","CANTON, OK US","","","363.0",",0","0",",0","0",",0","0",",0","0",",0","0",",0","0",",0","0",",0","0",",0","31",",0","29",",0","","","20000801",",,0","20000831","+,,0","20000831","+,,0","","","20000831","+,,0","20000827",",,0","16.7",",0,01,","0",",,0,31,+","0",",,0,31,+","0.0",",,0,31,+","41.1",",0,27,","","","0.0","0","0.0",",0","0.0",",,,0","0",",,,0","30.04",",0","38.02",",,,0","22.06",",,,0","",""
"USC00341445","2000-09","36.06167","-98.59","484.6","CANTON, OK US","","","190.0",",0","0",",0","0",",0","0",",0","0",",0","0",",0","0",",0","2",",0","0",",0","27",",0","20",",0","","","20000926",",,0","20000930","+,,0","20000930","+,,0","","","20000930","+,,0","20000904",",,0","-1.1",",0,26,","0",",,0,30,+","0",",,0,30,+","0.0",",,0,30,+","42.8",",0,04,","","","33.9","0","33.9",",0","0.0",",,,0","0",",,,0","23.54",",0","33.12",",,,0","13.96",",,,0","",""
"USC00341445","2000-10","36.06167","-98.59","484.6","CANTON, OK US","","","43.8",",0","11",",0","9",",0","3",",0","0",",0","0",",0","0",",0","3",",0","0",",0","23",",0","4",",0","","","20001009",",,0","20001031","+,,0","20001031","+,,0","","","20001016",",,0","20001004",",,0","-8.9",",0,09,","0",",,0,31,+","0",",,0,31,+","66.3",",,0,16,","36.7",",0,04,","","","117.1","0","83.2",",0","213.5",",,,0","0",",,,0","17.06",",0","23.34",",,,0","10.79",",,,0","",""
"USC00341445","2000-11","36.06167","-98.59","484.6","CANTON, OK US","","","","","8",",0","4",",0","1",",0","","","0","2,0","","","","","","","","","","","","","","","","","20001108",",2,0","","","20001101",",,0","","","","","","","0","2,T,0,08,","45.2",",,0,01,","","","","","","","","","66.9",",,,0","0","2,T,,0","","","","","","","",""
"USC00341445","2000-12","36.06167","-98.59","484.6","CANTON, OK US","","","0.0",",0","7",",0","4",",0","1",",0","9",",0","4",",0","0",",0","30",",0","7",",0","0",",0","0",",0","","","20001214",",,0","20001231","+,,0","20001226",",,0","","","20001226",",,0","20001208",",,0","-16.1",",0,14,","102",",,0,31,+","76",",,0,26,","26.4",",,0,26,","15.6",",0,08,","","","","","624.2",",0","48.5",",,,0","203",",,,0","-1.80",",0","4.07",",,,0","-7.67",",,,0","",""
"USC00341445","2001-01","36.06167","-98.59","484.6","CANTON, OK US","0.0","0","0.0","2,0","7","1,0","4","1,0","0","1,0","7",",0","2",",0","0","2,0","24","2,0","6","1,0","0","1,0","0","1,0","","","20010101",",2,0","20010101",",,0","20010101",",,0","","","20010128",",1,0","20010114",",1,0","-16.7","2,0,01,","178",",,0,01,","89",",,0,01,","20.6","1,,0,28,","14.4","1,0,14,","","","","","487.2","1,0","47.9","1,,,0","114",",,,0","1.40","2,0","7.00","1,,,0","-4.19","2,,,0","",""
"USC00341445","2001-02","36.06167","-98.59","484.6","CANTON, OK US","0.0","0","0.0",",0","7",",0","3",",0","2",",0","0",",0","0",",0","0",",0","21",",0","4",",0","0",",0","0",",0","","","20010211","+,,0","20010228","+,,0","20010209",",,0","","","20010224",",,0","20010227","+,,0","-10.0",",0,11,+","0",",T,0,28,+","13",",,0,09,","40.1",",,0,24,","19.4",",0,27,+","","","","","421.9",",0","79.4",",,,0","13",",,,0","3.26",",0","9.60",",,,0","-3.07",",,,0","",""
"USC00341445","2001-03","36.06167","-98.59","484.6","CANTON, OK US","","","","","7","4,0","4","4,0","0","4,0","1","5,0","0","4,0","","","","","","","","","","","","","","","20010326",",5,0","20010326",",4,0","","","20010316",",4,0","","","","","25","5,,0,26,","13","4,,0,26,","10.4","4,,0,16,","","","","","","","","","35.6","4,,,0","13","4,,,0","","","","","","","",""
"USC00341445","2001-04","36.06167","-98.59","484.6","CANTON, OK US","","","","","3",",0","3",",0","0",",0","","","0",",0","","","","","","","","","","","","","","","","","20010430","+,,0","","","20010407",",,0","","","","","","","0",",,0,30,+","7.6",",,0,07,","","","","","","","","","19.8",",,,0","0",",,,0","","","","","","","",""
"USC00341445","2001-05","36.06167","-98.59","484.6","CANTON, OK US","","","86.6",",0","10",",0","10",",0","2",",0","0",",0","0",",0","0",",0","0",",0","0",",0","29",",0","2",",0","","","20010508",",,0","20010531","+,,0","20010531","+,,0","","","20010518",",,0","20010517",",,0","6.7",",0,08,","0",",,0,31,+","0",",,0,31,+","78.7",",,0,18,","33.3",",0,17,","","","","","16.8",",0","191.0",",,,0","0",",,,0","20.59",",0","27.32",",,,0","13.85",",,,0","",""
"USC00341445","2001-06","36.06167","-98.59","484.6","CANTON, OK US","","","216.3",",0","6",",0","4",",0","1",",0","0",",0","0",",0","0",",0","0",",0","0",",0","30",",0","19",",0","","","20010615",",,0","20010630","+,,0","20010630","+,,0","","","20010621",",,0","20010630",",,0","12.2",",0,15,","0",",,0,30,+","0",",,0,30,+","33.0",",,0,21,","36.1",",0,30,","","","","","0.3",",0","64.6",",,,0","0",",,,0","25.54",",0","32.31",",,,0","18.76",",,,0","",""
"USC00341445","2001-07","36.06167","-98.59","484.6","CANTON, OK US","","","388.3",",0","3",",0","2",",0","0",",0","0",",0","0",",0","0",",0","0",",0","0",",0","31",",0","31",",0","","","20010702",",,0","20010731","+,,0","20010731","+,,0","","","20010729",",,0","20010713",",,0","18.3",",0,02,","0",",,0,31,+","0",",,0,31,+","4.8",",,0,29,","42.8",",0,13,","","","0.0","0","0.0",",0","10.7",",,,0","0",",,,0","30.86",",0","38.15",",,,0","23.56",",,,0","",""
"USC00341445","2001-08","36.06167","-98.59","484.6","CANTON, OK US","","","308.7",",0","6",",0","4",",0","2",",0","0",",0","0",",0","0",",0","0",",0","0",",0","31",",0","28",",0","","","20010831","+,,0","20010831","+,,0","20010831","+,,0","","","20010824",",,0","20010810","+,,0","17.8",",0,31,+","0",",,0,31,+","0",",,0,31,+","35.6",",,0,24,","39.4",",0,10,+","","","0.0","0","0.0",",0","73.4",",,,0","0",",,,0","28.29",",0","35.84",",,,0","20.75",",,,0","",""
"USC00341445","2001-09","36.06167","-98.59","484.6","CANTON, OK US","","","116.5",",0","7",",0","3",",0","1",",0","0",",0","0",",0","0",",0","0",",0","0",",0","29",",0","7",",0","","","20010925","+,,0","20010930","+,,0","20010930","+,,0","","","20010918",",,0","20010903",",,0","5.0",",0,25,+","0",",,0,30,+","0",",,0,30,+","79.8",",,0,18,","35.0",",0,03,","","","19.6","0","19.6",",0","103.7",",,,0","0",",,,0","21.56",",0","28.99",",,,0","14.13",",,,0","",""
"USC00341445","2001-10","36.06167","-98.59","484.6","CANTON, OK US","","","13.7",",0","1",",0","0",",0","0",",0","0",",0","0",",0","0",",0","4",",0","0",",0","25",",0","0",",0","","","20011017","+,,0","20011031","+,,0","20011031","+,,0","","","20011010",",,0","20011005",",,0","-1.7",",0,17,+","0",",,0,31,+","0",",,0,31,+","1.3",",,0,10,","30.0",",0,05,","","","128.3","0","108.7",",0","1.3",",,,0","0",",,,0","15.27",",0","23.86",",,,0","6.68",",,,0","",""
"USC00341445","2001-11","36.06167","-98.59","484.6","CANTON, OK US","","","1.2",",0","6",",0","3",",0","0",",0","0",",0","0",",0","0",",0","7",",0","1",",0","13",",0","0",",0","","","20011129",",,0","20011129",",,0","20011129",",,0","","","20011117",",,0","20011102",",,0","-8.3",",0,29,","0",",T,0,29,","0",",T,0,29,","14.5",",,0,17,","27.8",",0,02,","","","341.0","0","212.7",",0","24.7",",,,0","0",",T,,0","11.28",",0","17.82",",,,0","4.74",",,,0","",""
"USC00341445","2001-12","36.06167","-98.59","484.6","CANTON, OK US","","","0.0",",0","4",",0","1",",0","0",",0","1",",0","1",",0","0",",0","23",",0","1",",0","3",",0","0",",0","","","20011231",",,0","20011231",",,0","20011231",",,0","","","20011231",",,0","20011219",",,0","-15.0",",0,31,","51",",,0,31,","38",",,0,31,","3.8",",,0,31,","21.7",",0,19,","","","752.5","0","411.5",",0","5.6",",,,0","38",",,,0","5.06",",0","12.70",",,,0","-2.58",",,,0","",""
"USC00341445","2002-01","36.06167","-98.59","484.6","CANTON, OK US","0.0","","0.0","1,0","3",",0","2",",0","1",",0","0",",0","0",",0","0","1,0","24","1,0","2",",0","3",",0","0",",0","","","20020101",",1,0","20020104","+,,0","20020102",",,0","","","20020131",",,0","20020110",",,0","-14.4","1,0,01,","0",",T,0,04,+","0",",T,0,02,","32.0",",,0,31,","25.6",",0,10,","","","1201.6","","449.1",",0","38.8",",,,0","0",",T,,0","3.32","1,0","11.31",",,,0","-4.67","1,,,0","",""
"USC00341445","2002-02","36.06167","-98.59","484.6","CANTON, OK US","0.0","","0.0","2,0","4","2,0","2","2,0","0","2,0","4","2,0","2","2,0","0","2,0","21","2,0","1","2,0","2","2,0","0","2,0","","","20020227",",2,0","20020206",",2,0","20020206",",2,0","","","20020206",",2,0","20020224",",2,0","-13.3","2,0,27,","152","2,,0,06,","76","2,,0,06,","12.7","2,,0,06,","25.0","2,0,24,","","","1557.1","","355.5","2,0","22.4","2,,,0","153","2,,,0","4.66","2,0","12.18","2,,,0","-2.86","2,,,0","",""
"USC00341445","2002-03","36.06167","-98.59","484.6","CANTON, OK US","3.6","","3.6","1,0","4",",0","2",",0","0",",0","3","2,0","1",",0","0","1,0","16","1,0","1",",0","9",",0","0",",0","","","20020303",",1,0","20020304","+,2,0","20020302",",,0","","","20020319",",,0","20020314",",,0","-16.1","1,0,03,","25","2,,0,04,+","25",",,0,02,","6.4",",,0,19,","30.0",",0,14,","","","1894.6","","337.5",",0","12.3",",,,0","25",",,,0","7.18","1,0","15.45",",,,0","-1.09","1,,,0","",""
"USC00341445","2002-04","36.06167","-98.59","484.6","CANTON, OK US","33.2","","29.6",",0","9",",0","7",",0","1",",0","0",",0","0",",0","0",",0","3",",0","0",",0","19",",0","0",",0","","","20020404",",,0","20020430","+,,0","20020430","+,,0","","","20020413",",,0","20020418",",,0","-3.3",",0,04,","0",",,0,30,+","0",",,0,30,+","25.7",",,0,13,","31.1",",0,18,","","","2020.9","","126.3",",0","88.6",",,,0","0",",,,0","15.11",",0","21.63",",,,0","8.59",",,,0","",""
"USC00341445","2002-05","36.06167","-98.59","484.6","CANTON, OK US","89.9","","56.7",",0","9",",0","4",",0","2",",0","0",",0","0",",0","0",",0","0",",0","0",",0","29",",0","4",",0","","","20020503",",,0","20020531","+,,0","20020531","+,,0","","","20020524",",,0","20020531","+,,0","4.4",",0,03,","0",",,0,31,+","0",",,0,31,+","28.4",",,0,24,","32.2",",0,31,+","","","2059.2","","38.3",",0","81.2",",,,0","0",",,,0","18.93",",0","26.22",",,,0","11.63",",,,0","",""
"USC00341445","2002-06","36.06167","-98.59","484.6","CANTON, OK US","307.8","","217.9",",0","6",",0","4",",0","0",",0","0",",0","0",",0","0",",0","0",",0","0",",0","29",",0","19",",0","","","20020606",",,0","20020630","+,,0","20020630","+,,0","","","20020605",",,0","20020629","+,,0","11.7",",0,06,","0",",,0,30,+","0",",,0,30,+","17.0",",,0,05,","35.6",",0,29,+","","","2061.4","","2.2",",0","51.4",",,,0","0",",,,0","25.52",",0","32.06",",,,0","18.99",",,,0","",""
"USC00341445","2002-07","36.06167","-98.59","484.6","CANTON, OK US","568.0","","260.2","2,0","9",",0","4",",0","0",",0","0",",0","0",",0","0","2,0","0","2,0","0","1,0","30","1,0","22","1,0","","","20020713",",2,0","20020731","+,,0","20020731","+,,0","","","20020713",",,0","20020726","+,1,0","16.1","2,0,13,","0",",,0,31,+","0",",,0,31,+","14.2",",,0,13,","39.4","1,0,26,+","","","0.0","","0.0","1,0","38.2",",,,0","0",",,,0","27.38","2,0","34.04","1,,,0","20.72","2,,,0","",""
"USC00341445","2002-08","36.06167","-98.59","484.6","CANTON, OK US","811.2","","243.2","3,0","8","2,0","8","2,0","2","2,0","0",",0","0",",0","0","3,0","0","3,0","0","1,0","29","1,0","24","1,0","","","20020827",",3,0","20020831","+,,0","20020831","+,,0","","","20020827",",2,0","20020824",",1,0","11.7","3,0,27,","0",",,0,31,+","0",",,0,31,+","33.0","2,,0,27,","39.4","1,0,24,","","","1.9","","1.9","1,0","131.5","2,,,0","0",",,,0","26.96","3,0","34.34","1,,,0","19.58","3,,,0","",""
