"STATION","DATE","LATITUDE","LONGITUDE","ELEVATION","NAME","CDSD","CDSD_ATTRIBUTES","CLDD","CLDD_ATTRIBUTES","DP01","DP01_ATTRIBUTES","DP10","DP10_ATTRIBUTES","DP1X","DP1X_ATTRIBUTES","DSND","DSND_ATTRIBUTES","DSNW","DSNW_ATTRIBUTES","DT00","DT00_ATTRIBUTES","DT32","DT32_ATTRIBUTES","DX32","DX32_ATTRIBUTES","DX70","DX70_ATTRIBUTES","DX90","DX90_ATTRIBUTES","DYFG","DYFG_ATTRIBUTES","DYNT","DYNT_ATTRIBUTES","DYSD","DYSD_ATTRIBUTES","DYSN","DYSN_ATTRIBUTES","DYTS","DYTS_ATTRIBUTES","DYXP","DYXP_ATTRIBUTES","DYXT","DYXT_ATTRIBUTES","EMNT","EMNT_ATTRIBUTES","EMSD","EMSD_ATTRIBUTES","EMSN","EMSN_ATTRIBUTES","EMXP","EMXP_ATTRIBUTES","EMXT","EMXT_ATTRIBUTES","HDSD","HDSD_ATTRIBUTES","HTDD","HTDD_ATTRIBUTES","PRCP","PRCP_ATTRIBUTES","SNOW","SNOW_ATTRIBUTES","TAVG","TAVG_ATTRIBUTES","TMAX","TMAX_ATTRIBUTES","TMIN","TMIN_ATTRIBUTES"
"USC00136766","1893-04","43.08998","-91.55823","355.1","POSTVILLE, IA US","","","","","11",",6","8",",6","0",",6","","","3",",6","","","","","","","","","","","","","","","","","18930420",",,6","","","18930420",",,6","","","","","","","89",",,6,20,","24.4",",,6,20,","","","","","","","104.4",",,,6","178",",,,6","","","","","",""
"USC00136766","1893-05","43.08998","-91.55823","355.1","POSTVILLE, IA US","","","","","10",",6","8",",6","1",",6","","","","","","","","","","","","","","","","","","","","","","","","","18930522",",,6","","","","","","","","","29.7",",,6,22,","","","","","","","80.2",",,,6","","","","","","","",""
"USC00136766","1893-06","43.08998","-91.55823","355.1","POSTVILLE, IA US","","","","","7",",6","6",",6","1",",6","","","","","","","","","","","","","","","","","","","","","","","","","18930610",",,6","","","","","","","","","37.3",",,6,10,","","","","","","","96.4",",,,6","","","","","","","",""
"USC00136766","1893-07","43.08998","-91.55823","355.1","POSTVILLE, IA US","","","","","9",",6","7",",6","2",",6","","","","","","","","","","","","","","","","","","","","","","","","","18930705",",,6","","","","","","","","","44.7",",,6,05,","","","","","","","145.3",",,,6","","","","","","","",""
"USC00136766","1893-08","43.08998","-91.55823","355.1","POSTVILLE, IA US","","","","","4",",6","3",",6","0",",6","","","","","","","","","","","","","","","","","","","","","","","","","18930810",",,6","","","","","","","","","22.6",",,6,10,","","","","","","","43.2",",,,6","","","","","","","",""
"USC00136766","1893-09","43.08998","-91.55823","355.1","POSTVILLE, IA US","","","","","3",",6","3",",6","1",",6","","","","","","","","","","","","","","","","","","","","","","","","","18930929",",,6","","","","","","","","","29.2",",,6,29,","","","","","","","51.0",",,,6","","","","","","","",""
"USC00136766","1893-10","43.08998","-91.55823","355.1","POSTVILLE, IA US","","","","","5",",6","5",",6","2",",6","","","","","","","","","","","","","","","","","","","","","","","","","18931012",",,6","","","","","","","","","39.6",",,6,12,","","","","","","","76.6",",,,6","","","","","","","",""
"USC00136766","1893-12","43.08998","-91.55823","355.1","POSTVILLE, IA US","","","","","9","1,6","5","1,6","0","1,6","","","","","","","","","","","","","","","1","","","","","","","","","","18931215",",1,6","","","","","","","","","17.0","1,,6,15,","","","","","","","47.2","1,,,6","","","","","","","",""
"USC00136766","1894-01","43.08998","-91.55823","355.1","POSTVILLE, IA US","","","","","5","1,6","3","1,6","0","1,6","","","","","","","","","","","","","","","3","","","","","","","","","","18940120",",1,6","","","","","","","","","17.8","1,,6,20,","","","","","","","30.1","1,,,6","","","","","","","",""
"USC00136766","1894-02","43.08998","-91.55823","355.1","POSTVILLE, IA US","","","","","3",",6","3",",6","0",",6","","","3",",6","","","","","","","","","","","","","","","","","18940209",",,6","","","18940209",",,6","","","","","","","64",",,6,09,","7.4",",,6,09,","","","","","","","14.7",",,,6","140",",,,6","","","","","",""
"USC00136766","1894-03","43.08998","-91.55823","355.1","POSTVILLE, IA US","","","","","9",",6","7",",6","1",",6","","","1",",6","","","","","","","","","","","","","","","","","18940328",",,6","","","18940304",",,6","","","","","","","64",",,6,28,","44.7",",,6,04,","","","","","","","87.6",",,,6","77",",,,6","","","","","",""
"USC00136766","1894-04","43.08998","-91.55823","355.1","POSTVILLE, IA US","","","","","12",",6","9",",6","1",",6","","","0",",6","","","","","","","","","","","","","","","","","18940410",",,6","","","18940417",",,6","","","","","","","13",",,6,10,","33.0",",,6,17,","","","","","","","110.7",",,,6","21",",,,6","","","","","",""
"USC00136766","1894-06","43.08998","-91.55823","355.1","POSTVILLE, IA US","","","","","5",",6","5",",6","1",",6","","","","","","","","","","","","","","","","","","","","","","","","","18940617",",,6","","","","","","","","","26.9",",,6,17,","","","","","","","61.7",",,,6","","","","","","","",""
"USC00136766","1894-07","43.08998","-91.55823","355.1","POSTVILLE, IA US","","","","","1",",6","1",",6","0",",6","","","","","","","","","","","","","","","","","","","","","","","","","18940720",",,6","","","","","","","","","11.4",",,6,20,","","","","","","","11.4",",,,6","","","","","","","",""
"USC00136766","1894-08","43.08998","-91.55823","355.1","POSTVILLE, IA US","","","","","3",",6","2",",6","0",",6","","","","","","","","","","","","","","","","","","","","","","","","","18940810",",,6","","","","","","","","","14.0",",,6,10,","","","","","","","26.2",",,,6","","","","","","","",""
"USC00136766","1894-09","43.08998","-91.55823","355.1","POSTVILLE, IA US","","","","","9",",6","9",",6","0",",6","","","","","","","","","","","","","","","","","","","","","","","","","18940906",",,6","","","","","","","","","19.8",",,6,06,","","","","","","","82.3",",,,6","","","","","","","",""
"USC00136766","1894-10","43.08998","-91.55823","355.1","POSTVILLE, IA US","","","","","","","","","","","","","0","1,6","","","","","","","","","","","","","","","","","18941030",",1,6","","","","","","","","","","","0","1,T,6,30,","","","","","","","","","","","0","1,T,,6","","","","","",""
"USC00136766","1894-12","43.08998","-91.55823","355.1","POSTVILLE, IA US","","","","","3",",6","2",",6","0",",6","","","1",",6","","","","","","","","","","","","","","","","","18941211",",,6","","","18941216",",,6","","","","","","","51",",,6,11,","23.1",",,6,16,","","","","","","","30.0",",,,6","64",",,,6","","","","","",""
"USC00136766","1895-01","43.08998","-91.55823","355.1","POSTVILLE, IA US","","","","","6",",6","5",",6","0",",6","","","6",",6","","","","","","","","","","","3","","","","","","18950121",",,6","","","18950121",",,6","","","","","","","203",",,6,21,","20.3",",,6,21,","","","","","","","40.6",",,,6","431",",,,6","","","","","",""
"USC00136766","1895-02","43.08998","-91.55823","355.1","POSTVILLE, IA US","","","","","3",",6","2",",6","0",",6","","","1",",6","","","","","","","","","","","","","","","","","18950206",",,6","","","18950206",",,6","","","","","","","76",",,6,06,","7.6",",,6,06,","","","","","","","15.0",",,,6","89",",,,6","","","","","",""
"USC00136766","1895-03","43.08998","-91.55823","355.1","POSTVILLE, IA US","","","","","4","2,6","2","2,6","0","2,6","","","2",",6","","","","","","","","","","","","","","","","","18950312",",,6","","","18950331",",2,6","","","","","","","114",",,6,12,","10.7","2,,6,31,","","","","","","","21.9","2,,,6","160",",,,6","","","","","",""
"USC00136766","1895-04","43.08998","-91.55823","355.1","POSTVILLE, IA US","","","","","7",",6","3",",6","0",",6","","","","","","","","","","","","","","","","","","","","","","","","","18950408",",,6","","","","","","","","","7.1",",,6,08,","","","","","","","19.8",",,,6","","","","","","","",""
"USC00136766","1895-05","43.08998","-91.55823","355.1","POSTVILLE, IA US","","","","","9","1,6","9","1,6","1","1,6","","","","","","","","","","","","","","","","","","","","","","","","","18950530",",1,6","","","","","","","","","25.9","1,,6,30,","","","","","","","89.9","1,,,6","","","","","","","",""
"USC00136766","1895-06","43.08998","-91.55823","355.1","POSTVILLE, IA US","","","","","12",",6","7",",6","0",",6","","","","","","","","","","","","","","","","","","","","","","","","","18950610",",,6","","","","","","","","","18.5",",,6,10,","","","","","","","72.2",",,,6","","","","","","","",""
"USC00136766","1895-07","43.08998","-91.55823","355.1","POSTVILLE, IA US","","","","","6",",6","4",",6","1",",6","","","","","","","","","","","","","","","","","","","","","","","","","18950726",",,6","","","","","","","","","27.4",",,6,26,","","","","","","","44.0",",,,6","","","","","","","",""
"USC00136766","1895-08","43.08998","-91.55823","355.1","POSTVILLE, IA US","","","","","7",",6","7",",6","1",",6","","","","","","","","","","","","","","","","","","","","","","","","","18950823",",,6","","","","","","","","","30.5",",,6,23,","","","","","","","99.7",",,,6","","","","","","","",""
"USC00136766","1895-09","43.08998","-91.55823","355.1","POSTVILLE, IA US","","","","","7",",6","6",",6","1",",6","","","","","","","","","","","","","","","","","","","","","","","","","18950914",",,6","","","","","","","","","27.9",",,6,14,","","","","","","","85.6",",,,6","","","","","","","",""
"USC00136766","1895-10","43.08998","-91.55823","355.1","POSTVILLE, IA US","","","","","6","1,6","4","1,6","0","1,6","","","","","","","","","","","","","","","","","","","","","","","","","18951006",",1,6","","","","","","","","","5.6","1,,6,06,","","","","","","","19.3","1,,,6","","","","","","","",""
"USC00136766","1895-11","43.08998","-91.55823","355.1","POSTVILLE, IA US","","","","","","","","","","","","","3",",6","","","","","","","","","","","1","","","","","","18951119",",,6","","","","","","","","","","","51",",,6,19,","","","","","","","","","","","114",",,,6","","","","","",""
"USC00136766","1895-12","43.08998","-91.55823","355.1","POSTVILLE, IA US","","","","","5","2,6","2","2,6","0","2,6","","","2",",6","","","","","","","","","","","1","","","","","","18951224",",,6","","","18951224",",2,6","","","","","","","76",",,6,24,","21.8","2,,6,24,","","","","","","","32.3","2,,,6","114",",,,6","","","","","",""
"USC00136766","1896-01","43.08998","-91.55823","355.1","POSTVILLE, IA US","","","","","6",",6","2",",6","0",",6","","","","","","","","","","","","","","","1","","","","","","","","","","18960123",",,6","","","","","","","","","6.9",",,6,23,","","","","","","","15.3",",,,6","","","","","","","",""
"USC00136766","1896-03","43.08998","-91.55823","355.1","POSTVILLE, IA US","","","","","8",",6","6",",6","0",",6","","","","","","","","","","","","","","","","","","","","","","","","","18960331",",,6","","","","","","","","","16.8",",,6,31,","","","","","","","42.1",",,,6","","","","","","","",""
"USC00136766","1896-04","43.08998","-91.55823","355.1","POSTVILLE, IA US","","","","","","","","","","","","","2",",6","","","","","","","","","","","","","","","","","18960408",",,6","","","","","","","","","","","89",",,6,08,","","","","","","","","","","","140",",,,6","","","","","",""
"USC00136766","1896-06","43.08998","-91.55823","355.1","POSTVILLE, IA US","","","","","13","1,6","9","1,6","2","1,6","","","","","","","","","","","","","","","","","","","","","","","","","18960605",",1,6","","","","","","","","","40.6","1,,6,05,","","","","","","","129.7","1,,,6","","","","","","","",""
"USC00136766","1896-07","43.08998","-91.55823","355.1","POSTVILLE, IA US","","","","","7","2,6","7","2,6","2","2,6","","","","","","","","","","","","","","","","","","","","","","","","","18960721",",2,6","","","","","","","","","34.8","2,,6,21,","","","","","","","114.2","2,,,6","","","","","","","",""
"USC00136766","1896-09","43.08998","-91.55823","355.1","POSTVILLE, IA US","","","","","9",",6","7",",6","2",",6","","","","","","","","","","","","","","","","","","","","","","","","","18960910",",,6","","","","","","","","","42.9",",,6,10,","","","","","","","99.3",",,,6","","","","","","","",""
"USC00136766","1896-10","43.08998","-91.55823","355.1","POSTVILLE, IA US","","","","","","","","","","","","","1",",6","","","","","","","","","","","","","","","","","18961031",",,6","","","","","","","","","","","38",",,6,31,","","","","","","","","","","","38",",,,6","","","","","",""
"USC00136766","1896-12","43.08998","-91.55823","355.1","POSTVILLE, IA US","","","","","8",",6","3",",6","0",",6","","","","","","","","","","","","","","","","","","","","","","","","","18961231",",,6","","","","","","","","","9.1",",,6,31,","","","","","","","19.7",",,,6","","","","","","","",""
"USC00136766","1897-01","43.08998","-91.55823","355.1","POSTVILLE, IA US","","","","","7",",6","7",",6","1",",6","","","5",",6","","","","","","","","","","","","","","","","","18970123","+,,6","","","18970103",",,6","","","","","","","102",",,6,23,+","26.7",",,6,03,","","","","","","","75.2",",,,6","318",",,,6","","","","","",""
"USC00136766","1897-02","43.08998","-91.55823","355.1","POSTVILLE, IA US","","","","","5",",6","3",",6","0",",6","","","3",",6","","","","","","","","","","","","","","","","","18970221",",,6","","","18970221",",,6","","","","","","","102",",,6,21,","10.2",",,6,21,","","","","","","","23.7",",,,6","217",",,,6","","","","","",""
"USC00136766","1897-03","43.08998","-91.55823","355.1","POSTVILLE, IA US","","","","","","","","","","","","","","","","","","","","","","","","","1","","","","","","","","","","","","","","","","","","","","","","","","","","","","","","","","","","","","",""
"USC00136766","1897-04","43.08998","-91.55823","355.1","POSTVILLE, IA US","","","","","10",",6","8",",6","0",",6","","","","","","","","","","","","","","","","","","","","","","","","","18970428",",,6","","","","","","","","","17.8",",,6,28,","","","","","","","88.3",",,,6","","","","","","","",""
"USC00136766","1897-05","43.08998","-91.55823","355.1","POSTVILLE, IA US","","","","","8",",6","4",",6","1",",6","","","","","","","","","","","","","","","","","","","","","","","","","18970519",",,6","","","","","","","","","28.4",",,6,19,","","","","","","","52.6",",,,6","","","","","","","",""
"USC00136766","1897-07","43.08998","-91.55823","355.1","POSTVILLE, IA US","","","","","8",",6","6",",6","2",",6","","","","","","","","","","","","","","","","","","","","","","","","","18970710",",,6","","","","","","","","","44.5",",,6,10,","","","","","","","109.3",",,,6","","","","","","","",""
"USC00136766","1897-09","43.08998","-91.55823","355.1","POSTVILLE, IA US","","","","","","","","","","","","","","","","","","","","","","","","","1","","","","","","","","","","","","","","","","","","","","","","","","","","","","","","","","","","","","",""
"USC00136766","1897-11","43.08998","-91.55823","355.1","POSTVILLE, IA US","","","","","4",",6","4",",6","0",",6","","","1",",6","","","","","","","","","","","1","","","","","","18971125",",,6","","","18971125",",,6","","","","","","","51",",,6,25,","6.6",",,6,25,","","","","","","","22.4",",,,6","51",",,,6","","","","","",""
"USC00136766","1898-01","43.08998","-91.55823","355.1","POSTVILLE, IA US","","","","","3",",6","3",",6","0",",6","","","3",",6","","","","","","","","","","","","","","","","","18980122",",,6","","","18980112",",,6","","","","","","","76",",,6,22,","12.7",",,6,12,","","","","","","","22.8",",,,6","152",",,,6","","","","","",""
"USC00136766","1898-02","43.08998","-91.55823","355.1","POSTVILLE, IA US","","","","","8",",6","6",",6","0",",6","","","5",",6","","","","","","","","","","","2","","","","","","18980220",",,6","","","18980220",",,6","","","","","","","229",",,6,20,","22.9",",,6,20,","","","","","","","49.6",",,,6","428",",,,6","","","","","",""
"USC00136766","1898-04","43.08998","-91.55823","355.1","POSTVILLE, IA US","","","","","6",",6","6",",6","1",",6","","","","","","","","","","","","","","","","","","","","","","","","","18980413",",,6","","","","","","","","","26.4",",,6,13,","","","","","","","69.3",",,,6","","","","","","","",""
"USC00136766","1898-05","43.08998","-91.55823","355.1","POSTVILLE, IA US","","","","","11",",6","7",",6","2",",6","","","","","","","","","","","","","","","","","","","","","","","","","18980527",",,6","","","","","","","","","28.4",",,6,27,","","","","","","","120.8",",,,6","","","","","","","",""
"USC00136766","1898-06","43.08998","-91.55823","355.1","POSTVILLE, IA US","","","","","8",",6","6",",6","1",",6","","","","","","","","","","","","","","","","","","","","","","","","","18980610",",,6","","","","","","","","","25.4",",,6,10,","","","","","","","74.0",",,,6","","","","","","","",""
"USC00136766","1898-07","43.08998","-91.55823","355.1","POSTVILLE, IA US","","","","","8",",6","5",",6","1",",6","","","","","","","","","","","","","","","","","","","","","","","","","18980719",",,6","","","","","","","","","49.5",",,6,19,","","","","","","","102.0",",,,6","","","","","","","",""
"USC00136766","1898-08","43.08998","-91.55823","355.1","POSTVILLE, IA US","","","","","8",",6","5",",6","0",",6","","","","","","","","","","","","","","","","","","","","","","","","","18980802",",,6","","","","","","","","","12.2",",,6,02,","","","","","","","39.9",",,,6","","","","","","","",""
"USC00136766","1898-09","43.08998","-91.55823","355.1","POSTVILLE, IA US","","","","","7",",6","6",",6","1",",6","","","","","","","","","","","","","","","","","","","","","","","","","18980922",",,6","","","","","","","","","26.7",",,6,22,","","","","","","","50.5",",,,6","","","","","","","",""
"USC00136766","1898-10","43.08998","-91.55823","355.1","POSTVILLE, IA US","","","","","11",",6","8",",6","1",",6","","","1",",6","","","","","","","","","","","","","","","","","18981025",",,6","","","18981017",",,6","","","","","","","76",",,6,25,","62.2",",,6,17,","","","","","","","119.1",",,,6","76",",,,6","","","","","",""
"USC00136766","1898-11","43.08998","-91.55823","355.1","POSTVILLE, IA US","","","","","7","1,6","6","1,6","1","1,6","","","3",",6","","","","","","","","","","","","","","","","","18981121",",,6","","","18981120",",1,6","","","","","","","51",",,6,21,","32.0","1,,6,20,","","","","","","","59.9","1,,,6","101",",,,6","","","","","",""
"USC00136766","1898-12","43.08998","-91.55823","355.1","POSTVILLE, IA US","","","","","5",",6","2",",6","0",",6","","","1",",6","","","","","","","","","","","","","","","","","18981206",",,6","","","18981219",",,6","","","","","","","25",",,6,06,","3.0",",,6,19,","","","","","","","9.8",",,,6","45",",,,6","","","","","",""
"USC00136766","1899-01","43.08998","-91.55823","355.1","POSTVILLE, IA US","","","","","4",",6","4",",6","0",",6","","","","","","","","","","","","","","","","","","","","","","","","","18990107",",,6","","","","","","","","","6.4",",,6,07,","","","","","","","15.7",",,,6","","","","","","","",""
"USC00136766","1899-02","43.08998","-91.55823","355.1","POSTVILLE, IA US","","","","","6",",6","4",",6","0",",6","","","4",",6","","","","","","","","","","","","","","","","","18990226",",,6","","","18990226",",,6","","","","","","","127",",,6,26,","12.7",",,6,26,","","","","","","","28.7",",,,6","279",",,,6","","","","","",""
"USC00136766","1899-03","43.08998","-91.55823","355.1","POSTVILLE, IA US","","","","","7",",6","6",",6","0",",6","","","5",",6","","","","","","","","","","","","","","","","","18990315",",,6","","","18990312",",,6","","","","","","","76",",,6,15,","19.1",",,6,12,","","","","","","","45.7",",,,6","223",",,,6","","","","","",""
"USC00136766","1899-04","43.08998","-91.55823","355.1","POSTVILLE, IA US","","","","","8",",6","4",",6","1",",6","","","","","","","","","","","","","","","","","","","","","","","","","18990428",",,6","","","","","","","","","58.4",",,6,28,","","","","","","","106.2",",,,6","","","","","","","",""
"USC00136766","1899-05","43.08998","-91.55823","355.1","POSTVILLE, IA US","","","","","14",",6","10",",6","0",",6","","","","","","","","","","","","","","","","","","","","","","","","","18990531",",,6","","","","","","","","","22.1",",,6,31,","","","","","","","119.8",",,,6","","","","","","","",""
"USC00136766","1899-06","43.08998","-91.55823","355.1","POSTVILLE, IA US","","","","","12",",6","10",",6","2",",6","","","","","","","","","","","","","","","","","","","","","","","","","18990602",",,6","","","","","","","","","42.7",",,6,02,","","","","","","","163.2",",,,6","","","","","","","",""
"USC00136766","1899-07","43.08998","-91.55823","355.1","POSTVILLE, IA US","","","","","5",",6","2",",6","1",",6","","","","","","","","","","","","","","","","","","","","","","","","","18990712",",,6","","","","","","","","","37.6",",,6,12,","","","","","","","56.9",",,,6","","","","","","","",""
"USC00136766","1899-08","43.08998","-91.55823","355.1","POSTVILLE, IA US","","","","","6",",6","5",",6","2",",6","","","","","","","","","","","","","","","","","","","","","","","","","18990823",",,6","","","","","","","","","94.0",",,6,23,","","","","","","","148.6",",,,6","","","","","","","",""
"USC00136766","1899-09","43.08998","-91.55823","355.1","POSTVILLE, IA US","","","","","5",",6","4",",6","0",",6","","","","","","","","","","","","","","","","","","","","","","","","","18990922",",,6","","","","","","","","","16.0",",,6,22,","","","","","","","30.7",",,,6","","","","","","","",""
"USC00136766","1899-10","43.08998","-91.55823","355.1","POSTVILLE, IA US","","","","","3",",6","3",",6","0",",6","","","","","","","","","","","","","","","","","","","","","","","","","18991011",",,6","","","","","","","","","23.4",",,6,11,","","","","","","","51.3",",,,6","","","","","","","",""
"USC00136766","1899-11","43.08998","-91.55823","355.1","POSTVILLE, IA US","","","","","","","","","","","","","0",",6","","","","","","","","","","","","","","","","","18991130",",,6","","","","","","","","","","","0",",T,6,30,","","","","","","","","","","","0",",T,,6","","","","","",""
"USC00136766","1899-12","43.08998","-91.55823","355.1","POSTVILLE, IA US","","","","","4",",6","2",",6","1",",6","","","2",",6","","","","","","","","","","","","","","","","","18991211",",,6","","","18991211",",,6","","","","","","","152",",,6,11,","48.8",",,6,11,","","","","","","","54.1",",,,6","177",",,,6","","","","","",""
"USC00136766","1900-02","43.08998","-91.55823","355.1","POSTVILLE, IA US","","","","","5",",6","3",",6","0",",6","","","2",",6","","","","","","","","","","","","","","","","","19000205",",,6","","","19000208",",,6","","","","","","","64",",,6,05,","22.9",",,6,08,","","","","","","","34.4",",,,6","128",",,,6","","","","","",""
"USC00136766","1900-03","43.08998","-91.55823","355.1","POSTVILLE, IA US","","","","","6",",6","4",",6","0",",6","","","4",",6","","","","","","","","","","","","","","","","","19000305",",,6","","","19000305",",,6","","","","","","","152",",,6,05,","15.2",",,6,05,","","","","","","","42.9",",,,6","381",",,,6","","","","","",""
"USC00136766","1900-04","43.08998","-91.55823","355.1","POSTVILLE, IA US","","","","","","","","","","","","","1",",6","","","","","","","","","","","","","","","","","19000411",",,6","","","","","","","","","","","51",",,6,11,","","","","","","","","","","","51",",,,6","","","","","",""
"USC00136766","1900-07","43.08998","-91.55823","355.1","POSTVILLE, IA US","","","","","10",",6","9",",6","2",",6","","","","","","","","","","","","","","","","","","","","","","","","","19000707",",,6","","","","","","","","","55.9",",,6,07,","","","","","","","209.2",",,,6","","","","","","","",""
"USC00136766","1900-08","43.08998","-91.55823","355.1","POSTVILLE, IA US","","","","","9",",6","7",",6","0",",6","","","","","","","","","","","","","","","","","","","","","","","","","19000812",",,6","","","","","","","","","21.8",",,6,12,","","","","","","","56.6",",,,6","","","","","","","",""
"USC00136766","1900-09","43.08998","-91.55823","355.1","POSTVILLE, IA US","","","","","8",",6","8",",6","0",",6","","","","","","","","","","","","","","","","","","","","","","","","","19000911",",,6","","","","","","","","","21.3",",,6,11,","","","","","","","81.0",",,,6","","","","","","","",""
"USC00136766","1900-10","43.08998","-91.55823","355.1","POSTVILLE, IA US","","","","","9",",6","8",",6","2",",6","","","","","","","","","","","","","","","","","","","","","","","","","19001031",",,6","","","","","","","","","30.5",",,6,31,","","","","","","","108.3",",,,6","","","","","","","",""
"USC00136766","1900-12","43.08998","-91.55823","355.1","POSTVILLE, IA US","","","","","7",",6","3",",6","0",",6","","","3","2,6","","","","","","","","","","","","","","","","","19001224",",2,6","","","19001223",",,6","","","","","","","61","2,,6,24,","8.1",",,6,23,","","","","","","","20.6",",,,6","166","2,,,6","","","","","",""
"USC00136766","1901-02","43.08998","-91.55823","355.1","POSTVILLE, IA US","","","0.0","5,6","2",",6","1",",6","0",",6","","","1",",6","8","2,6","26","2,6","24","3,6","0","3,6","0","3,6","","","19010222",",2,6","","","19010217",",,6","","","19010217",",,6","19010217",",3,6","-20.6","2,6,22,","","","76",",,6,17,","7.6",",,6,17,","1.1","3,6,17,","","","670.9","3,6","8.9",",,,6","89",",,,6","-10.94","5,6","-6.91","3,,,6","-14.97","2,,,6"
"USC00136766","1901-03","43.08998","-91.55823","355.1","POSTVILLE, IA US","","","","","7",",6","6",",6","0",",6","","","4",",6","0","2,6","28","2,6","3","5,6","0","5,6","0","5,6","","","19010306","+,2,6","","","19010330","+,,6","","","19010319",",,6","19010318","+,5,6","-16.1","2,6,06,+","","","102",",,6,30,+","20.3",",,6,19,","13.3","5,6,18,+","","","","","64.8",",,,6","318",",,,6","-0.29","7,6","5.07","5,,,6","-5.66","2,,,6"
"USC00136766","1901-04","43.08998","-91.55823","355.1","POSTVILLE, IA US","","","11.7","2,6","3",",6","2",",6","0",",6","","","","","0","1,6","13","1,6","0","1,6","7","1,6","0","1,6","","","19010401",",1,6","","","","","","","19010416",",,6","19010429",",1,6","-5.0","1,6,01,","","","","","18.8",",,6,16,","30.0","1,6,29,","","","263.5","1,6","29.7",",,,6","","","9.16","2,6","16.09","1,,,6","2.23","1,,,6"
"USC00136766","1901-05","43.08998","-91.55823","355.1","POSTVILLE, IA US","","","13.6",",6","8",",6","6",",6","1",",6","","","","","0",",6","0",",6","0",",6","19",",6","0",",6","","","19010512",",,6","","","","","","","19010523",",,6","19010502","+,,6","0.6",",6,12,","","","","","28.7",",,6,23,","30.0",",6,02,+","","","118.5",",6","72.3",",,,6","","","14.95",",6","21.85",",,,6","8.05",",,,6"
"USC00136766","1901-06","43.08998","-91.55823","355.1","POSTVILLE, IA US","","","115.9",",6","9",",6","7",",6","0",",6","","","","","0",",6","0",",6","0",",6","26",",6","6",",6","","","19010609","+,,6","","","","","","","19010612","+,,6","19010627",",,6","2.8",",6,09,+","","","","","17.8",",,6,12,+","35.6",",6,27,","","","33.6",",6","76.4",",,,6","","","21.08",",6","27.73",",,,6","14.43",",,,6"
"USC00136766","1901-07","43.08998","-91.55823","355.1","POSTVILLE, IA US","","","264.9",",6","5",",6","3",",6","0",",6","","","","","0",",6","0",",6","0",",6","31",",6","22",",6","","","19010707",",,6","","","","","","","19010728",",,6","19010721",",,6","9.4",",6,07,","","","","","22.4",",,6,28,","42.2",",6,21,","1.4","6","1.4",",6","39.8",",,,6","","","26.83",",6","34.44",",,,6","19.22",",,,6"
"USC00136766","1901-08","43.08998","-91.55823","355.1","POSTVILLE, IA US","","","131.1",",6","","","","","","","","","","","0",",6","0",",6","0",",6","31",",6","10",",6","","","19010831",",,6","","","","","","","","","19010813",",,6","8.9",",6,31,","","","","","","","34.4",",6,13,","3.4","6","2.0",",6","","","","","22.50",",6","30.25",",,,6","14.75",",,,6"
"USC00136766","1901-09","43.08998","-91.55823","355.1","POSTVILLE, IA US","","","27.0","5,6","9",",6","9",",6","2",",6","","","","","0","2,6","0","2,6","0","3,6","15","3,6","2","3,6","","","19010920",",2,6","","","","","","","19010909",",,6","19010906",",3,6","2.2","2,6,20,","","","","","36.1",",,6,09,","33.9","3,6,06,","87.1","6","83.7","3,6","151.6",",,,6","","","16.09","5,6","21.73","3,,,6","10.45","2,,,6"
"USC00136766","1901-10","43.08998","-91.55823","355.1","POSTVILLE, IA US","","","1.7","1,6","5",",6","5",",6","1",",6","","","0",",6","0","1,6","5","1,6","0",",6","7",",6","0",",6","","","19011017",",1,6","","","19011016",",,6","","","19011011",",,6","19011023","+,,6","-1.7","1,6,17,","","","0",",T,6,16,","40.9",",,6,11,","25.6",",6,23,+","318.5","6","231.4",",6","74.9",",,,6","0",",T,,6","10.68","1,6","16.50",",,,6","4.85","1,,,6"
"USC00136766","1901-11","43.08998","-91.55823","355.1","POSTVILLE, IA US","","","0.0","1,6","2",",6","2",",6","0",",6","","","2",",6","0","1,6","26","1,6","5",",6","0",",6","0",",6","","","19011105",",1,6","","","19011103",",,6","","","19011103",",,6","19011102",",,6","-15.0","1,6,05,","","","152",",,6,03,","15.2",",,6,03,","16.7",",6,02,","845.2","6","526.7",",6","17.7",",,,6","177",",,,6","0.24","1,6","5.72",",,,6","-5.25","1,,,6"
"USC00136766","1901-12","43.08998","-91.55823","355.1","POSTVILLE, IA US","","","0.0","2,6","4",",6","1",",6","0",",6","","","0",",6","9",",6","31",",6","18","2,6","0","2,6","0","2,6","","","19011213",",,6","","","19011229","+,,6","","","19011211",",,6","19011201",",2,6","-31.7",",6,13,","","","13",",,6,29,+","12.4",",,6,11,","7.2","2,6,01,","1624.7","6","779.5","2,6","16.3",",,,6","39",",,,6","-8.33","2,6","-4.42","2,,,6","-12.25",",,,6"
"USC00136766","1902-01","43.08998","-91.55823","355.1","POSTVILLE, IA US","0.0","6","0.0","2,6","3","1,6","2","1,6","0","1,6","","","2",",6","8","2,6","29","2,6","20",",6","0",",6","0",",6","1","","19020128",",2,6","","","19020126","+,,6","","","19020126","+,1,6","19020117","+,,6","-31.7","2,6,28,","","","102",",,6,26,+","10.2","1,,6,26,+","7.2",",6,17,+","2379.7","6","755.0",",6","21.7","1,,,6","217",",,,6","-7.63","2,6","-2.53",",,,6","-12.73","2,,,6"
"USC00136766","1902-02","43.08998","-91.55823","355.1","POSTVILLE, IA US","0.0","6","0.0",",6","7","1,6","4","1,6","1","1,6","","","","","13",",6","26",",6","20",",6","0",",6","0",",6","","","19020205",",,6","","","","","","","19020227",",1,6","19020226",",,6","-26.1",",6,05,","","","","","25.4","1,,6,27,","7.8",",6,26,","3162.5","6","782.8",",6","50.1","1,,,6","","","-9.62",",6","-3.93",",,,6","-15.32",",,,6"
"USC00136766","1902-03","43.08998","-91.55823","355.1","POSTVILLE, IA US","0.0","6","0.0","2,6","","","","","","","","","","","1",",6","18",",6","5","2,6","0","2,6","0","2,6","","","19020317",",,6","","","","","","","","","19020327",",2,6","-21.1",",6,17,","","","","","","","17.8","2,6,27,","3627.7","6","465.2","2,6","","","","","2.30","2,6","7.06","2,,,6","-2.46",",,,6"
"USC00136766","1902-04","43.08998","-91.55823","355.1","POSTVILLE, IA US","1.4","6","1.4","3,6","","","","","","","","","","","0","2,6","12","2,6","0","1,6","1","1,6","0","1,6","","","19020407",",2,6","","","","","","","","","19020421",",1,6","-7.2","2,6,07,","","","","","","","31.1","1,6,21,","3921.8","6","294.1","1,6","","","","","7.57","3,6","13.85","1,,,6","1.29","2,,,6"
"USC00136766","1902-05","43.08998","-91.55823","355.1","POSTVILLE, IA US","32.8","6","31.4",",6","15",",6","14",",6","6",",6","","","","","0",",6","1",",6","0",",6","22",",6","0",",6","","","19020510",",,6","","","","","","","19020518",",,6","19020518",",,6","0.0",",6,10,","","","","","138.4",",,6,18,","31.1",",6,18,","4011.0","6","89.2",",6","458.3",",,,6","","","16.47",",6","22.60",",,,6","10.34",",,,6"
"USC00136766","1902-06","43.08998","-91.55823","355.1","POSTVILLE, IA US","64.5","6","31.7",",6","","","","","","","","","","","0",",6","0",",6","0",",6","23",",6","0",",6","","","19020622",",,6","","","","","","","","","19020604",",,6","4.4",",6,22,","","","","","","","29.4",",6,04,","4076.8","6","65.8",",6","","","","","17.20",",6","22.64",",,,6","11.76",",,,6"
"USC00136766","1902-07","43.08998","-91.55823","355.1","POSTVILLE, IA US","170.7","6","106.2",",6","16",",6","14",",6","2",",6","","","","","0",",6","0",",6","0",",6","28",",6","1",",6","","","19020710",",,6","","","","","","","19020720",",,6","19020703",",,6","11.1",",6,10,","","","","","66.0",",,6,20,","32.2",",6,03,","3.6","6","3.6",",6","271.6",",,,6","","","21.64",",6","27.25",",,,6","16.04",",,,6"
"USC00136766","1902-08","43.08998","-91.55823","355.1","POSTVILLE, IA US","222.8","6","52.1",",6","11",",6","9",",6","0",",6","","","","","0",",6","0",",6","0",",6","30",",6","0",",6","","","19020812",",,6","","","","","","","19020830",",,6","19020826",",,6","7.8",",6,12,","","","","","7.6",",,6,30,","31.7",",6,26,","18.7","6","15.1",",6","50.3",",,,6","","","19.53",",6","25.29",",,,6","13.76",",,,6"
"USC00136766","1902-09","43.08998","-91.55823","355.1","POSTVILLE, IA US","226.1","6","3.3",",6","7",",6","6",",6","2",",6","","","","","0",",6","0",",6","0",",6","9",",6","0",",6","","","19020912",",,6","","","","","","","19020905",",,6","19020907",",,6","0.6",",6,12,","","","","","45.2",",,6,05,","25.6",",6,07,","141.3","6","122.6",",6","117.0",",,,6","","","14.36",",6","19.13",",,,6","9.59",",,,6"
"USC00136766","1902-10","43.08998","-91.55823","355.1","POSTVILLE, IA US","226.1","6","0.0",",6","5",",6","4",",6","0",",6","","","","","0",",6","5",",6","0",",6","4",",6","0",",6","","","19021031",",,6","","","","","","","19021012",",,6","19021022",",,6","-4.4",",6,31,","","","","","15.2",",,6,12,","23.3",",6,22,","390.0","6","248.7",",6","33.7",",,,6","","","10.31",",6","15.95",",,,6","4.67",",,,6"
"USC00136766","1902-11","43.08998","-91.55823","355.1","POSTVILLE, IA US","226.1","6","0.0","2,6","7",",6","5",",6","1",",6","","","","","0","1,6","13","1,6","0","1,6","0","1,6","0","1,6","","","19021130",",1,6","","","","","","","19021114",",,6","19021101",",1,6","-8.9","1,6,30,","","","","","29.7",",,6,14,","18.3","1,6,01,","768.0","6","378.0","1,6","54.6",",,,6","","","4.85","2,6","8.93","1,,,6","0.76","1,,,6"
"USC00136766","1902-12","43.08998","-91.55823","355.1","POSTVILLE, IA US","","","","","7",",6","6",",6","0",",6","","","4",",6","8","3,6","27","3,6","22","3,6","0","3,6","0","3,6","","","19021208",",3,6","","","19021202",",,6","","","19021220",",,6","19021202",",3,6","-25.6","3,6,08,","","","102",",,6,02,","21.1",",,6,20,","5.6","3,6,02,","","","","","62.0",",,,6","272",",,,6","-7.75","6,6","-2.94","3,,,6","-12.56","3,,,6"
"USC00136766","1903-01","43.08998","-91.55823","355.1","POSTVILLE, IA US","0.0","6","0.0",",6","5",",6","1",",6","0",",6","","","1",",6","7",",6","31",",6","21",",6","0",",6","0",",6","","","19030112",",,6","","","19030111",",,6","","","19030111",",,6","19030131",",,6","-23.3",",6,12,","","","38",",,6,11,","3.8",",,6,11,","5.0",",6,31,","","","803.5",",6","10.2",",,,6","84",",,,6","-7.59",",6","-3.12",",,,6","-12.06",",,,6"
"USC00136766","1903-02","43.08998","-91.55823","355.1","POSTVILLE, IA US","0.0","6","0.0",",6","5",",6","2",",6","0",",6","","","","","5",",6","27",",6","16",",6","0",",6","0",",6","","","19030218",",,6","","","","","","","19030227",",,6","19030211",",,6","-27.8",",6,18,","","","","","14.5",",,6,27,","8.3",",6,11,","","","715.0",",6","30.0",",,,6","","","-7.20",",6","-1.90",",,,6","-12.50",",,,6"
"USC00136766","1903-03","43.08998","-91.55823","355.1","POSTVILLE, IA US","0.0","6","0.0","2,6","","","","","","","","","1",",6","0","1,6","20","1,6","1","1,6","0","1,6","0","1,6","","","19030301",",1,6","","","19030323",",,6","","","","","19030331",",1,6","-13.9","1,6,01,","","","229",",,6,23,","","","16.7","1,6,31,","","","453.4","1,6","","","242",",,,6","2.58","2,6","6.70","1,,,6","-1.54","1,,,6"
"USC00136766","1903-04","43.08998","-91.55823","355.1","POSTVILLE, IA US","0.0","6","0.0",",6","","","","","","","","","","","0",",6","7",",6","0",",6","3",",6","0",",6","","","19030430","+,,6","","","","","","","","","19030401",",,6","-3.9",",6,30,+","","","","","","","22.2",",6,01,","","","286.6",",6","","","","","8.78",",6","14.48",",,,6","3.08",",,,6"
"USC00136766","1903-05","43.08998","-91.55823","355.1","POSTVILLE, IA US","16.9","6","16.9","1,6","17",",6","14",",6","1",",6","","","","","0","1,6","3","1,6","0",",6","20",",6","0",",6","","","19030502",",1,6","","","","","","","19030526",",,6","19030522","+,,6","-2.2","1,6,02,","","","","","80.3",",,6,26,","27.8",",6,22,+","","","96.5",",6","211.6",",,,6","","","15.76","1,6","21.85",",,,6","9.67","1,,,6"
"USC00136766","1903-06","43.08998","-91.55823","355.1","POSTVILLE, IA US","45.3","6","28.4",",6","8",",6","3",",6","1",",6","","","","","0",",6","0",",6","0",",6","25",",6","0",",6","","","19030612",",,6","","","","","","","19030630",",,6","19030608",",,6","3.3",",6,12,","","","","","27.9",",,6,30,","30.6",",6,08,","","","47.3",",6","48.2",",,,6","","","17.70",",6","23.96",",,,6","11.44",",,,6"
"USC00136766","1903-07","43.08998","-91.55823","355.1","POSTVILLE, IA US","121.6","6","76.3",",6","7",",6","7",",6","3",",6","","","","","0",",6","0",",6","0",",6","27",",6","0",",6","","","19030731",",,6","","","","","","","19030709",",,6","19030707",",,6","8.9",",6,31,","","","","","102.6",",,6,09,","30.6",",6,07,","13.6","6","13.6",",6","275.6",",,,6","","","20.35",",6","24.59",",,,6","16.12",",,,6"
"USC00136766","1903-08","43.08998","-91.55823","355.1","POSTVILLE, IA US","161.6","6","40.0",",6","11",",6","7",",6","4",",6","","","","","0",",6","0",",6","0",",6","22",",6","0",",6","","","19030831","+,,6","","","","","","","19030827",",,6","19030804",",,6","8.9",",6,31,+","","","","","86.4",",,6,27,","30.0",",6,04,","52.0","6","38.4",",6","241.8",",,,6","","","18.39",",6","22.81",",,,6","13.96",",,,6"
"USC00136766","1903-09","43.08998","-91.55823","355.1","POSTVILLE, IA US","173.0","6","11.4","1,6","","","","","","","","","","","0","1,6","0","1,6","0",",6","15",",6","0",",6","","","19030924","+,1,6","","","","","","","","","19030902",",,6","1.7","1,6,24,+","","","","","","","26.1",",6,02,","160.0","6","108.0",",6","","","","","15.00","1,6","20.21",",,,6","9.79","1,,,6"
"USC00136766","1903-10","43.08998","-91.55823","355.1","POSTVILLE, IA US","175.5","6","2.5",",6","4",",6","4",",6","1",",6","","","","","0",",6","5",",6","0",",6","2",",6","0",",6","","","19031024",",,6","","","","","","","19031006",",,6","19031003",",,6","-3.3",",6,24,","","","","","27.9",",,6,06,","25.0",",6,03,","412.7","6","252.7",",6","53.5",",,,6","","","10.26",",6","16.12",",,,6","4.41",",,,6"
"USC00136766","1903-11","43.08998","-91.55823","355.1","POSTVILLE, IA US","175.5","6","0.0","4,6","5",",6","1",",6","0",",6","","","0",",6","0","2,6","22","2,6","8","3,6","0","3,6","0","3,6","","","19031118",",2,6","","","19031116",",,6","","","19031111",",,6","19031102",",3,6","-17.2","2,6,18,","","","13",",,6,16,","3.6",",,6,11,","20.0","3,6,02,","880.8","6","468.1","3,6","7.2",",,,6","13",",,,6","-0.04","4,6","5.12","3,,,6","-5.20","2,,,6"
"USC00136766","1903-12","43.08998","-91.55823","355.1","POSTVILLE, IA US","","","","","","","","","","","","","3",",6","10","2,6","29","2,6","","","","","","","","","19031213",",2,6","","","19031209",",,6","","","","","","","-29.4","2,6,13,","","","64",",,6,09,","","","","","","","","","","","192",",,,6","","","","","-15.62","2,,,6"
"USC00136766","1904-01","43.08998","-91.55823","355.1","POSTVILLE, IA US","0.0","6","0.0","2,6","","","","","","","","","","","13",",6","31",",6","25","2,6","0","2,6","0","2,6","","","19040125",",,6","","","","","","","","","19040107",",2,6","-33.9",",6,25,","","","","","","","4.4","2,6,07,","","","890.1","2,6","","","","","-12.30","2,6","-7.38","2,,,6","-17.22",",,,6"
"USC00136766","1904-02","43.08998","-91.55823","355.1","POSTVILLE, IA US","0.0","6","0.0","2,6","7",",6","4",",6","0",",6","","","3",",6","15","2,6","26","2,6","24",",6","0",",6","0",",6","","","19040201",",2,6","","","19040218",",,6","","","19040218",",,6","19040228","+,,6","-28.9","2,6,01,","","","102",",,6,18,","10.2",",,6,18,","7.2",",6,28,+","","","824.4",",6","21.0",",,,6","191",",,,6","-11.79","2,6","-6.19",",,,6","-17.38","2,,,6"
"USC00136766","1904-03","43.08998","-91.55823","355.1","POSTVILLE, IA US","0.0","6","0.0","4,6","9",",6","6",",6","1",",6","","","","","0","4,6","25","4,6","4",",6","0",",6","0",",6","","","19040303",",4,6","","","","","","","19040324",",,6","19040324","+,,6","-16.1","4,6,03,","","","","","43.2",",,6,24,","10.0",",6,24,+","","","503.3",",6","76.5",",,,6","","","-0.08","4,6","4.26",",,,6","-4.42","4,,,6"
"USC00136766","1904-04","43.08998","-91.55823","355.1","POSTVILLE, IA US","","","","","6",",6","3",",6","2",",6","","","","","0","4,","14","4,6","","","","","","","","","19040416",",4,6","","","","","","","19040423",",,6","","","-8.3","4,6,16,","","","","","34.3",",,6,23,","","","","","","","70.7",",,,6","","","","","","","-0.47","4,,,6"
"USC00136766","1904-05","43.08998","-91.55823","355.1","POSTVILLE, IA US","","","8.7","1,6","","","","","","","","","","","0",",6","1",",6","0","1,6","18","1,6","0","1,6","","","19040515",",,6","","","","","","","","","19040522",",1,6","0.0",",6,15,","","","","","","","30.0","1,6,22,","","","126.5","1,6","","","","","14.37","1,6","21.55","1,,,6","7.19",",,,6"
"USC00136766","1904-06","43.08998","-91.55823","355.1","POSTVILLE, IA US","","","35.6",",6","","","","","","","","","","","0",",6","0",",6","0",",6","26",",6","0",",6","","","19040622",",,6","","","","","","","","","19040618",",,6","6.7",",6,22,","","","","","","","28.9",",6,18,","","","26.2",",6","","","","","18.65",",6","24.68",",,,6","12.61",",,,6"
"USC00136766","1904-07","43.08998","-91.55823","355.1","POSTVILLE, IA US","","","64.7",",6","13",",6","9",",6","1",",6","","","","","0",",6","0",",6","0",",6","30",",6","3",",6","","","19040702",",,6","","","","","","","19040703",",,6","19040717",",,6","7.2",",6,02,","","","","","50.3",",,6,03,","33.3",",6,17,","11.7","6","11.7",",6","102.3",",,,6","","","20.04",",6","25.83",",,,6","14.25",",,,6"
"USC00136766","1904-08","43.08998","-91.55823","355.1","POSTVILLE, IA US","","","42.3","1,6","","","","","","","","","","","0","1,6","0","1,6","0","1,6","29","1,6","0","1,6","","","19040829",",1,6","","","","","","","","","19040812",",1,6","2.2","1,6,29,","","","","","","","30.0","1,6,12,","37.7","6","26.0","1,6","","","","","18.88","1,6","25.32","1,,,6","12.44","1,,,6"
"USC00136766","1904-09","43.08998","-91.55823","355.1","POSTVILLE, IA US","","","24.7","2,6","","","","","","","","","","","0","2,6","0","2,6","0",",6","19",",6","0",",6","","","19040914",",2,6","","","","","","","","","19040928",",,6","2.2","2,6,14,","","","","","","","29.4",",6,28,","97.9","6","60.2",",6","","","","","16.95","2,6","22.05",",,,6","11.86","2,,,6"
"USC00136766","1904-10","43.08998","-91.55823","355.1","POSTVILLE, IA US","","","0.5","1,6","6",",6","5",",6","1",",6","","","","","0","1,6","6","1,6","0",",6","7",",6","0",",6","","","19041027",",1,6","","","","","","","19041010",",,6","19041009",",,6","-3.9","1,6,27,","","","","","33.0",",,6,10,","24.4",",6,09,","337.0","6","239.1",",6","78.4",",,,6","","","10.38","1,6","15.46",",,,6","5.31","1,,,6"
"USC00136766","1904-11","43.08998","-91.55823","355.1","POSTVILLE, IA US","","","","","1",",6","1",",6","0",",6","","","0",",6","","","","","","","","","","","","","","","","","19041109",",,6","","","19041109",",,6","","","","","","","0",",T,6,09,","4.6",",,6,09,","","","","","","","4.6",",,,6","0",",T,,6","","","","","",""
"USC00136766","1904-12","43.08998","-91.55823","355.1","POSTVILLE, IA US","","","0.0",",6","","","","","","","","","","","6",",6","31",",6","20",",6","0",",6","0",",6","","","19041215",",,6","","","","","","","","","19041230",",,6","-26.7",",6,15,","","","","","","","13.9",",6,30,","","","768.5",",6","","","","","-6.46",",6","-1.04",",,,6","-11.88",",,,6"
"USC00136766","1905-01","43.08998","-91.55823","355.1","POSTVILLE, IA US","0.0","6","0.0","2,6","7","1,6","4","1,6","0","1,6","","","","","19","1,6","30","1,6","27","1,6","0","1,6","0","1,6","","","19050110",",1,6","","","","","","","19050111",",1,6","19050102",",1,6","-27.8","1,6,10,","","","","","7.6","1,,6,11,","11.7","1,6,02,","","","916.0","1,6","22.3","1,,,6","","","-13.23","2,6","-7.44","1,,,6","-19.01","1,,,6"
"USC00136766","1905-02","43.08998","-91.55823","355.1","POSTVILLE, IA US","0.0","6","0.0","1,6","5",",6","5",",6","0",",6","","","4",",6","14","1,6","27","1,6","18",",6","0",",6","0",",6","","","19050213",",1,6","","","19050211","+,,6","","","19050224",",,6","19050228",",,6","-33.9","1,6,13,","","","76",",,6,11,+","8.4",",,6,24,","7.8",",6,28,","","","798.1",",6","33.7",",,,6","253",",,,6","-11.45","1,6","-6.30",",,,6","-16.60","1,,,6"
"USC00136766","1905-03","43.08998","-91.55823","355.1","POSTVILLE, IA US","0.0","6","0.0","3,6","","","","","","","","","","","0","1,6","21","1,6","4","2,6","2","2,6","0","2,6","","","19050311",",1,6","","","","","","","","","19050331","+,2,6","-17.2","1,6,11,","","","","","","","21.1","2,6,31,+","","","441.3","2,6","","","","","2.63","3,6","7.46","2,,,6","-2.21","1,,,6"
"USC00136766","1905-04","43.08998","-91.55823","355.1","POSTVILLE, IA US","0.0","6","0.0","1,6","6",",6","4",",6","1",",6","","","","","0",",6","12",",6","0","1,6","3","1,6","0","1,6","","","19050414",",,6","","","","","","","19050421",",,6","19050424","+,1,6","-7.8",",6,14,","","","","","34.3",",,6,21,","21.1","1,6,24,+","","","313.8","1,6","55.7",",,,6","","","7.61","1,6","13.50","1,,,6","1.71",",,,6"
"USC00136766","1905-05","43.08998","-91.55823","355.1","POSTVILLE, IA US","3.6","6","3.6","3,6","15",",6","9",",6","3",",6","","","","","0","3,6","2","3,6","0",",6","14",",6","0",",6","","","19050501",",3,6","","","","","","","19050511",",,6","19050503",",,6","-1.7","3,6,01,","","","","","59.4",",,6,11,","26.7",",6,03,","","","143.9",",6","218.5",",,,6","","","13.25","3,6","19.26",",,,6","7.23","3,,,6"
"USC00136766","1905-06","43.08998","-91.55823","355.1","POSTVILLE, IA US","61.5","6","57.9","1,6","11",",6","8",",6","2",",6","","","","","0","1,6","0","1,6","0",",6","28",",6","0",",6","","","19050622",",1,6","","","","","","","19050619",",,6","19050613","+,,6","7.8","1,6,22,","","","","","37.8",",,6,19,","31.7",",6,13,+","","","15.1",",6","136.1",",,,6","","","19.77","1,6","25.33",",,,6","14.21","1,,,6"
"USC00136766","1905-07","43.08998","-91.55823","355.1","POSTVILLE, IA US","142.5","6","81.0",",6","14",",6","8",",6","0",",6","","","","","0",",6","0",",6","0",",6","28",",6","3",",6","","","19050724",",,6","","","","","","","19050719",",,6","19050717","+,,6","10.0",",6,24,","","","","","17.3",",,6,19,","33.3",",6,17,+","12.2","6","12.2",",6","81.1",",,,6","","","20.55",",6","25.72",",,,6","15.39",",,,6"
"USC00136766","1905-08","43.08998","-91.55823","355.1","POSTVILLE, IA US","246.3","6","103.8",",6","","","","","","","","","","","0",",6","0",",6","0",",6","31",",6","2",",6","","","19050825",",,6","","","","","","","","","19050811",",,6","11.1",",6,25,","","","","","","","33.3",",6,11,","13.3","6","1.1",",6","","","","","21.65",",6","27.20",",,,6","16.09",",,,6"
"USC00136766","1905-09","43.08998","-91.55823","355.1","POSTVILLE, IA US","271.6","6","25.3","2,6","6",",6","4",",6","1",",6","","","","","0","1,6","0","1,6","0","1,6","23","1,6","0","1,6","","","19050925","+,1,6","","","","","","","19050919",",,6","19050929",",1,6","7.2","1,6,25,+","","","","","67.3",",,6,19,","28.3","1,6,29,","50.1","6","36.8","1,6","85.3",",,,6","","","17.96","2,6","23.40","1,,,6","12.51","1,,,6"
"USC00136766","1905-10","43.08998","-91.55823","355.1","POSTVILLE, IA US","275.0","6","3.4",",6","7",",6","7",",6","0",",6","","","0",",6","0",",6","14",",6","0",",6","8",",6","0",",6","","","19051029","+,,6","","","19051019",",,6","","","19051017",",,6","19051008","+,,6","-6.7",",6,29,+","","","0",",T,6,19,","19.8",",,6,17,","25.6",",6,08,+","353.2","6","303.1",",6","74.4",",,,6","0",",T,,6","8.66",",6","13.75",",,,6","3.58",",,,6"
"USC00136766","1905-11","43.08998","-91.55823","355.1","POSTVILLE, IA US","275.0","6","0.0","1,6","6",",6","3",",6","1",",6","","","","","0","1,6","26","1,6","1",",6","0",",6","0",",6","","","19051130",",1,6","","","","","","","19051128",",,6","19051112","+,,6","-17.2","1,6,30,","","","","","29.2",",,6,28,","14.4",",6,12,+","830.5","6","477.3",",6","68.1",",,,6","","","1.88","1,6","7.05",",,,6","-3.30","1,,,6"
"USC00136766","1905-12","43.08998","-91.55823","355.1","POSTVILLE, IA US","275.0","6","0.0","2,6","5",",6","3",",6","0",",6","","","","","1","2,6","29","2,6","13",",6","0",",6","0",",6","","","19051224",",2,6","","","","","","","19051229",",,6","19051217","+,,6","-20.6","2,6,24,","","","","","12.7",",,6,29,","7.2",",6,17,+","1484.4","6","653.9",",6","22.6",",,,6","","","-4.32","2,6","0.49",",,,6","-9.12","2,,,6"
"USC00136766","1906-01","43.08998","-91.55823","355.1","POSTVILLE, IA US","0.0","6","0.0","2,6","7",",6","6",",6","0",",6","","","","","6","1,6","30","1,6","16","1,6","0","1,6","0","1,6","","","19060108",",1,6","","","","","","","19060103",",,6","19060120",",1,6","-26.1","1,6,08,","","","","","17.8",",,6,03,","6.7","1,6,20,","2180.5","6","696.1","1,6","41.4",",,,6","","","-5.88","2,6","-0.47","1,,,6","-11.28","1,,,6"
"USC00136766","1906-02","43.08998","-91.55823","355.1","POSTVILLE, IA US","0.0","6","0.0",",6","4",",6","2",",6","0",",6","","","2",",6","12",",6","28",",6","15",",6","0",",6","0",",6","","","19060205",",,6","","","19060213",",,6","","","19060213",",,6","19060222",",,6","-25.6",",6,05,","","","102",",,6,13,","22.9",",,6,13,","7.8",",6,22,","2902.6","6","722.1",",6","29.8",",,,6","179",",,,6","-7.46",",6","-1.74",",,,6","-13.17",",,,6"
"USC00136766","1906-03","43.08998","-91.55823","355.1","POSTVILLE, IA US","0.0","6","0.0",",6","9",",6","4",",6","1",",6","","","","","1",",6","29",",6","12",",6","0",",6","0",",6","","","19060316",",,6","","","","","","","19060326",",,6","19060330",",,6","-17.8",",6,16,","","","","","41.9",",,6,26,","8.9",",6,30,","3588.2","6","685.6",",6","72.7",",,,6","","","-3.78",",6","0.50",",,,6","-8.06",",,,6"
"USC00136766","1906-04","43.08998","-91.55823","355.1","POSTVILLE, IA US","","","","","","","","","","","","","1",",6","0","4,6","7","4,6","0","4,6","9","4,6","0","4,6","","","19060401",",4,6","","","19060405",",,6","","","","","19060425",",4,6","-3.9","4,6,01,","","","38",",,6,05,","","","27.2","4,6,25,","","","","","","","38",",,,6","10.61","7,6","17.45","4,,,6","3.78","4,,,6"
"USC00136766","1906-05","43.08998","-91.55823","355.1","POSTVILLE, IA US","","","25.1","1,6","","","","","","","","","0",",6","0",",6","3",",6","0","1,6","17","1,6","0","1,6","","","19060507",",,6","","","19060506",",,6","","","","","19060523","+,1,6","-2.8",",6,07,","","","0",",T,6,06,","","","28.9","1,6,23,+","","","132.8","1,6","","","0",",T,,6","14.69","1,6","20.91","1,,,6","8.46",",,,6"
"USC00136766","1906-06","43.08998","-91.55823","355.1","POSTVILLE, IA US","","","53.5",",6","","","","","","","","","","","0",",6","0",",6","0",",6","26",",6","0",",6","","","19060610",",,6","","","","","","","","","19060628",",,6","1.7",",6,10,","","","","","","","31.1",",6,28,","","","38.0",",6","","","","","18.85",",6","25.11",",,,6","12.58",",,,6"
"USC00136766","1906-07","43.08998","-91.55823","355.1","POSTVILLE, IA US","","","83.9","1,6","8",",6","6",",6","1",",6","","","","","0","1,6","0","1,6","0","1,6","30","1,6","0","1,6","","","19060716","+,1,6","","","","","","","19060728",",,6","19060721","+,1,6","10.0","1,6,16,+","","","","","42.7",",,6,28,","31.1","1,6,21,+","3.1","6","3.1","1,6","115.2",",,,6","","","21.03","1,6","27.04","1,,,6","15.02","1,,,6"
"USC00136766","1906-08","43.08998","-91.55823","355.1","POSTVILLE, IA US","","","128.9","1,6","","","","","","","","","","","0",",6","0",",6","0","1,6","30","1,6","2","1,6","","","19060827",",,6","","","","","","","","","19060816",",1,6","7.8",",6,27,","","","","","","","32.8","1,6,16,","7.0","6","3.9","1,6","","","","","22.50","1,6","27.69","1,,,6","17.30",",,,6"
"USC00136766","1906-09","43.08998","-91.55823","355.1","POSTVILLE, IA US","","","52.4","1,6","11",",6","9",",6","3",",6","","","0",",6","0","1,6","0","1,6","0",",6","21",",6","0",",6","","","19060930",",1,6","","","19060930","+,,6","","","19060917",",,6","19060911",",,6","4.4","1,6,30,","","","0",",,6,30,+","36.6",",,6,17,","31.1",",6,11,","52.6","6","45.6",",6","136.2",",,,6","0",",,,6","18.64","1,6","23.63",",,,6","13.65","1,,,6"
"USC00136766","1906-10","43.08998","-91.55823","355.1","POSTVILLE, IA US","","","0.0","3,6","5",",6","5",",6","0",",6","","","","","0","3,6","7","3,6","0","1,6","6","1,6","0","1,6","","","19061031",",3,6","","","","","","","19061023",",,6","19061004","+,1,6","-6.7","3,6,31,","","","","","22.4",",,6,23,","24.4","1,6,04,+","302.4","6","249.8","1,6","46.5",",,,6","","","9.27","3,6","14.90","1,,,6","3.63","3,,,6"
"USC00136766","1906-11","43.08998","-91.55823","355.1","POSTVILLE, IA US","","","0.0","5,6","","","","","","","","","","","0","5,6","20","5,6","6",",6","0",",6","0",",6","","","19061124",",5,6","","","","","","","","","19061106",",,6","-15.0","5,6,24,","","","","","","","19.4",",6,06,","758.0","6","455.6",",6","","","","","0.30","5,6","4.80",",,,6","-4.20","5,,,6"
"USC00136766","1906-12","43.08998","-91.55823","355.1","POSTVILLE, IA US","","","0.0",",6","5",",6","5",",6","0",",6","","","3",",6","3",",6","30",",6","19",",6","0",",6","0",",6","","","19061207",",,6","","","19061231",",,6","","","19061230",",,6","19061202",",,6","-18.9",",6,07,","","","51",",,6,31,","21.6",",,6,30,","5.6",",6,02,","1475.8","6","717.8",",6","49.7",",,,6","101",",,,6","-4.82",",6","-0.91",",,,6","-8.73",",,,6"
"USC00136766","1907-01","43.08998","-91.55823","355.1","POSTVILLE, IA US","0.0","6","0.0","1,6","8",",6","6",",6","0",",6","","","","","11",",6","31",",6","23","1,6","0","1,6","0","1,6","","","19070130",",,6","","","","","","","19070107",",,6","19070119",",1,6","-26.1",",6,30,","","","","","11.7",",,6,07,","6.7","1,6,19,","2292.8","6","817.0","1,6","44.2",",,,6","","","-8.97","1,6","-4.26","1,,,6","-13.68",",,,6"
"USC00136766","1907-02","43.08998","-91.55823","355.1","POSTVILLE, IA US","0.0","6","0.0",",6","6",",6","5",",6","0",",6","","","2","1,6","7",",6","27",",6","12",",6","0",",6","0",",6","","","19070206",",,6","","","19070207","+,1,6","","","19070207","+,,6","19070216",",,6","-27.2",",6,06,","","","51","1,,6,07,+","5.1",",,6,07,+","7.8",",6,16,","2983.1","6","690.3",",6","21.4",",,,6","115","1,,,6","-6.32",",6","-1.00",",,,6","-11.64",",,,6"
"USC00136766","1907-03","43.08998","-91.55823","355.1","POSTVILLE, IA US","0.0","6","0.0","4,6","8","1,6","5","1,6","0","1,6","","","2",",6","0",",6","21",",6","2","4,6","4","4,6","0","4,6","","","19070314",",,6","","","19070313",",,6","","","19070301",",1,6","19070326","+,4,6","-12.2",",6,14,","","","64",",,6,13,","12.7","1,,6,01,","27.2","4,6,26,+","3383.7","6","400.6","4,6","41.4","1,,,6","123",",,,6","3.25","4,6","9.33","4,,,6","-2.83",",,,6"
"USC00136766","1907-04","43.08998","-91.55823","355.1","POSTVILLE, IA US","0.0","6","0.0","4,6","4",",6","3",",6","0",",6","","","0",",6","0","4,6","18","4,6","0",",6","0",",6","0",",6","","","19070414",",4,6","","","19070415","+,,6","","","19070407",",,6","19070422",",,6","-7.2","4,6,14,","","","0",",T,6,15,+","10.7",",,6,07,","20.6",",6,22,","3741.9","6","358.2",",6","28.4",",,,6","0",",T,,6","4.32","4,6","10.05",",,,6","-1.40","4,,,6"
"USC00136766","1907-05","43.08998","-91.55823","355.1","POSTVILLE, IA US","3.1","6","3.1","1,6","10","1,6","8","1,6","0","1,6","","","0",",6","0",",6","7",",6","0","1,6","8","1,6","0","1,6","","","19070504",",,6","","","19070510",",,6","","","19070531","+,1,6","19070512",",1,6","-5.6",",6,04,","","","20",",,6,10,","12.7","1,,6,31,+","27.8","1,6,12,","3959.8","6","217.9","1,6","55.2","1,,,6","20",",,,6","11.01","1,6","17.68","1,,,6","4.33",",,,6"
"USC00136766","1907-06","43.08998","-91.55823","355.1","POSTVILLE, IA US","47.0","6","43.9","2,6","","","","","","","","","","","0","2,6","0","2,6","0",",6","21",",6","0",",6","","","19070601",",2,6","","","","","","","","","19070617",",,6","6.1","2,6,01,","","","","","","","31.7",",6,17,","4007.6","6","47.8",",6","","","","","18.17","2,6","23.78",",,,6","12.56","2,,,6"
"USC00136766","1907-08","43.08998","-91.55823","355.1","POSTVILLE, IA US","","","62.8","4,6","","","","","","","","","0",",6","0","2,6","0","2,6","0","2,6","26","2,6","0","2,6","","","19070823",",2,6","","","19070831","+,,6","","","","","19070831",",2,6","2.2","2,6,23,","","","0",",,6,31,+","","","31.1","2,6,31,","","","21.7","2,6","","","0",",,,6","19.85","4,6","25.50","2,,,6","14.20","2,,,6"
"USC00136766","1907-09","43.08998","-91.55823","355.1","POSTVILLE, IA US","","","","","","","","","","","","","0",",6","","","","","","","","","","","","","","","","","19070930","+,,6","","","","","","","","","","","0",",,6,30,+","","","","","","","","","","","0",",,,6","","","","","",""
"USC00136766","1907-10","43.08998","-91.55823","355.1","POSTVILLE, IA US","","","","","","","","","","","","","","","0","4,6","7","4,6","","","","","","","","","19071021",",4,6","","","","","","","","","","","-7.2","4,6,21,","","","","","","","","","","","","","","","","","","","","","2.85","4,,,6"
"USC00136766","1907-11","43.08998","-91.55823","355.1","POSTVILLE, IA US","","","0.0","2,6","4",",6","3",",6","0",",6","","","2",",6","0","1,6","26","1,6","2","1,6","0","1,6","0","1,6","","","19071114",",1,6","","","19071130",",,6","","","19071121",",,6","19071104","+,1,6","-11.7","1,6,14,","","","51",",,6,30,","22.4",",,6,21,","11.1","1,6,04,+","","","478.4","1,6","35.2",",,,6","89",",,,6","1.27","2,6","5.94","1,,,6","-3.39","1,,,6"
"USC00136766","1907-12","43.08998","-91.55823","355.1","POSTVILLE, IA US","","","0.0","2,6","4",",6","2",",6","0",",6","","","1",",6","0","1,6","29","1,6","13","1,6","0","1,6","0","1,6","","","19071230",",1,6","","","19071230",",,6","","","19071230",",,6","19071227",",1,6","-15.0","1,6,30,","","","127",",,6,30,","12.7",",,6,30,","7.8","1,6,27,","","","610.7","1,6","17.3",",,,6","145",",,,6","-2.79","2,6","1.12","1,,,6","-6.70","1,,,6"
"USC00136766","1908-01","43.08998","-91.55823","355.1","POSTVILLE, IA US","","","","","4",",6","1",",6","0",",6","","","","","4","3,6","27","3,6","","","","","","","","","19080129",",3,6","","","","","","","19080131",",,6","","","-25.6","3,6,29,","","","","","15.2",",,6,31,","","","","","","","16.3",",,,6","","","","","","","-10.44","3,,,6"
"USC00136766","1908-02","43.08998","-91.55823","355.1","POSTVILLE, IA US","","","0.0","1,6","","","","","","","","","","","4","1,6","26","1,6","18",",6","0",",6","0",",6","","","19080202",",1,6","","","","","","","","","19080224",",,6","-24.4","1,6,02,","","","","","","","7.8",",6,24,","","","674.7",",6","","","","","-5.65","1,6","-0.78",",,,6","-10.52","1,,,6"
"USC00136766","1908-03","43.08998","-91.55823","355.1","POSTVILLE, IA US","","","","","6","1,6","6","1,6","0","1,6","","","1",",6","","","","","","","","","","","","","","","","","19080306",",,6","","","19080331",",1,6","","","","","","","38",",,6,06,","20.3","1,,6,31,","","","","","","","46.9","1,,,6","38",",,,6","","","","","",""
"USC00136766","1908-04","43.08998","-91.55823","355.1","POSTVILLE, IA US","","","","","","","","","","","","","","","0","4,6","13","4,6","0","5,6","7","5,6","0","5,6","","","19080402",",4,6","","","","","","","","","19080422",",5,6","-8.9","4,6,02,","","","","","","","26.7","5,6,22,","","","","","","","","","8.92","8,6","15.90","5,,,6","1.94","4,,,6"
"USC00136766","1908-05","43.08998","-91.55823","355.1","POSTVILLE, IA US","","","11.4","5,6","","","","","","","","","","","0","2,6","3","2,6","0","3,6","14","3,6","0","3,6","","","19080502",",2,6","","","","","","","","","19080517",",3,6","-3.3","2,6,02,","","","","","","","29.4","3,6,17,","","","120.9","3,6","","","","","14.35","5,6","19.92","3,,,6","8.77","2,,,6"
"USC00136766","1908-06","43.08998","-91.55823","355.1","POSTVILLE, IA US","","","46.8","1,6","","","","","","","","","","","0","1,6","0","1,6","0",",6","23",",6","0",",6","","","19080615","+,1,6","","","","","","","","","19080623","+,,6","5.6","1,6,15,+","","","","","","","29.4",",6,23,+","","","45.0",",6","","","","","18.32","1,6","23.88",",,,6","12.75","1,,,6"
"USC00136766","1908-07","43.08998","-91.55823","355.1","POSTVILLE, IA US","","","107.3","3,6","","","","","","","","","","","0","1,6","0","1,6","0","3,6","27","3,6","3","3,6","","","19080708","+,1,6","","","","","","","","","19080711",",3,6","10.6","1,6,08,+","","","","","","","33.3","3,6,11,","6.5","6","6.5","3,6","","","","","21.95","3,6","27.41","3,,,6","16.49","1,,,6"
"USC00136766","1908-08","43.08998","-91.55823","355.1","POSTVILLE, IA US","","","","","","","","","","","","","","","0","5,6","0","5,6","0","2,6","27","2,6","1","2,6","","","19080825",",5,6","","","","","","","","","19080803",",2,6","5.0","5,6,25,","","","","","","","32.2","2,6,03,","","","","","","","","","19.60","6,6","25.51","2,,,6","13.68","5,,,6"
"USC00136766","1908-09","43.08998","-91.55823","355.1","POSTVILLE, IA US","","","71.0","4,6","4",",6","3",",6","1",",6","","","0",",6","0","3,6","1","3,6","0","2,6","24","2,6","0","2,6","","","19080929",",3,6","","","19080928",",,6","","","19080927",",,6","19080920","+,2,6","-2.2","3,6,29,","","","0",",T,6,28,","64.3",",,6,27,","30.6","2,6,20,+","","","46.4","2,6","87.9",",,,6","0",",T,,6","19.33","4,6","25.18","2,,,6","13.49","3,,,6"
"USC00136766","1908-10","43.08998","-91.55823","355.1","POSTVILLE, IA US","","","","","","","","","","","","","1",",6","","","","","","","","","","","","","","","","","19081025",",,6","","","","","","","","","","","25",",,6,25,","","","","","","","","","","","25",",,,6","","","","","",""
"USC00136766","1908-11","43.08998","-91.55823","355.1","POSTVILLE, IA US","","","","","","","","","","","","","1",",6","","","","","1","3,6","0","3,6","0","3,6","","","","","","","19081114",",,6","","","","","19081122",",3,6","","","","","25",",,6,14,","","","16.1","3,6,22,","","","","","","","25",",,,6","","","9.40","3,,,6","",""
"USC00136766","1908-12","43.08998","-91.55823","355.1","POSTVILLE, IA US","","","0.0","1,6","","","","","","","","","","","3",",6","31",",6","13","1,6","0","1,6","0","1,6","","","19081207",",,6","","","","","","","","","19081229",",1,6","-20.6",",6,07,","","","","","","","6.7","1,6,29,","","","697.9","1,6","","","","","-4.97","1,6","0.06","1,,,6","-10.00",",,,6"
"USC00136766","1909-01","43.08998","-91.55823","355.1","POSTVILLE, IA US","","","","","4",",6","3",",6","1",",6","","","2",",6","","","","","14","5,6","0","5,6","0","5,6","","","","","","","19090129","+,,6","","","19090129",",,6","19090124","+,5,6","","","","","102",",,6,29,+","25.4",",,6,29,","7.2","5,6,24,+","","","","","40.4",",,,6","217",",,,6","","","-2.85","5,,,6","",""
"USC00136766","1909-02","43.08998","-91.55823","355.1","POSTVILLE, IA US","","","","","6",",6","6",",6","0",",6","","","","","","","","","13","2,6","0","2,6","0","2,6","","","","","","","","","","","19090223",",,6","19090204",",2,6","","","","","","","6.4",",,6,23,","8.3","2,6,04,","","","","","26.7",",,,6","","","","","-0.47","2,,,6","",""
"USC00136766","1909-03","43.08998","-91.55823","355.1","POSTVILLE, IA US","","","0.0","5,6","","","","","","","","","","","1","4,6","27","4,6","6","3,6","0","3,6","0","3,6","","","19090317",",4,6","","","","","","","","","19090323",",3,6","-20.6","4,6,17,","","","","","","","8.9","3,6,23,","","","517.6","3,6","","","","","-1.49","5,6","3.05","3,,,6","-6.04","4,,,6"
"USC00136766","1909-04","43.08998","-91.55823","355.1","POSTVILLE, IA US","","","0.0","5,6","","","","","","","","","","","0","3,6","15","3,6","0","2,6","0","2,6","0","2,6","","","19090410",",3,6","","","","","","","","","19090417",",2,6","-7.2","3,6,10,","","","","","","","19.4","2,6,17,","","","362.2","2,6","","","","","4.09","5,6","8.51","2,,,6","-0.33","3,,,6"
"USC00136766","1909-05","43.08998","-91.55823","355.1","POSTVILLE, IA US","","","6.4","1,6","13",",6","6",",6","2",",6","","","1",",6","0","1,6","5","1,6","0",",6","11",",6","0",",6","","","19090503","+,1,6","","","19090501",",,6","","","19090515",",,6","19090505",",,6","-3.3","1,6,03,+","","","64",",,6,01,","39.9",",,6,15,","31.1",",6,05,","","","159.6",",6","98.9",",,,6","64",",,,6","13.21","1,6","19.18",",,,6","7.24","1,,,6"
"USC00136766","1909-06","43.08998","-91.55823","355.1","POSTVILLE, IA US","","","53.7",",6","","","","","","","","","","","0",",6","0",",6","0",",6","27",",6","0",",6","","","19090601",",,6","","","","","","","","","19090630",",,6","7.2",",6,01,","","","","","","","30.0",",6,30,","","","30.3",",6","","","","","19.11",",6","24.34",",,,6","13.89",",,,6"
"USC00136766","1909-07","43.08998","-91.55823","355.1","POSTVILLE, IA US","","","92.6",",6","6",",6","4",",6","0",",6","","","","","0",",6","0",",6","0",",6","28",",6","1",",6","","","19090705","+,,6","","","","","","","19090710",",,6","19090729",",,6","11.1",",6,05,+","","","","","10.9",",,6,10,","32.8",",6,29,","11.4","6","11.4",",6","33.1",",,,6","","","20.95",",6","26.10",",,,6","15.81",",,,6"
"USC00136766","1909-08","43.08998","-91.55823","355.1","POSTVILLE, IA US","","","117.0","5,6","","","","","","","","","","","0","2,6","0","2,6","0","3,6","27","3,6","0","3,6","","","19090830",",2,6","","","","","","","","","19090826","+,3,6","7.2","2,6,30,","","","","","","","31.7","3,6,26,+","15.6","6","4.2","3,6","","","","","22.48","5,6","27.68","3,,,6","17.28","2,,,6"
"USC00136766","1909-09","43.08998","-91.55823","355.1","POSTVILLE, IA US","","","","","","","","","","","","","0",",6","","","","","","","","","","","","","","","","","19090930","+,,6","","","","","","","","","","","0",",,6,30,+","","","","","","","","","","","0",",,,6","","","","","",""
"USC00136766","1909-10","43.08998","-91.55823","355.1","POSTVILLE, IA US","","","","","","","","","","","","","0",",6","","","","","","","","","","","","","","","","","19091023","+,,6","","","","","","","","","","","0",",T,6,23,+","","","","","","","","","","","0",",T,,6","","","","","",""
"USC00136766","1909-11","43.08998","-91.55823","355.1","POSTVILLE, IA US","","","0.0","2,6","10",",6","8",",6","1",",6","","","2",",6","0","1,6","18","1,6","2","1,6","0","1,6","0","1,6","","","19091123",",1,6","","","19091122",",,6","","","19091111",",,6","19091110",",1,6","-15.0","1,6,23,","","","152",",,6,22,","26.2",",,6,11,","19.4","1,6,10,","","","374.9","1,6","112.7",",,,6","177",",,,6","4.99","2,6","10.84","1,,,6","-0.85","1,,,6"
"USC00136766","1909-12","43.08998","-91.55823","355.1","POSTVILLE, IA US","","","0.0","1,6","11",",6","10",",6","0",",6","","","","","14","1,6","28","1,6","26",",6","0",",6","0",",6","","","19091230","+,1,6","","","","","","","19091205",",,6","19091202",",,6","-27.2","1,6,30,+","","","","","12.7",",,6,05,","10.0",",6,02,","","","860.4",",6","62.1",",,,6","","","-10.29","1,6","-5.71",",,,6","-14.87","1,,,6"
"USC00136766","1910-01","43.08998","-91.55823","355.1","POSTVILLE, IA US","","","","","9",",6","3",",6","0",",6","","","","","","","","","24","3,6","0","3,6","0","3,6","","","","","","","","","","","19100104",",,6","19100119",",3,6","","","","","","","22.9",",,6,04,","4.4","3,6,19,","","","","","47.2",",,,6","","","","","-4.70","3,,,6","",""
"USC00136766","1910-02","43.08998","-91.55823","355.1","POSTVILLE, IA US","","","0.0","2,6","5",",6","2",",6","0",",6","","","","","15",",6","28",",6","20","2,6","0","2,6","0","2,6","","","19100223",",,6","","","","","","","19100226",",,6","19100201",",2,6","-27.2",",6,23,","","","","","11.4",",,6,26,","4.4","2,6,01,","","","756.9","2,6","25.2",",,,6","","","-10.58","2,6","-4.75","2,,,6","-16.42",",,,6"
"USC00136766","1910-03","43.08998","-91.55823","355.1","POSTVILLE, IA US","","","2.3","2,6","1",",6","0",",6","0",",6","","","","","0",",6","15",",6","0","2,6","9","2,6","0","2,6","","","19100308",",,6","","","","","","","19100330",",,6","19100323",",2,6","-10.6",",6,08,","","","","","0.3",",,6,30,","28.3","2,6,23,","","","345.2","2,6","0.3",",,,6","","","6.52","2,6","13.47","2,,,6","-0.42",",,,6"
"USC00136766","1910-04","43.08998","-91.55823","355.1","POSTVILLE, IA US","","","2.7","3,6","11",",6","9",",6","1",",6","","","3",",6","0",",6","8",",6","0","3,6","9","3,6","0","3,6","","","19100423","+,,6","","","19100416",",,6","","","19100405",",,6","19100428",",3,6","-6.7",",6,23,+","","","152",",,6,16,","25.4",",,6,05,","29.4","3,6,28,","","","221.9","3,6","73.9",",,,6","207",",,,6","10.51","3,6","17.14","3,,,6","3.89",",,,6"
"USC00136766","1910-05","43.08998","-91.55823","355.1","POSTVILLE, IA US","","","0.0",",6","10",",6","6",",6","1",",6","","","0",",6","0",",6","3",",6","0",",6","10",",6","0",",6","","","19100504",",,6","","","19100531","+,,6","","","19100521",",,6","19100518",",,6","-1.7",",6,04,","","","0",",,6,31,+","53.8",",,6,21,","23.9",",6,18,","","","187.0",",6","100.0",",,,6","0",",,,6","12.30",",6","18.71",",,,6","5.89",",,,6"
"USC00136766","1910-06","43.08998","-91.55823","355.1","POSTVILLE, IA US","","","98.7",",6","5",",6","2",",6","1",",6","","","0",",6","0",",6","0",",6","0",",6","22",",6","2",",6","","","19100607","+,,6","","","19100630","+,,6","","","19100627",",,6","19100630","+,,6","4.4",",6,07,+","","","0",",,6,30,+","53.3",",,6,27,","32.2",",6,30,+","","","55.9",",6","64.9",",,,6","0",",,,6","19.76",",6","26.30",",,,6","13.22",",,,6"
"USC00136766","1910-07","43.08998","-91.55823","355.1","POSTVILLE, IA US","","","121.8","1,6","4",",6","4",",6","0",",6","","","","","0",",6","0",",6","0","1,6","30","1,6","3","1,6","","","19100718",",,6","","","","","","","19100717",",,6","19100716",",1,6","10.0",",6,18,","","","","","5.3",",,6,17,","33.3","1,6,16,","0.8","6","0.8","1,6","19.2",",,,6","","","22.38","1,6","28.73","1,,,6","16.04",",,,6"
"USC00136766","1910-08","43.08998","-91.55823","355.1","POSTVILLE, IA US","","","96.1",",6","11",",6","6",",6","1",",6","","","0",",6","0",",6","0",",6","0",",6","31",",6","1",",6","","","19100826",",,6","","","19100831","+,,6","","","19100830",",,6","19100824",",,6","7.2",",6,26,","","","0",",,6,31,+","35.6",",,6,30,","32.8",",6,24,","11.6","6","10.8",",6","77.1",",,,6","0",",,,6","21.08",",6","26.55",",,,6","15.62",",,,6"
"USC00136766","1910-09","43.08998","-91.55823","355.1","POSTVILLE, IA US","","","10.7","3,6","","","","","","","","","0",",6","0","3,6","0","3,6","0",",6","15",",6","0",",6","","","19100910",",3,6","","","19100930","+,,6","","","","","19100917","+,,6","3.9","3,6,10,","","","0",",,6,30,+","","","27.2",",6,17,+","100.3","6","88.7",",6","","","0",",,,6","15.47","3,6","20.95",",,,6","9.99","3,,,6"
"USC00136766","1910-10","43.08998","-91.55823","355.1","POSTVILLE, IA US","","","7.3","3,6","6",",6","3",",6","0",",6","","","0","1,6","0","1,6","5","1,6","0","3,6","11","3,6","0","3,6","","","19101029",",1,6","","","19101028","+,1,6","","","19101021",",,6","19101018",",3,6","-7.2","1,6,29,","","","0","1,T,6,28,+","13.0",",,6,21,","27.2","3,6,18,","261.0","6","160.7","3,6","24.5",",,,6","0","1,T,,6","12.48","3,6","19.03","3,,,6","5.94","1,,,6"
"USC00136766","1910-11","43.08998","-91.55823","355.1","POSTVILLE, IA US","","","0.0","1,6","5",",6","1",",6","0",",6","","","1",",6","0",",6","28",",6","7","1,6","0","1,6","0","1,6","","","19101130",",,6","","","19101104",",,6","","","19101104",",,6","19101107",",1,6","-12.2",",6,30,","","","25",",,6,04,","3.0",",,6,04,","12.8","1,6,07,","837.2","6","576.2","1,6","8.8",",,,6","51",",,,6","-1.47","1,6","2.80","1,,,6","-5.73",",,,6"
"USC00136766","1910-12","43.08998","-91.55823","355.1","POSTVILLE, IA US","","","0.0","1,6","7",",6","4",",6","0",",6","","","","","4","1,6","30","1,6","25",",6","0",",6","0",",6","","","19101224",",1,6","","","","","","","19101225","+,,6","19101214",",,6","-22.8","1,6,24,","","","","","5.1",",,6,25,+","6.1",",6,14,","1608.7","6","771.5",",6","17.8",",,,6","","","-7.36","1,6","-2.27",",,,6","-12.44","1,,,6"
"USC00136766","1911-01","43.08998","-91.55823","355.1","POSTVILLE, IA US","0.0","6","0.0","3,6","5",",6","3",",6","0",",6","","","3",",6","12","2,6","27","2,6","17","2,6","0","2,6","0","2,6","","","19110103",",2,6","","","19110105",",,6","","","19110105",",,6","19110129",",2,6","-31.7","2,6,03,","","","89",",,6,05,","8.9",",,6,05,","7.2","2,6,29,","2367.6","6","758.9","2,6","20.4",",,,6","204",",,,6","-8.76","3,6","-2.72","2,,,6","-14.79","2,,,6"
"USC00136766","1911-02","43.08998","-91.55823","355.1","POSTVILLE, IA US","0.0","6","0.0","2,6","6","2,6","5","2,6","1","2,6","","","3","1,6","1","2,6","24","2,6","11",",6","0",",6","0",",6","","","19110210",",2,6","","","19110206",",1,6","","","19110214",",2,6","19110224",",,6","-22.8","2,6,10,","","","152","1,,6,06,","29.2","2,,6,14,","10.6",",6,24,","2950.5","6","582.9",",6","61.0","2,,,6","241","1,,,6","-3.96","2,6","0.68",",,,6","-8.60","2,,,6"
"USC00136766","1911-03","43.08998","-91.55823","355.1","POSTVILLE, IA US","0.0","6","0.0","4,6","","","","","","","","","2",",6","0","2,6","21","2,6","1","2,6","1","2,6","0","2,6","","","19110315",",2,6","","","19110329",",,6","","","","","19110321",",2,6","-13.9","2,6,15,","","","51",",,6,29,","","","25.6","2,6,21,","3350.0","6","399.5","2,6","","","76",",,,6","3.54","4,6","10.19","2,,,6","-3.11","2,,,6"
"USC00136766","1911-04","43.08998","-91.55823","355.1","POSTVILLE, IA US","0.0","6","0.0",",6","8",",6","6",",6","0",",6","","","2",",6","0",",6","15",",6","1",",6","2",",6","0",",6","","","19110407",",,6","","","19110406",",,6","","","19110406",",,6","19110417",",,6","-12.2",",6,07,","","","203",",,6,06,","20.3",",,6,06,","22.8",",6,17,","3692.1","6","342.1",",6","58.2",",,,6","305",",,,6","6.93",",6","12.41",",,,6","1.45",",,,6"
"USC00136766","1911-05","43.08998","-91.55823","355.1","POSTVILLE, IA US","51.2","6","51.2","4,6","13",",6","11",",6","2",",6","","","1",",6","0","2,6","3","2,6","0","2,6","21","2,6","0","2,6","","","19110503","+,2,6","","","19110501",",,6","","","19110519","+,,6","19110527","+,2,6","-1.1","2,6,03,+","","","51",",,6,01,","26.2",",,6,19,+","30.6","2,6,27,+","3754.5","6","62.4","2,6","143.6",",,,6","51",",,,6","17.78","4,6","24.08","2,,,6","11.48","2,,,6"
"USC00136766","1911-06","43.08998","-91.55823","355.1","POSTVILLE, IA US","136.5","6","85.3","5,6","10",",6","9",",6","0",",6","","","0",",6","0","4,6","0","4,6","0","2,6","28","2,6","2","2,6","","","19110628",",4,6","","","19110630","+,,6","","","19110602",",,6","19110630",",2,6","7.2","4,6,28,","","","0",",,6,30,+","15.5",",,6,02,","32.8","2,6,30,","3760.0","6","5.5","2,6","70.1",",,,6","0",",,,6","21.69","5,6","27.84","2,,,6","15.53","4,,,6"
"USC00136766","1911-07","43.08998","-91.55823","355.1","POSTVILLE, IA US","269.3","6","132.8",",6","","","","","","","","","","","0",",6","0",",6","0",",6","29",",6","5",",6","","","19110717",",,6","","","","","","","","","19110704","+,,6","8.3",",6,17,","","","","","","","35.0",",6,04,+","13.1","6","13.1",",6","","","","","22.20",",6","27.88",",,,6","16.51",",,,6"
"USC00136766","1911-08","43.08998","-91.55823","355.1","POSTVILLE, IA US","","","","","14",",6","10",",6","1",",6","","","","","","","","","0","1,6","25","1,6","0","1,6","","","","","","","","","","","19110813",",,6","19110816",",1,6","","","","","","","47.0",",,6,13,","31.1","1,6,16,","","","","","156.1",",,,6","","","","","24.65","1,,,6","",""
"USC00136766","1911-09","43.08998","-91.55823","355.1","POSTVILLE, IA US","","","","","","","","","","","","","0",",6","","","","","0","2,6","18","2,6","0","2,6","","","","","","","19110930","+,,6","","","","","19110914","+,2,6","","","","","0",",,6,30,+","","","29.4","2,6,14,+","","","","","","","0",",,,6","","","21.71","2,,,6","",""
"USC00136766","1911-10","43.08998","-91.55823","355.1","POSTVILLE, IA US","","","0.0","2,6","","","","","","","","","1",",6","0","2,6","8","2,6","0",",6","1",",6","0",",6","","","19111028",",2,6","","","19111026",",,6","","","","","19111003",",,6","-5.0","2,6,28,","","","51",",,6,26,","","","23.9",",6,03,","","","275.2",",6","","","51",",,,6","8.76","2,6","13.06",",,,6","4.46","2,,,6"
"USC00136766","1911-11","43.08998","-91.55823","355.1","POSTVILLE, IA US","","","0.0","3,6","","","","","","","","","","","1","3,6","26","3,6","14","1,6","0","1,6","0","1,6","","","19111129",",3,6","","","","","","","","","19111111",",1,6","-17.8","3,6,29,","","","","","","","16.7","1,6,11,","","","566.7","1,6","","","","","-2.71","3,6","2.12","1,,,6","-7.53","3,,,6"
"USC00136766","1911-12","43.08998","-91.55823","355.1","POSTVILLE, IA US","","","0.0","5,6","","","","","","","","","3",",6","3",",6","30",",6","9","5,6","0","5,6","0","5,6","","","19111228",",,6","","","19111231",",,6","","","","","19111210",",5,6","-25.6",",6,28,","","","152",",,6,31,","","","11.1","5,6,10,","","","547.6","5,6","","","292",",,,6","-2.92","5,6","1.55","5,,,6","-7.40",",,,6"
"USC00136766","1912-01","43.08998","-91.55823","355.1","POSTVILLE, IA US","0.0","6","0.0","5,6","5",",6","3",",6","0",",6","","","2",",6","21","4,6","27","4,6","30","1,6","0","1,6","0","1,6","","","19120112",",4,6","","","19120108",",,6","","","19120108",",,6","19120123",",1,6","-37.2","4,6,12,","","","102",",,6,08,","10.2",",,6,08,","0.0","1,6,23,","","","969.7","1,6","26.0",",,,6","211",",,,6","-18.92","5,6","-14.04","1,,,6","-23.80","4,,,6"
"USC00136766","1912-02","43.08998","-91.55823","355.1","POSTVILLE, IA US","","","","","","","","","","","","","","","13","2,6","27","2,6","17","4,6","0","4,6","0","4,6","","","19120203",",2,6","","","","","","","","","19120217",",4,6","-32.2","2,6,03,","","","","","","","4.4","4,6,17,","","","","","","","","","-10.83","6,6","-4.65","4,,,6","-17.02","2,,,6"
"USC00136766","1912-03","43.08998","-91.55823","355.1","POSTVILLE, IA US","","","0.0","3,6","8",",6","5",",6","0",",6","","","","","4","3,6","27","3,6","18",",6","0",",6","0",",6","","","19120301",",3,6","","","","","","","19120331",",,6","19120328",",,6","-22.8","3,6,01,","","","","","13.5",",,6,31,","10.0",",6,28,","","","667.3",",6","37.3",",,,6","","","-5.34","3,6","0.13",",,,6","-10.81","3,,,6"
"USC00136766","1912-04","43.08998","-91.55823","355.1","POSTVILLE, IA US","","","","","","","","","","","","","0",",6","","","","","0","4,6","5","4,6","0","4,6","","","","","","","19120430","+,,6","","","","","19120405","+,4,6","","","","","0",",,6,30,+","","","21.7","4,6,05,+","","","","","","","0",",,,6","","","15.67","4,,,6","",""
"USC00136766","1912-05","43.08998","-91.55823","355.1","POSTVILLE, IA US","","","14.0","1,6","14",",6","7",",6","0",",6","","","","","0","1,6","0","1,6","0",",6","19",",6","0",",6","","","19120514",",1,6","","","","","","","19120527",",,6","19120523",",,6","0.6","1,6,14,","","","","","16.3",",,6,27,","27.8",",6,23,","","","113.6",",6","77.1",",,,6","","","15.10","1,6","21.12",",,,6","9.07","1,,,6"
"USC00136766","1912-06","43.08998","-91.55823","355.1","POSTVILLE, IA US","","","37.6","3,6","10",",6","6",",6","0",",6","","","","","0","1,6","0","1,6","0","2,6","17","2,6","0","2,6","","","19120607",",1,6","","","","","","","19120619",",,6","19120630",",2,6","5.0","1,6,07,","","","","","8.1",",,6,19,","31.1","2,6,30,","","","49.3","2,6","31.2",",,,6","","","17.65","3,6","23.43","2,,,6","11.88","1,,,6"
"USC00136766","1912-08","43.08998","-91.55823","355.1","POSTVILLE, IA US","","","46.5","2,6","","","","","","","","","","","0","1,6","0","1,6","0","1,6","23","1,6","0","1,6","","","19120804",",1,6","","","","","","","","","19120828","+,1,6","6.7","1,6,04,","","","","","","","29.4","1,6,28,+","","","36.9","1,6","","","","","18.79","2,6","23.18","1,,,6","14.40","1,,,6"
"USC00136766","1912-09","43.08998","-91.55823","355.1","POSTVILLE, IA US","","","","","","","","","","","","","","","0","2,6","2","2,6","0","5,6","11","5,6","0","5,6","","","19120926",",2,6","","","","","","","","","19120909",",5,6","-1.1","2,6,26,","","","","","","","31.1","5,6,09,","","","","","","","","","15.38","7,6","20.30","5,,,6","10.46","2,,,6"
"USC00136766","1912-10","43.08998","-91.55823","355.1","POSTVILLE, IA US","","","","","","","","","","","","","","","0","4,6","4","4,6","0","2,6","5","2,6","0","2,6","","","19121030",",4,6","","","","","","","","","19121005",",2,6","-3.9","4,6,30,","","","","","","","26.7","2,6,05,","","","","","","","","","10.46","6,6","16.44","2,,,6","4.48","4,,,6"
"USC00136766","1912-11","43.08998","-91.55823","355.1","POSTVILLE, IA US","","","0.0","3,6","3",",6","1",",6","0",",6","","","","","0","2,6","21","2,6","1","2,6","0","2,6","0","2,6","","","19121128",",2,6","","","","","","","19121112",",,6","19121104",",2,6","-11.1","2,6,28,","","","","","13.0",",,6,12,","20.6","2,6,04,","","","398.1","2,6","14.3",",,,6","","","3.59","3,6","9.70","2,,,6","-2.53","2,,,6"
"USC00136766","1912-12","43.08998","-91.55823","355.1","POSTVILLE, IA US","","","","","","","","","","","","","","","3",",6","30",",6","","","","","","","","","19121212",",,6","","","","","","","","","","","-20.0",",6,12,","","","","","","","","","","","","","","","","","","","","","-8.16",",,,6"
"USC00136766","1913-01","43.08998","-91.55823","355.1","POSTVILLE, IA US","","","","","","","","","","","","","","","11","1,6","30","1,6","","","","","","","","","19130112",",1,6","","","","","","","","","","","-27.2","1,6,12,","","","","","","","","","","","","","","","","","","","","","-13.63","1,,,6"
"USC00136766","1913-02","43.08998","-91.55823","355.1","POSTVILLE, IA US","","","0.0","2,6","2",",6","1",",6","0",",6","","","1",",6","11","1,6","25","1,6","20","1,6","0","1,6","0","1,6","","","19130201",",1,6","","","19130222",",,6","","","19130222",",,6","19130219","+,1,6","-25.0","1,6,01,","","","127",",,6,22,","12.7",",,6,22,","10.6","1,6,19,+","","","710.3","1,6","14.2",",,,6","147",",,,6","-8.87","2,6","-3.59","1,,,6","-14.15","1,,,6"
"USC00136766","1913-03","43.08998","-91.55823","355.1","POSTVILLE, IA US","","","0.0","3,6","12",",6","8",",6","1",",6","","","","","3",",6","25",",6","10","3,6","0","3,6","0","3,6","","","19130302",",,6","","","","","","","19130314",",,6","19130329",",3,6","-27.8",",6,02,","","","","","35.6",",,6,14,","14.4","3,6,29,","","","538.2","3,6","99.4",",,,6","","","-1.21","3,6","4.50","3,,,6","-6.93",",,,6"
"USC00136766","1913-04","43.08998","-91.55823","355.1","POSTVILLE, IA US","","","4.0","1,6","","","","","","","","","0",",6","0","1,6","11","1,6","0",",6","9",",6","0",",6","","","19130406","+,1,6","","","19130404",",,6","","","","","19130430",",,6","-2.8","1,6,06,+","","","20",",,6,04,","","","26.7",",6,30,","","","273.5",",6","","","39",",,,6","9.01","1,6","15.32",",,,6","2.70","1,,,6"
"USC00136766","1913-05","43.08998","-91.55823","355.1","POSTVILLE, IA US","","","18.0",",6","","","","","","","","","0",",6","0",",6","0",",6","0",",6","10",",6","0",",6","","","19130510",",,6","","","19130531","+,,6","","","","","19130528",",,6","0.6",",6,10,","","","0",",,6,31,+","","","29.4",",6,28,","","","161.7",",6","","","0",",,,6","13.70",",6","18.72",",,,6","8.67",",,,6"
"USC00136766","1913-06","43.08998","-91.55823","355.1","POSTVILLE, IA US","","","91.9","1,6","7",",6","6",",6","0",",6","","","0",",6","0","1,6","0","1,6","0",",6","26",",6","3",",6","","","19130609",",1,6","","","19130630","+,,6","","","19130620",",,6","19130629","+,,6","2.2","1,6,09,","","","0",",,6,30,+","20.3",",,6,20,","33.3",",6,29,+","","","37.3",",6","62.1",",,,6","0",",,,6","20.28","1,6","26.03",",,,6","14.53","1,,,6"
"USC00136766","1913-07","43.08998","-91.55823","355.1","POSTVILLE, IA US","","","110.5",",6","","","","","","","","","","","0",",6","0",",6","0",",6","30",",6","4",",6","","","19130725","+,,6","","","","","","","","","19130730",",,6","11.7",",6,25,+","","","","","","","33.9",",6,30,","5.8","6","5.8",",6","","","","","21.71",",6","27.15",",,,6","16.27",",,,6"
"USC00136766","1913-08","43.08998","-91.55823","355.1","POSTVILLE, IA US","","","108.7","1,6","","","","","","","","","","","0",",6","0",",6","0","1,6","29","1,6","3","1,6","","","19130830","+,,6","","","","","","","","","19130817","+,1,6","11.1",",6,30,+","","","","","","","32.2","1,6,17,+","10.8","6","5.0","1,6","","","","","21.75","1,6","26.82","1,,,6","16.69",",,,6"
"USC00136766","1913-09","43.08998","-91.55823","355.1","POSTVILLE, IA US","","","58.6","1,6","8",",6","6",",6","2",",6","","","0",",6","0",",6","1",",6","0","1,6","13","1,6","3","1,6","","","19130922",",,6","","","19130930","+,,6","","","19130930",",,6","19130901",",1,6","0.0",",6,22,","","","0",",,6,30,+","37.8",",,6,30,","35.0","1,6,01,","125.9","6","115.1","1,6","116.5",",,,6","0",",,,6","16.49","1,6","21.67","1,,,6","11.31",",,,6"
"USC00136766","1913-10","43.08998","-91.55823","355.1","POSTVILLE, IA US","","","","","11",",6","8",",6","2",",6","","","1",",6","","","","","","","","","","","","","","","","","19131029",",,6","","","19131010",",,6","","","","","","","51",",,6,29,","27.4",",,6,10,","","","","","","","107.4",",,,6","64",",,,6","","","","","",""
"USC00136766","1913-11","43.08998","-91.55823","355.1","POSTVILLE, IA US","","","0.0","4,6","","","","","","","","","1",",6","0","2,6","14","2,6","1","2,6","0","2,6","0","2,6","","","19131110",",2,6","","","19131115",",,6","","","","","19131120",",2,6","-10.6","2,6,10,","","","25",",,6,15,","","","18.9","2,6,20,","","","344.2","2,6","","","25",",,,6","5.24","4,6","9.68","2,,,6","0.79","2,,,6"
"USC00136766","1913-12","43.08998","-91.55823","355.1","POSTVILLE, IA US","","","0.0",",6","5",",6","3",",6","0",",6","","","1",",6","0",",6","24",",6","9",",6","0",",6","0",",6","","","19131221",",,6","","","19131227",",,6","","","19131206",",,6","19131213","+,,6","-12.8",",6,21,","","","25",",,6,27,","4.1",",,6,06,","10.0",",6,13,+","","","582.0",",6","11.9",",,,6","33",",,,6","-0.44",",6","3.56",",,,6","-4.45",",,,6"
"USC00136766","1914-01","43.08998","-91.55823","355.1","POSTVILLE, IA US","0.0","6","0.0",",6","10",",6","6",",6","0",",6","","","3",",6","2",",6","31",",6","13",",6","0",",6","0",",6","","","19140112",",,6","","","19140118",",,6","","","19140129",",,6","19140129",",,6","-21.1",",6,12,","","","64",",,6,18,","7.1",",,6,29,","10.0",",6,29,","","","686.6",",6","34.2",",,,6","189",",,,6","-3.81",",6","0.56",",,,6","-8.19",",,,6"
"USC00136766","1914-02","43.08998","-91.55823","355.1","POSTVILLE, IA US","0.0","6","0.0",",6","6",",6","3",",6","0",",6","","","","","13",",6","28",",6","23",",6","0",",6","0",",6","","","19140208",",,6","","","","","","","19140207",",,6","19140202",",,6","-27.2",",6,08,","","","","","7.6",",,6,07,","6.7",",6,02,","","","803.3",",6","16.5",",,,6","","","-10.36",",6","-5.04",",,,6","-15.68",",,,6"
"USC00136766","1914-03","43.08998","-91.55823","355.1","POSTVILLE, IA US","0.0","6","0.0",",6","9",",6","8",",6","0",",6","","","","","1",",6","23",",6","6",",6","0",",6","0",",6","","","19140301",",,6","","","","","","","19140331",",,6","19140315",",,6","-18.9",",6,01,","","","","","11.9",",,6,31,","18.9",",6,15,","","","572.2",",6","48.0",",,,6","","","-0.12",",6","4.30",",,,6","-4.55",",,,6"
"USC00136766","1914-04","43.08998","-91.55823","355.1","POSTVILLE, IA US","3.1","6","3.1","1,6","10",",6","6",",6","0",",6","","","1",",6","0","1,6","12","1,6","0",",6","9",",6","0",",6","","","19140408",",1,6","","","19140410",",,6","","","19140427",",,6","19140426",",,6","-9.4","1,6,08,","","","64",",,6,10,","18.5",",,6,27,","25.6",",6,26,","","","282.3",",6","65.4",",,,6","64",",,,6","8.51","1,6","14.09",",,,6","2.93","1,,,6"
"USC00136766","1914-05","43.08998","-91.55823","355.1","POSTVILLE, IA US","29.8","6","26.7","2,6","14",",6","8",",6","1",",6","","","0",",6","0","2,6","0","2,6","0",",6","16",",6","0",",6","","","19140512",",2,6","","","19140531","+,,6","","","19140524",",,6","19140528",",,6","1.7","2,6,12,","","","0",",,6,31,+","29.7",",,6,24,","28.3",",6,28,","","","102.2",",6","109.0",",,,6","0",",,,6","15.61","2,6","20.94",",,,6","10.28","2,,,6"
"USC00136766","1914-06","43.08998","-91.55823","355.1","POSTVILLE, IA US","96.7","6","66.9","3,6","18",",6","14",",6","1",",6","","","","","0","1,6","0","1,6","0","2,6","21","2,6","0","2,6","","","19140620","+,1,6","","","","","","","19140613",",,6","19140621",",2,6","6.7","1,6,20,+","","","","","57.7",",,6,13,","30.0","2,6,21,","","","26.4","2,6","214.8",",,,6","","","19.76","3,6","24.54","2,,,6","14.98","1,,,6"
"USC00136766","1914-07","43.08998","-91.55823","355.1","POSTVILLE, IA US","227.4","6","130.7","1,6","","","","","","","","","","","0",",6","0",",6","0","1,6","30","1,6","2","1,6","","","19140718",",,6","","","","","","","","","19140711",",1,6","5.0",",6,18,","","","","","","","32.8","1,6,11,","5.0","6","5.0","1,6","","","","","22.54","1,6","27.80","1,,,6","17.27",",,,6"
"USC00136766","1914-08","43.08998","-91.55823","355.1","POSTVILLE, IA US","317.9","6","90.5",",6","10",",6","5",",6","0",",6","","","","","0",",6","0",",6","0",",6","27",",6","1",",6","","","19140814",",,6","","","","","","","19140819",",,6","19140808",",,6","5.0",",6,14,","","","","","19.1",",,6,19,","32.2",",6,08,","30.6","6","25.6",",6","73.0",",,,6","","","20.43",",6","25.95",",,,6","14.90",",,,6"
"USC00136766","1914-09","43.08998","-91.55823","355.1","POSTVILLE, IA US","343.4","6","25.5","2,6","10",",6","6",",6","3",",6","","","0",",6","0",",6","0",",6","0","2,6","15","2,6","0","2,6","","","19140909",",,6","","","19140930","+,,6","","","19140914",",,6","19140905",",2,6","4.4",",6,09,","","","0",",,6,30,+","46.5",",,6,14,","27.8","2,6,05,","109.8","6","79.2","2,6","137.6",",,,6","0",",,,6","16.38","2,6","21.80","2,,,6","10.95",",,,6"
"USC00136766","1914-10","43.08998","-91.55823","355.1","POSTVILLE, IA US","344.0","6","0.6",",6","8",",6","7",",6","1",",6","","","0",",6","0",",6","3",",6","0",",6","11",",6","0",",6","","","19141027",",,6","","","19141031","+,,6","","","19141006",",,6","19141023","+,,6","-6.1",",6,27,","","","0",",,6,31,+","56.1",",,6,06,","23.9",",6,23,+","279.0","6","169.2",",6","120.8",",,,6","0",",,,6","12.90",",6","18.12",",,,6","7.67",",,,6"
"USC00136766","1914-11","43.08998","-91.55823","355.1","POSTVILLE, IA US","344.0","6","0.0","2,6","5",",6","2",",6","0",",6","","","0",",6","1",",6","20",",6","3","2,6","0","2,6","0","2,6","","","19141119",",,6","","","19141118",",,6","","","19141103",",,6","19141103",",2,6","-17.8",",6,19,","","","3",",,6,18,","4.1",",,6,03,","20.0","2,6,03,","698.4","6","419.4","2,6","10.0",",,,6","3",",,,6","3.25","2,6","8.90","2,,,6","-2.40",",,,6"
"USC00136766","1914-12","43.08998","-91.55823","355.1","POSTVILLE, IA US","344.0","6","0.0",",6","15",",6","5",",6","0",",6","","","","","15",",6","31",",6","24",",6","0",",6","0",",6","","","19141226",",,6","","","","","","","19141229",",,6","19141201",",,6","-30.6",",6,26,","","","","","8.1",",,6,29,","8.3",",6,01,","1579.5","6","881.1",",6","33.2",",,,6","","","-10.09",",6","-5.68",",,,6","-14.50",",,,6"
"USC00136766","1915-01","43.08998","-91.55823","355.1","POSTVILLE, IA US","0.0","6","0.0","3,6","11","1,6","8","1,6","0","1,6","","","","","11","2,6","29","2,6","22","1,6","0","1,6","0","1,6","","","19150128",",2,6","","","","","","","19150116",",1,6","19150116","+,1,6","-33.3","2,6,28,","","","","","18.3","1,,6,16,","3.3","1,6,16,+","2363.9","6","784.4","1,6","61.0","1,,,6","","","-9.78","3,6","-4.89","1,,,6","-14.68","2,,,6"
"USC00136766","1915-02","43.08998","-91.55823","355.1","POSTVILLE, IA US","0.0","6","0.0","5,6","","","","","","","","","","","1","4,6","22","4,6","13","1,6","0","1,6","0","1,6","","","19150208",",4,6","","","","","","","","","19150213",",1,6","-18.3","4,6,08,","","","","","","","5.0","1,6,13,","2871.0","6","507.1","1,6","","","","","-3.65","5,6","0.05","1,,,6","-7.35","4,,,6"
"USC00136766","1915-03","43.08998","-91.55823","355.1","POSTVILLE, IA US","0.0","6","0.0","1,6","7","1,6","2","1,6","0","1,6","","","2","1,6","0","1,6","29","1,6","8",",6","0",",6","0",",6","","","19150303",",1,6","","","19150305",",1,6","","","19150305",",1,6","19150324",",,6","-13.3","1,6,03,","","","84","1,,6,05,","8.1","1,,6,05,","9.4",",6,24,","3485.3","6","614.3",",6","13.2","1,,,6","115","1,,,6","-2.11","1,6","2.06",",,,6","-6.29","1,,,6"
"USC00136766","1915-04","43.08998","-91.55823","355.1","POSTVILLE, IA US","7.3","6","7.3","1,6","7",",6","3",",6","0",",6","","","0",",6","0","1,6","4","1,6","0",",6","14",",6","0",",6","","","19150403",",1,6","","","19150430","+,,6","","","19150427",",,6","19150428",",,6","-4.4","1,6,03,","","","0",",,6,30,+","14.0",",,6,27,","29.4",",6,28,","3649.2","6","163.9",",6","27.5",",,,6","0",",,,6","12.90","1,6","19.07",",,,6","6.73","1,,,6"
"USC00136766","1915-05","43.08998","-91.55823","355.1","POSTVILLE, IA US","12.3","6","5.0","2,6","20",",6","14",",6","0",",6","","","","","0","1,6","2","1,6","0","1,6","5","1,6","0","1,6","","","19150517","+,1,6","","","","","","","19150502",",,6","19150512","+,1,6","0.0","1,6,17,+","","","","","24.1",",,6,02,","26.7","1,6,12,+","3851.3","6","202.1","1,6","179.4",",,,6","","","11.57","2,6","16.37","1,,,6","6.76","1,,,6"
"USC00136766","1915-06","43.08998","-91.55823","355.1","POSTVILLE, IA US","30.7","6","18.4",",6","10",",6","6",",6","0",",6","","","0",",6","0",",6","0",",6","0",",6","19",",6","0",",6","","","19150609",",,6","","","19150630","+,,6","","","19150618",",,6","19150628",",,6","2.2",",6,09,","","","0",",,6,30,+","21.8",",,6,18,","27.8",",6,28,","3931.3","6","80.0",",6","64.7",",,,6","0",",,,6","16.28",",6","21.61",",,,6","10.95",",,,6"
"USC00136766","1915-07","43.08998","-91.55823","355.1","POSTVILLE, IA US","79.7","6","49.0","1,6","13",",6","11",",6","0",",6","","","0",",6","0",",6","0",",6","0","1,6","25","1,6","0","1,6","","","19150705",",,6","","","19150731","+,,6","","","19150727",",,6","19150731","+,1,6","8.3",",6,05,","","","0",",,6,31,+","23.4",",,6,27,","28.9","1,6,31,+","21.4","6","21.4","1,6","131.4",",,,6","0",",,,6","19.20","1,6","23.87","1,,,6","14.52",",,,6"
"USC00136766","1915-08","43.08998","-91.55823","355.1","POSTVILLE, IA US","110.0","6","30.3","1,6","","","","","","","","","0",",6","0",",6","0",",6","0","1,6","20","1,6","0","1,6","","","19150830",",,6","","","19150831","+,,6","","","","","19150807","+,1,6","2.8",",6,30,","","","0",",,6,31,+","","","27.8","1,6,07,+","82.9","6","61.5","1,6","","","0",",,,6","17.26","1,6","22.76","1,,,6","11.77",",,,6"
"USC00136766","1915-09","43.08998","-91.55823","355.1","POSTVILLE, IA US","129.0","6","19.0",",6","15",",6","10",",6","2",",6","","","0",",6","0",",6","0",",6","0",",6","15",",6","0",",6","","","19150921",",,6","","","19150930","+,,6","","","19150912",",,6","19150913",",,6","2.2",",6,21,","","","0",",,6,30,+","33.0",",,6,12,","27.8",",6,13,","169.9","6","87.0",",6","157.0",",,,6","0",",,,6","16.07",",6","20.99",",,,6","11.14",",,,6"
"USC00136766","1915-10","43.08998","-91.55823","355.1","POSTVILLE, IA US","129.0","6","0.0","3,6","","","","","","","","","0",",6","0","2,6","2","2,6","0","2,6","4","2,6","0","2,6","","","19151009",",2,6","","","19151031","+,,6","","","","","19151024",",2,6","-5.0","2,6,09,","","","0",",,6,31,+","","","22.8","2,6,24,","364.5","6","194.6","2,6","","","0",",,,6","11.27","3,6","17.01","2,,,6","5.52","2,,,6"
"USC00136766","1915-11","43.08998","-91.55823","355.1","POSTVILLE, IA US","129.0","6","0.0","4,6","","","","","","","","","2",",6","0","2,6","20","2,6","2","3,6","2","3,6","0","3,6","","","19151122",",2,6","","","19151122",",,6","","","","","19151107",",3,6","-11.1","2,6,22,","","","51",",,6,22,","","","23.3","3,6,07,","754.3","6","389.8","3,6","","","76",",,,6","3.36","4,6","8.61","3,,,6","-1.90","2,,,6"
"USC00136766","1915-12","43.08998","-91.55823","355.1","POSTVILLE, IA US","129.0","6","0.0","4,6","6",",6","3",",6","0",",6","","","3","1,6","6","2,6","29","2,6","17","3,6","0","3,6","0","3,6","","","19151228",",2,6","","","19151211",",1,6","","","19151211",",,6","19151207",",3,6","-21.1","2,6,28,","","","76","1,,6,11,","7.6",",,6,11,","8.3","3,6,07,","1397.1","6","642.8","3,6","18.1",",,,6","152","1,,,6","-5.59","4,6","-0.92","3,,,6","-10.27","2,,,6"
"USC00136766","1916-01","43.08998","-91.55823","355.1","POSTVILLE, IA US","","","","","","","","","","","","","","","","","","","16",",6","0",",6","0",",6","","","","","","","","","","","","","19160124",",,6","","","","","","","","","7.8",",6,24,","","","","","","","","","","","-2.77",",,,6","",""
"USC00136766","1916-02","43.08998","-91.55823","355.1","POSTVILLE, IA US","","","0.0",",6","8","2,6","2","2,6","0","2,6","","","","","12",",6","29",",6","19",",6","0",",6","0",",6","","","19160207",",,6","","","","","","","19160205",",2,6","19160217",",,6","-28.3",",6,07,","","","","","10.2","2,,6,05,","7.2",",6,17,","","","784.6",",6","21.0","2,,,6","","","-8.72",",6","-4.04",",,,6","-13.40",",,,6"
"USC00136766","1916-03","43.08998","-91.55823","355.1","POSTVILLE, IA US","","","0.0","2,6","9","1,6","2","1,6","0","1,6","","","","","1",",6","27",",6","8","2,6","0","2,6","0","2,6","","","19160303",",,6","","","","","","","19160320",",1,6","19160324",",2,6","-17.8",",6,03,","","","","","19.1","1,,6,20,","16.1","2,6,24,","","","541.8","2,6","31.7","1,,,6","","","-0.46","2,6","5.45","2,,,6","-6.36",",,,6"
"USC00136766","1916-04","43.08998","-91.55823","355.1","POSTVILLE, IA US","","","0.0",",6","11",",6","7",",6","0",",6","","","0",",6","0",",6","9",",6","0",",6","2",",6","0",",6","","","19160406",",,6","","","19160407",",,6","","","19160430",",,6","19160412",",,6","-8.9",",6,06,","","","0",",T,6,07,","14.0",",,6,30,","27.2",",6,12,","","","324.9",",6","69.3",",,,6","0",",T,,6","7.50",",6","13.22",",,,6","1.78",",,,6"
"USC00136766","1916-05","43.08998","-91.55823","355.1","POSTVILLE, IA US","","","13.6","1,6","16",",6","7",",6","1",",6","","","0",",6","0","1,6","1","1,6","0",",6","16",",6","0",",6","","","19160502",",1,6","","","19160516",",,6","","","19160514",",,6","19160527",",,6","-1.1","1,6,02,","","","0",",T,6,16,","35.1",",,6,14,","29.4",",6,27,","","","142.3",",6","95.6",",,,6","0",",T,,6","14.05","1,6","20.23",",,,6","7.87","1,,,6"
"USC00136766","1916-06","43.08998","-91.55823","355.1","POSTVILLE, IA US","","","11.4",",6","14",",6","11",",6","3",",6","","","0",",6","0",",6","0",",6","0",",6","14",",6","0",",6","","","19160612",",,6","","","19160630","+,,6","","","19160602",",,6","19160629",",,6","6.7",",6,12,","","","0",",,6,30,+","58.9",",,6,02,","27.8",",6,29,","","","80.2",",6","202.2",",,,6","0",",,,6","16.04",",6","21.28",",,,6","10.80",",,,6"
"USC00136766","1916-07","43.08998","-91.55823","355.1","POSTVILLE, IA US","","","176.1",",6","6",",6","4",",6","1",",6","","","0",",6","0",",6","0",",6","0",",6","31",",6","6",",6","","","19160710",",,6","","","19160731","+,,6","","","19160712",",,6","19160726",",,6","11.1",",6,10,","","","0",",,6,31,+","27.4",",,6,12,","34.4",",6,26,","0.0","6","0.0",",6","54.6",",,,6","0",",,,6","24.01",",6","29.59",",,,6","18.44",",,,6"
"USC00136766","1916-08","43.08998","-91.55823","355.1","POSTVILLE, IA US","","","102.1","1,6","7",",6","5",",6","0",",6","","","0",",6","0","1,6","0","1,6","0",",6","29",",6","6",",6","","","19160822",",1,6","","","19160831","+,,6","","","19160803",",,6","19160821","+,,6","3.3","1,6,22,","","","0",",,6,31,+","23.9",",,6,03,","33.3",",6,21,+","21.7","6","21.7",",6","51.9",",,,6","0",",,,6","21.11","1,6","27.18",",,,6","15.03","1,,,6"
"USC00136766","1916-09","43.08998","-91.55823","355.1","POSTVILLE, IA US","","","26.9","1,6","9","1,6","4","1,6","2","1,6","","","0",",6","0","1,6","3","1,6","0",",6","17",",6","0",",6","","","19160929",",1,6","","","19160930","+,,6","","","19160927",",1,6","19160906",",,6","-1.1","1,6,29,","","","0",",,6,30,+","49.0","1,,6,27,","30.0",",6,06,","157.3","6","135.6",",6","114.3","1,,,6","0",",,,6","14.63","1,6","20.52",",,,6","8.73","1,,,6"
"USC00136766","1916-10","43.08998","-91.55823","355.1","POSTVILLE, IA US","","","3.0","1,6","","","","","","","","","0",",6","0",",6","10",",6","0","1,6","7","1,6","0","1,6","","","19161021",",,6","","","19161025","+,,6","","","","","19161007",",1,6","-5.0",",6,21,","","","0",",T,6,25,+","","","27.2","1,6,07,","441.1","6","283.8","1,6","","","0",",T,,6","8.94","1,6","14.80","1,,,6","3.08",",,,6"
"USC00136766","1916-11","43.08998","-91.55823","355.1","POSTVILLE, IA US","","","0.0","2,6","8",",6","4",",6","0",",6","","","1",",6","1",",6","23",",6","6","2,6","1","2,6","0","2,6","","","19161114",",,6","","","19161111",",,6","","","19161108",",,6","19161106",",2,6","-20.6",",6,14,","","","25",",,6,11,","14.5",",,6,08,","22.2","2,6,06,","931.0","6","489.9","2,6","33.4",",,,6","56",",,,6","0.99","2,6","6.02","2,,,6","-4.04",",,,6"
"USC00136766","1916-12","43.08998","-91.55823","355.1","POSTVILLE, IA US","","","","","","","","","","","","","","","15","4,6","27","4,6","19","4,6","0","4,6","0","4,6","","","19161221",",4,6","","","","","","","","","19161207",",4,6","-30.6","4,6,21,","","","","","","","13.9","4,6,07,","","","","","","","","","-9.81","6,6","-4.11","4,,,6","-15.52","4,,,6"
"USC00136766","1917-01","43.08998","-91.55823","355.1","POSTVILLE, IA US","0.0","6","0.0",",6","6",",6","5",",6","0",",6","","","5",",6","13",",6","31",",6","21",",6","0",",6","0",",6","","","19170126",",,6","","","19170121",",,6","","","19170121",",,6","19170128",",,6","-30.0",",6,26,","","","114",",,6,21,","11.4",",,6,21,","5.6",",6,28,","","","904.8",",6","29.5",",,,6","308",",,,6","-10.85",",6","-4.50",",,,6","-17.21",",,,6"
"USC00136766","1917-02","43.08998","-91.55823","355.1","POSTVILLE, IA US","0.0","6","0.0","3,6","5",",6","2",",6","0",",6","","","","","14","2,6","26","2,6","21","1,6","0","1,6","0","1,6","","","19170202",",2,6","","","","","","","19170219",",,6","19170217",",1,6","-32.8","2,6,02,","","","","","7.6",",,6,19,","5.6","1,6,17,","","","767.3","1,6","12.2",",,,6","","","-12.28","3,6","-5.21","1,,,6","-19.34","2,,,6"
"USC00136766","1917-03","43.08998","-91.55823","355.1","POSTVILLE, IA US","0.0","6","0.0","3,6","7","1,6","5","1,6","0","1,6","","","4",",6","3","3,6","27","3,6","9",",6","0",",6","0",",6","","","19170301",",3,6","","","19170312",",,6","","","19170314","+,1,6","19170330",",,6","-19.4","3,6,01,","","","76",",,6,12,","12.7","1,,6,14,+","17.2",",6,30,","","","538.2",",6","41.7","1,,,6","234",",,,6","-0.84","3,6","4.40",",,,6","-6.09","3,,,6"
"USC00136766","1917-04","43.08998","-91.55823","355.1","POSTVILLE, IA US","2.2","6","2.2",",6","14",",6","9",",6","0",",6","","","1",",6","0",",6","13",",6","0",",6","3",",6","0",",6","","","19170413",",,6","","","19170407",",,6","","","19170429",",,6","19170418",",,6","-6.7",",6,13,","","","38",",,6,07,","18.0",",,6,29,","27.2",",6,18,","","","354.3",",6","73.3",",,,6","38",",,,6","6.60",",6","12.03",",,,6","1.17",",,,6"
"USC00136766","1917-05","43.08998","-91.55823","355.1","POSTVILLE, IA US","11.4","6","9.2",",6","11",",6","8",",6","1",",6","","","0",",6","0",",6","5",",6","0",",6","7",",6","0",",6","","","19170502",",,6","","","19170522","+,,6","","","19170519",",,6","19170518",",,6","-1.1",",6,02,","","","0",",T,6,22,+","29.2",",,6,19,","30.0",",6,18,","","","216.3",",6","78.3",",,,6","0",",T,,6","11.65",",6","18.00",",,,6","5.30",",,,6"
"USC00136766","1917-06","43.08998","-91.55823","355.1","POSTVILLE, IA US","31.8","6","20.4",",6","16",",6","11",",6","2",",6","","","0",",6","0",",6","0",",6","0",",6","21",",6","0",",6","","","19170615",",,6","","","19170630","+,,6","","","19170623",",,6","19170630",",,6","4.4",",6,15,","","","0",",,6,30,+","44.5",",,6,23,","28.9",",6,30,","","","72.0",",6","145.1",",,,6","0",",,,6","16.61",",6","21.89",",,,6","11.33",",,,6"
"USC00136766","1917-07","43.08998","-91.55823","355.1","POSTVILLE, IA US","","","","","","","","","","","","","0",",6","0","5,6","0","5,6","","","","","","","","","19170704","+,5,6","","","19170731","+,,6","","","","","","","8.3","5,6,04,+","","","0",",,6,31,+","","","","","","","","","","","0",",,,6","","","","","16.93","5,,,6"
"USC00136766","1917-08","43.08998","-91.55823","355.1","POSTVILLE, IA US","","","32.8","3,6","7",",6","5",",6","1",",6","","","0",",6","0","2,6","0","2,6","0","1,6","25","1,6","0","1,6","","","19170830",",2,6","","","19170831","+,,6","","","19170812",",,6","19170820","+,1,6","5.6","2,6,30,","","","0",",,6,31,+","38.1",",,6,12,","30.0","1,6,20,+","","","28.0","1,6","81.2",",,,6","0",",,,6","18.52","3,6","24.35","1,,,6","12.69","2,,,6"
"USC00136766","1917-09","43.08998","-91.55823","355.1","POSTVILLE, IA US","","","7.3","2,6","","","","","","","","","0",",6","0","1,6","0","1,6","0","1,6","14","1,6","0","1,6","","","19170920","+,1,6","","","19170930","+,,6","","","","","19170915","+,1,6","1.1","1,6,20,+","","","0",",,6,30,+","","","27.2","1,6,15,+","","","122.8","1,6","","","0",",,,6","14.18","2,6","19.85","1,,,6","8.52","1,,,6"
"USC00136766","1917-10","43.08998","-91.55823","355.1","POSTVILLE, IA US","","","","","","","","","","","","","3",",6","0","4,6","20","4,6","2","2,6","0","2,6","0","2,6","","","19171030","+,4,6","","","19171029",",,6","","","","","19171013",",2,6","-8.9","4,6,30,+","","","76",",,6,29,","","","18.9","2,6,13,","","","","","","","152",",,,6","3.21","6,6","8.22","2,,,6","-1.81","4,,,6"
"USC00136766","1917-11","43.08998","-91.55823","355.1","POSTVILLE, IA US","","","","","4",",6","1",",6","0",",6","","","1",",6","0","5,6","15","5,6","6","2,6","0","2,6","0","2,6","","","19171124",",5,6","","","19171126",",,6","","","19171126",",,6","19171117",",2,6","-10.6","5,6,24,","","","25",",,6,26,","2.5",",,6,26,","18.3","2,6,17,","","","","","6.3",",,,6","30",",,,6","3.27","7,6","8.28","2,,,6","-1.74","5,,,6"
"USC00136766","1917-12","43.08998","-91.55823","355.1","POSTVILLE, IA US","","","0.0","3,6","","","","","","","","","","","12","3,6","27","3,6","21",",6","0",",6","0",",6","","","19171229","+,3,6","","","","","","","","","19171220",",,6","-28.3","3,6,29,+","","","","","","","5.0",",6,20,","","","840.6",",6","","","","","-11.49","3,6","-6.64",",,,6","-16.34","3,,,6"
"USC00136766","1918-01","43.08998","-91.55823","355.1","POSTVILLE, IA US","","","","","","","","","","","","","7",",6","21","2,6","29","2,6","27","4,6","0","4,6","0","4,6","","","19180131",",2,6","","","19180124",",,6","","","","","19180104","+,4,6","-32.8","2,6,31,","","","61",",,6,24,","","","-2.8","4,6,04,+","","","","","","","318",",,,6","-15.07","6,6","-9.83","4,,,6","-20.31","2,,,6"
"USC00136766","1918-02","43.08998","-91.55823","355.1","POSTVILLE, IA US","","","0.0","4,6","7","1,6","4","1,6","0","1,6","","","2",",6","8","2,6","24","2,6","14","2,6","0","2,6","0","2,6","","","19180201",",2,6","","","19180228","+,,6","","","19180225",",1,6","19180224",",2,6","-33.9","2,6,01,","","","25",",,6,28,+","3.0","1,,6,25,","11.1","2,6,24,","","","617.5","2,6","15.1","1,,,6","107",",,,6","-7.13","4,6","-1.73","2,,,6","-12.52","2,,,6"
"USC00136766","1918-03","43.08998","-91.55823","355.1","POSTVILLE, IA US","","","0.0","1,6","5",",6","3",",6","0",",6","","","2",",6","0","1,6","22","1,6","2",",6","2",",6","0",",6","","","19180309",",1,6","","","19180314",",,6","","","19180314",",,6","19180320",",,6","-10.6","1,6,09,","","","89",",,6,14,","10.2",",,6,14,","22.2",",6,20,","","","429.8",",6","25.0",",,,6","140",",,,6","3.80","1,6","10.04",",,,6","-2.44","1,,,6"
"USC00136766","1918-04","43.08998","-91.55823","355.1","POSTVILLE, IA US","","","0.0","5,6","8",",6","7",",6","0",",6","","","2",",6","0","2,6","18","2,6","0","3,6","0","3,6","0","3,6","","","19180409","+,2,6","","","19180421",",,6","","","19180406",",,6","19180401",",3,6","-5.6","2,6,09,+","","","102",",,6,21,","19.1",",,6,06,","20.0","3,6,01,","","","318.8","3,6","82.7",",,,6","153",",,,6","5.65","5,6","12.14","3,,,6","-0.83","2,,,6"
"USC00136766","1918-05","43.08998","-91.55823","355.1","POSTVILLE, IA US","","","30.2","2,6","","","","","","","","","0",",6","0","1,6","5","1,6","0","1,6","18","1,6","1","1,6","","","19180508","+,1,6","","","19180531","+,,6","","","","","19180504",",1,6","-1.1","1,6,08,+","","","0",",,6,31,+","","","32.2","1,6,04,","","","90.0","1,6","","","0",",,,6","15.98","2,6","22.50","1,,,6","9.46","1,,,6"
"USC00136766","1918-06","43.08998","-91.55823","355.1","POSTVILLE, IA US","","","35.5","1,6","15",",6","10",",6","1",",6","","","0",",6","0",",6","0",",6","0","1,6","22","1,6","1","1,6","","","19180622",",,6","","","19180630","+,,6","","","19180630",",,6","19180616",",1,6","6.7",",6,22,","","","0",",,6,30,+","31.0",",,6,30,","32.2","1,6,16,","","","28.8","1,6","120.9",",,,6","0",",,,6","18.49","1,6","23.37","1,,,6","13.61",",,,6"
"USC00136766","1918-07","43.08998","-91.55823","355.1","POSTVILLE, IA US","","","72.1","2,6","11",",6","8",",6","3",",6","","","0",",6","0",",6","0",",6","0","2,6","27","2,6","0","2,6","","","19180701",",,6","","","19180731","+,,6","","","19180726",",,6","19180728",",2,6","8.3",",6,01,","","","0",",,6,31,+","78.7",",,6,26,","31.7","2,6,28,","14.4","6","14.4","2,6","204.5",",,,6","0",",,,6","20.44","2,6","25.61","2,,,6","15.26",",,,6"
"USC00136766","1918-08","43.08998","-91.55823","355.1","POSTVILLE, IA US","","","93.6","1,6","10",",6","5",",6","1",",6","","","0",",6","0","1,6","0","1,6","0",",6","30",",6","3",",6","","","19180831","+,1,6","","","19180831","+,,6","","","19180816",",,6","19180812","+,,6","7.8","1,6,31,+","","","0",",,6,31,+","57.2",",,6,16,","33.3",",6,12,+","25.6","6","11.2",",6","91.1",",,,6","0",",,,6","21.02","1,6","26.41",",,,6","15.63","1,,,6"
"USC00136766","1918-09","43.08998","-91.55823","355.1","POSTVILLE, IA US","","","2.0","3,6","","","","","","","","","0",",6","0","3,6","1","3,6","0",",6","8",",6","0",",6","","","19180921",",3,6","","","19180930","+,,6","","","","","19180901",",,6","-6.7","3,6,21,","","","0",",,6,30,+","","","25.6",",6,01,","198.3","6","172.7",",6","","","0",",,,6","12.04","3,6","17.74",",,,6","6.34","3,,,6"
"USC00136766","1918-10","43.08998","-91.55823","355.1","POSTVILLE, IA US","","","1.9","2,6","","","","","","","","","0",",6","0","2,6","4","2,6","0",",6","8",",6","0",",6","","","19181025",",2,6","","","19181031",",,6","","","","","19181012",",,6","-5.0","2,6,25,","","","0",",T,6,31,","","","27.2",",6,12,","411.5","6","213.2",",6","","","0",",T,,6","11.20","2,6","16.98",",,,6","5.42","2,,,6"
"USC00136766","1918-11","43.08998","-91.55823","355.1","POSTVILLE, IA US","","","0.0","1,6","","","","","","","","","1",",6","0","1,6","19","1,6","4",",6","0",",6","0",",6","","","19181130",",1,6","","","19181128",",,6","","","","","19181106",",,6","-13.9","1,6,30,","","","203",",,6,28,","","","20.0",",6,06,","844.8","6","433.3",",6","","","203",",,,6","3.45","1,6","8.53",",,,6","-1.63","1,,,6"
"USC00136766","1918-12","43.08998","-91.55823","355.1","POSTVILLE, IA US","","","0.0","1,6","","","","","","","","","1",",6","0",",6","28",",6","11","1,6","0","1,6","0","1,6","","","19181226",",,6","","","19181224",",,6","","","","","19181219",",1,6","-15.0",",6,26,","","","46",",,6,24,","","","10.6","1,6,19,","1447.5","6","602.7","1,6","","","80",",,,6","-1.71","1,6","2.15","1,,,6","-5.57",",,,6"
"USC00136766","1919-01","43.08998","-91.55823","355.1","POSTVILLE, IA US","0.0","6","0.0","1,6","4","1,6","1","1,6","0","1,6","","","1",",6","6","1,6","30","1,6","10",",6","0",",6","0",",6","","","19190104",",1,6","","","19190101",",,6","","","19190101",",1,6","19190127",",,6","-30.6","1,6,04,","","","152",",,6,01,","15.2","1,,6,01,","10.0",",6,27,","2127.5","6","680.0",",6","16.8","1,,,6","165",",,,6","-4.62","1,6","-0.09",",,,6","-9.15","1,,,6"
"USC00136766","1919-02","43.08998","-91.55823","355.1","POSTVILLE, IA US","0.0","6","0.0","2,6","","","","","","","","","","","6","2,6","25","2,6","13",",6","0",",6","0",",6","","","19190225",",2,6","","","","","","","","","19190211",",,6","-21.1","2,6,25,","","","","","","","11.1",",6,11,","2753.7","6","626.2",",6","","","","","-5.58","2,6","-0.61",",,,6","-10.55","2,,,6"
"USC00136766","1919-03","43.08998","-91.55823","355.1","POSTVILLE, IA US","0.0","6","0.0","4,6","","","","","","","","","0",",6","3","2,6","22","2,6","4","2,6","0","2,6","0","2,6","","","19190301",",2,6","","","19190317","+,,6","","","","","19190329",",2,6","-22.8","2,6,01,","","","0",",T,6,17,+","","","17.8","2,6,29,","3219.8","6","466.1","2,6","","","0",",T,,6","1.07","4,6","7.25","2,,,6","-5.10","2,,,6"
"USC00136766","1919-04","43.08998","-91.55823","355.1","POSTVILLE, IA US","0.0","6","0.0","1,6","","","","","","","","","1",",6","0",",6","11",",6","0","1,6","1","1,6","0","1,6","","","19190425","+,,6","","","19190416",",,6","","","","","19190422",",1,6","-4.4",",6,25,+","","","30",",,6,16,","","","21.7","1,6,22,","3522.8","6","303.0","1,6","","","30",",,,6","7.85","1,6","13.51","1,,,6","2.19",",,,6"
"USC00136766","1919-05","43.08998","-91.55823","355.1","POSTVILLE, IA US","","","","","","","","","","","","","0",",6","","","","","0","5,6","9","5,6","0","5,6","","","","","","","19190531","+,,6","","","","","19190530",",5,6","","","","","0",",,6,31,+","","","28.3","5,6,30,","","","","","","","0",",,,6","","","18.76","5,,,6","",""
"USC00136766","1919-06","43.08998","-91.55823","355.1","POSTVILLE, IA US","","","80.4","3,6","","","","","","","","","0",",6","0","2,6","0","2,6","0","1,6","25","1,6","0","1,6","","","19190607",",2,6","","","19190630","+,,6","","","","","19190615",",1,6","8.3","2,6,07,","","","0",",,6,30,+","","","31.7","1,6,15,","","","18.6","1,6","","","0",",,,6","20.53","3,6","25.60","1,,,6","15.46","2,,,6"
"USC00136766","1919-07","43.08998","-91.55823","355.1","POSTVILLE, IA US","","","","","","","","","","","","","0",",6","","","","","0","5,6","26","5,6","2","5,6","","","","","","","19190731","+,,6","","","","","19190726",",5,6","","","","","0",",,6,31,+","","","33.3","5,6,26,","","","","","","","0",",,,6","","","27.72","5,,,6","",""
"USC00136766","1919-08","43.08998","-91.55823","355.1","POSTVILLE, IA US","","","62.7",",6","","","","","","","","","","","0",",6","0",",6","0",",6","31",",6","0",",6","","","19190831",",,6","","","","","","","","","19190804",",,6","7.8",",6,31,","","","","","","","31.1",",6,04,","","","14.8",",6","","","","","19.88",",6","25.41",",,,6","14.35",",,,6"
"USC00136766","1919-09","43.08998","-91.55823","355.1","POSTVILLE, IA US","","","40.5","1,6","","","","","","","","","0",",6","0","1,6","1","1,6","0","1,6","18","1,6","0","1,6","","","19190902",",1,6","","","19190930","+,,6","","","","","19190920",",1,6","0.0","1,6,02,","","","0",",,6,30,+","","","31.7","1,6,20,","","","63.6","1,6","","","0",",,,6","17.54","1,6","23.06","1,,,6","12.01","1,,,6"
"USC00136766","1919-10","43.08998","-91.55823","355.1","POSTVILLE, IA US","","","","","","","","","","","","","0",",6","","","","","","","","","","","","","","","","","19191031","+,,6","","","","","","","","","","","0",",,6,31,+","","","","","","","","","","","0",",,,6","","","","","",""
"USC00136766","1919-11","43.08998","-91.55823","355.1","POSTVILLE, IA US","","","","","","","","","","","","","3",",6","0","5,6","20","5,6","6","2,6","0","2,6","0","2,6","","","19191130",",5,6","","","19191129",",,6","","","","","19191110",",2,6","-16.7","5,6,30,","","","64",",,6,29,","","","13.9","2,6,10,","","","","","","","127",",,,6","-0.36","7,6","4.45","2,,,6","-5.16","5,,,6"
"USC00136766","1919-12","43.08998","-91.55823","355.1","POSTVILLE, IA US","","","0.0","2,6","","","","","","","","","","","13",",6","31",",6","26","2,6","0","2,6","0","2,6","","","19191210",",,6","","","","","","","","","19191229",",2,6","-30.6",",6,10,","","","","","","","4.4","2,6,29,","","","876.3","2,6","","","","","-11.93","2,6","-7.28","2,,,6","-16.59",",,,6"
"USC00136766","1920-01","43.08998","-91.55823","355.1","POSTVILLE, IA US","0.0","6","0.0","5,6","","","","","","","","","","","13","2,6","29","2,6","23","4,6","0","4,6","0","4,6","","","19200122","+,2,6","","","","","","","","","19200126",",4,6","-28.3","2,6,22,+","","","","","","","2.8","4,6,26,","","","806.5","4,6","","","","","-12.34","5,6","-7.32","4,,,6","-17.37","2,,,6"
"USC00136766","1920-02","43.08998","-91.55823","355.1","POSTVILLE, IA US","0.0","6","0.0","1,6","5","1,6","2","1,6","0","1,6","","","","","8",",6","29",",6","22","1,6","0","1,6","0","1,6","","","19200215",",,6","","","","","","","19200213",",1,6","19200202",",1,6","-29.4",",6,15,","","","","","6.4","1,,6,13,","3.3","1,6,02,","","","728.9","1,6","10.3","1,,,6","","","-7.67","1,6","-3.30","1,,,6","-12.05",",,,6"
"USC00136766","1920-03","43.08998","-91.55823","355.1","POSTVILLE, IA US","0.0","6","0.0",",6","8",",6","8",",6","1",",6","","","1",",6","3",",6","20",",6","5",",6","1",",6","0",",6","","","19200307","+,,6","","","19200304",",,6","","","19200312",",,6","19200331",",,6","-23.9",",6,07,+","","","38",",,6,04,","26.7",",,6,12,","22.8",",6,31,","","","529.9",",6","73.6",",,,6","64",",,,6","1.24",",6","6.66",",,,6","-4.18",",,,6"
"USC00136766","1920-04","43.08998","-91.55823","355.1","POSTVILLE, IA US","","","","","13",",6","8",",6","1",",6","","","","","0","5,6","10","5,6","3","4,6","1","4,6","0","4,6","","","19200405",",5,6","","","","","","","19200420",",,6","19200421",",4,6","-10.6","5,6,05,","","","","","26.9",",,6,20,","21.1","4,6,21,","","","","","119.9",",,,6","","","5.12","7,6","10.10","4,,,6","0.15","5,,,6"
"USC00136766","1920-05","43.08998","-91.55823","355.1","POSTVILLE, IA US","","","1.4",",6","9",",6","7",",6","1",",6","","","0",",6","0",",6","0",",6","0",",6","18",",6","0",",6","","","19200503",",,6","","","19200531","+,,6","","","19200511",",,6","19200531",",,6","0.6",",6,03,","","","0",",,6,31,+","30.5",",,6,11,","26.7",",6,31,","","","148.4",",6","86.8",",,,6","0",",,,6","13.59",",6","20.06",",,,6","7.12",",,,6"
"USC00136766","1920-06","43.08998","-91.55823","355.1","POSTVILLE, IA US","","","81.8",",6","8",",6","7",",6","2",",6","","","0",",6","0",",6","0",",6","0",",6","22",",6","0",",6","","","19200603",",,6","","","19200630","+,,6","","","19200616",",,6","19200613",",,6","6.7",",6,03,","","","0",",,6,30,+","27.4",",,6,16,","31.7",",6,13,","","","42.0",",6","107.4",",,,6","0",",,,6","19.66",",6","24.91",",,,6","14.41",",,,6"
"USC00136766","1920-07","43.08998","-91.55823","355.1","POSTVILLE, IA US","","","51.0","3,6","8",",6","5",",6","0",",6","","","0",",6","0","3,6","0","3,6","0",",6","29",",6","0",",6","","","19200719",",3,6","","","19200731","+,,6","","","19200706",",,6","19200729",",,6","10.0","3,6,19,","","","0",",,6,31,+","11.7",",,6,06,","30.6",",6,29,","10.6","6","10.6",",6","45.1",",,,6","0",",,,6","19.82","3,6","25.21",",,,6","14.44","3,,,6"
"USC00136766","1920-08","43.08998","-91.55823","355.1","POSTVILLE, IA US","","","48.7","1,6","8",",6","5",",6","2",",6","","","0",",6","0",",6","0",",6","0","1,6","28","1,6","0","1,6","","","19200824","+,,6","","","19200831","+,,6","","","19200820",",,6","19200810","+,1,6","6.7",",6,24,+","","","0",",,6,31,+","35.6",",,6,20,","30.6","1,6,10,+","37.6","6","27.0","1,6","102.8",",,,6","0",",,,6","19.07","1,6","25.07","1,,,6","13.07",",,,6"
"USC00136766","1920-09","43.08998","-91.55823","355.1","POSTVILLE, IA US","","","30.3",",6","9",",6","6",",6","2",",6","","","0",",6","0",",6","1",",6","0",",6","21",",6","0",",6","","","19200930",",,6","","","19200930","+,,6","","","19200909",",,6","19200925",",,6","0.0",",6,30,","","","0",",,6,30,+","56.4",",,6,09,","28.9",",6,25,","99.9","6","62.3",",6","129.8",",,,6","0",",,,6","17.27",",6","22.39",",,,6","12.15",",,,6"
"USC00136766","1920-10","43.08998","-91.55823","355.1","POSTVILLE, IA US","","","11.4",",6","7",",6","5",",6","1",",6","","","0",",6","0",",6","6",",6","0",",6","14",",6","0",",6","","","19201029",",,6","","","19201031","+,,6","","","19201015",",,6","19201011","+,,6","-6.1",",6,29,","","","0",",,6,31,+","49.3",",,6,15,","26.7",",6,11,+","264.4","6","164.5",",6","92.8",",,,6","0",",,,6","13.40",",6","18.98",",,,6","7.81",",,,6"
"USC00136766","1920-11","43.08998","-91.55823","355.1","POSTVILLE, IA US","","","0.0","1,6","11",",6","5",",6","0",",6","","","5",",6","0","1,6","22","1,6","8",",6","0",",6","0",",6","","","19201112",",1,6","","","19201122",",,6","","","19201101",",,6","19201119",",,6","-13.3","1,6,12,","","","206",",,6,22,","22.4",",,6,01,","12.8",",6,19,","789.9","6","525.5",",6","70.3",",,,6","651",",,,6","0.36","1,6","4.19",",,,6","-3.46","1,,,6"
"USC00136766","1920-12","43.08998","-91.55823","355.1","POSTVILLE, IA US","","","0.0",",6","7","1,6","5","1,6","0","1,6","","","","","5",",6","28",",6","15",",6","0",",6","0",",6","","","19201228",",,6","","","","","","","19201209",",1,6","19201213",",,6","-25.6",",6,28,","","","","","13.0","1,,6,09,","9.4",",6,13,","1499.2","6","709.3",",6","41.5","1,,,6","","","-4.55",",6","-0.70",",,,6","-8.40",",,,6"
"USC00136766","1921-01","43.08998","-91.55823","355.1","POSTVILLE, IA US","0.0","6","0.0",",6","6","1,6","3","1,6","0","1,6","","","","","3",",6","30",",6","15",",6","0",",6","0",",6","","","19210117",",,6","","","","","","","19210113",",1,6","19210121",",,6","-22.2",",6,17,","","","","","9.1","1,,6,13,","10.6",",6,21,","2182.9","6","683.7",",6","18.8","1,,,6","","","-3.72",",6","0.39",",,,6","-7.84",",,,6"
"USC00136766","1921-02","43.08998","-91.55823","355.1","POSTVILLE, IA US","0.0","6","0.0",",6","","","","","","","","","3",",6","0",",6","28",",6","15",",6","0",",6","0",",6","","","19210223","+,,6","","","19210206",",,6","","","","","19210215",",,6","-14.4",",6,23,+","","","51",",,6,06,","","","17.8",",6,15,","2787.3","6","604.4",",6","","","145",",,,6","-3.25",",6","1.89",",,,6","-8.39",",,,6"
"USC00136766","1921-03","43.08998","-91.55823","355.1","POSTVILLE, IA US","0.5","6","0.5",",6","10",",6","4",",6","0",",6","","","0",",6","0",",6","23",",6","2",",6","2",",6","0",",6","","","19210328",",,6","","","19210313",",,6","","","19210305",",,6","19210319",",,6","-15.0",",6,28,","","","13",",,6,13,","15.2",",,6,05,","23.3",",6,19,","3250.2","6","462.9",",6","45.0",",,,6","13",",,,6","3.42",",6","8.68",",,,6","-1.85",",,,6"
"USC00136766","1921-04","43.08998","-91.55823","355.1","POSTVILLE, IA US","5.8","6","5.3",",6","","","","","","","","","","","0",",6","8",",6","0",",6","6",",6","0",",6","","","19210417","+,,6","","","","","","","","","19210424",",,6","-5.6",",6,17,+","","","","","","","25.6",",6,24,","3484.8","6","234.6",",6","","","","","10.69",",6","16.59",",,,6","4.79",",,,6"
"USC00136766","1921-05","43.08998","-91.55823","355.1","POSTVILLE, IA US","47.8","6","42.0","1,6","14",",6","12",",6","4",",6","","","0",",6","0",",6","4",",6","0","1,6","22","1,6","0","1,6","","","19210516","+,,6","","","19210531","+,,6","","","19210518",",,6","19210522",",1,6","0.0",",6,16,+","","","0",",,6,31,+","36.3",",,6,18,","30.0","1,6,22,","3598.7","6","113.9","1,6","195.0",",,,6","0",",,,6","15.89","1,6","21.55","1,,,6","10.22",",,,6"
"USC00136766","1921-06","43.08998","-91.55823","355.1","POSTVILLE, IA US","170.3","6","122.5",",6","8",",6","5",",6","1",",6","","","0",",6","0",",6","0",",6","0",",6","26",",6","1",",6","","","19210605",",,6","","","19210630","+,,6","","","19210610",",,6","19210629",",,6","5.0",",6,05,","","","0",",,6,30,+","32.0",",,6,10,","32.2",",6,29,","3618.7","6","20.0",",6","62.5",",,,6","0",",,,6","21.75",",6","26.80",",,,6","16.70",",,,6"
"USC00136766","1921-07","43.08998","-91.55823","355.1","POSTVILLE, IA US","343.4","6","173.1","1,6","","","","","","","","","0",",6","0",",6","0",",6","0","1,6","30","1,6","3","1,6","","","19210731",",,6","","","19210731","+,,6","","","","","19210712",",1,6","11.7",",6,31,","","","0",",,6,31,+","","","33.9","1,6,12,","0.5","6","0.5","1,6","","","0",",,,6","24.00","1,6","29.30","1,,,6","18.70",",,,6"
"USC00136766","1921-08","43.08998","-91.55823","355.1","POSTVILLE, IA US","411.0","6","67.6",",6","9",",6","8",",6","3",",6","","","0",",6","0",",6","0",",6","0",",6","26",",6","0",",6","","","19210821",",,6","","","19210831","+,,6","","","19210801",",,6","19210829","+,,6","9.4",",6,21,","","","0",",,6,31,+","63.5",",,6,01,","30.0",",6,29,+","23.3","6","22.8",",6","229.5",",,,6","0",",,,6","19.78",",6","24.75",",,,6","14.80",",,,6"
"USC00136766","1921-09","43.08998","-91.55823","355.1","POSTVILLE, IA US","438.3","6","27.3",",6","14",",6","12",",6","1",",6","","","0",",6","0",",6","0",",6","0",",6","22",",6","0",",6","","","19210930",",,6","","","19210930","+,,6","","","19210916",",,6","19210904",",,6","3.9",",6,30,","","","0",",,6,30,+","29.2",",,6,16,","27.8",",6,04,","74.3","6","51.0",",6","155.8",",,,6","0",",,,6","17.54",",6","22.53",",,,6","12.56",",,,6"
"USC00136766","1921-10","43.08998","-91.55823","355.1","POSTVILLE, IA US","438.3","6","0.0","1,6","","","","","","","","","0",",6","0","1,6","3","1,6","0",",6","1",",6","0",",6","","","19211008",",1,6","","","19211007","+,,6","","","","","19211016",",,6","-2.2","1,6,08,","","","0",",T,6,07,+","","","23.3",",6,16,","317.3","6","243.0",",6","","","0",",T,,6","10.26","1,6","15.27",",,,6","5.24","1,,,6"
"USC00136766","1921-11","43.08998","-91.55823","355.1","POSTVILLE, IA US","438.3","6","0.0",",6","6",",6","3",",6","0",",6","","","2",",6","1",",6","28",",6","7",",6","0",",6","0",",6","","","19211112",",,6","","","19211108",",,6","","","19211117",",,6","19211104",",,6","-17.8",",6,12,","","","76",",,6,08,","10.9",",,6,17,","14.4",",6,04,","900.8","6","583.5",",6","24.1",",,,6","132",",,,6","-1.12",",6","3.43",",,,6","-5.66",",,,6"
"USC00136766","1921-12","43.08998","-91.55823","355.1","POSTVILLE, IA US","438.3","6","0.0",",6","5",",6","4",",6","0",",6","","","","","6",",6","31",",6","12",",6","0",",6","0",",6","","","19211225",",,6","","","","","","","19211217",",,6","19211201",",,6","-24.4",",6,25,","","","","","5.1",",,6,17,","12.8",",6,01,","1603.0","6","702.2",",6","16.7",",,,6","","","-4.32",",6","0.89",",,,6","-9.53",",,,6"
"USC00136766","1922-01","43.08998","-91.55823","355.1","POSTVILLE, IA US","0.0","6","0.0",",6","4",",6","1",",6","0",",6","","","1",",6","12",",6","31",",6","21",",6","0",",6","0",",6","","","19220123",",,6","","","19220104",",,6","","","19220104",",,6","19220109",",,6","-28.3",",6,23,","","","51",",,6,04,","5.1",",,6,04,","2.8",",6,09,","2456.5","6","853.5",",6","8.2",",,,6","82",",,,6","-9.20",",6","-2.79",",,,6","-15.60",",,,6"
"USC00136766","1922-02","43.08998","-91.55823","355.1","POSTVILLE, IA US","0.0","6","0.0",",6","9",",6","4",",6","1",",6","","","0",",6","7",",6","28",",6","15",",6","0",",6","0",",6","","","19220213",",,6","","","19220223",",,6","","","19220222",",,6","19220217","+,,6","-23.9",",6,13,","","","20",",,6,23,","44.5",",,6,22,","7.2",",6,17,+","3168.2","6","711.7",",6","98.9",",,,6","56",",,,6","-7.09",",6","-1.10",",,,6","-13.08",",,,6"
"USC00136766","1922-03","43.08998","-91.55823","355.1","POSTVILLE, IA US","0.0","6","0.0",",6","6",",6","4",",6","0",",6","","","1",",6","1",",6","28",",6","3",",6","0",",6","0",",6","","","19220302",",,6","","","19220301",",,6","","","19220318",",,6","19220313",",,6","-17.8",",6,02,","","","51",",,6,01,","14.7",",,6,18,","18.3",",6,13,","3698.3","6","530.1",",6","36.6",",,,6","89",",,,6","1.23",",6","5.85",",,,6","-3.38",",,,6"
"USC00136766","1922-04","43.08998","-91.55823","355.1","POSTVILLE, IA US","0.0","6","0.0",",6","10",",6","8",",6","0",",6","","","0",",6","0",",6","12",",6","0",",6","0",",6","0",",6","","","19220401",",,6","","","19220430","+,,6","","","19220408",",,6","19220406",",,6","-3.3",",6,01,","","","0",",,6,30,+","15.2",",,6,08,","20.6",",6,06,","4010.5","6","312.2",",6","75.8",",,,6","0",",,,6","7.93",",6","13.80",",,,6","2.05",",,,6"
"USC00136766","1922-05","43.08998","-91.55823","355.1","POSTVILLE, IA US","14.2","6","14.2",",6","12",",6","8",",6","0",",6","","","0",",6","0",",6","0",",6","0",",6","20",",6","0",",6","","","19220507",",,6","","","19220531","+,,6","","","19220523",",,6","19220510",",,6","6.1",",6,07,","","","0",",,6,31,+","19.1",",,6,23,","29.4",",6,10,","4084.5","6","74.0",",6","85.4",",,,6","0",",,,6","16.40",",6","21.87",",,,6","10.93",",,,6"
"USC00136766","1922-06","43.08998","-91.55823","355.1","POSTVILLE, IA US","73.3","6","59.1",",6","4",",6","4",",6","0",",6","","","0",",6","0",",6","0",",6","0",",6","28",",6","0",",6","","","19220601",",,6","","","19220630","+,,6","","","19220613",",,6","19220623",",,6","6.1",",6,01,","","","0",",,6,30,+","19.1",",,6,13,","31.1",",6,23,","4105.6","6","21.1",",6","45.3",",,,6","0",",,,6","19.60",",6","24.72",",,,6","14.48",",,,6"
"USC00136766","1922-07","43.08998","-91.55823","355.1","POSTVILLE, IA US","126.2","6","52.9",",6","12",",6","7",",6","2",",6","","","0",",6","0",",6","0",",6","0",",6","29",",6","0",",6","","","19220708",",,6","","","19220731","+,,6","","","19220707",",,6","19220709",",,6","7.8",",6,08,","","","0",",,6,31,+","32.5",",,6,07,","27.8",",6,09,","15.0","6","15.0",",6","121.6",",,,6","0",",,,6","19.56",",6","24.55",",,,6","14.56",",,,6"
"USC00136766","1922-08","43.08998","-91.55823","355.1","POSTVILLE, IA US","211.8","6","85.6",",6","6",",6","5",",6","0",",6","","","0",",6","0",",6","0",",6","0",",6","29",",6","0",",6","","","19220808",",,6","","","19220831","+,,6","","","19220821",",,6","19220824",",,6","9.4",",6,08,","","","0",",,6,31,+","14.5",",,6,21,","31.1",",6,24,","29.5","6","14.5",",6","46.7",",,,6","0",",,,6","20.63",",6","25.95",",,,6","15.31",",,,6"
"USC00136766","1922-09","43.08998","-91.55823","355.1","POSTVILLE, IA US","271.0","6","59.2",",6","7",",6","5",",6","1",",6","","","0",",6","0",",6","0",",6","0",",6","16",",6","4",",6","","","19220925",",,6","","","19220930","+,,6","","","19220918",",,6","19220907","+,,6","3.3",",6,25,","","","0",",,6,30,+","25.9",",,6,18,","33.9",",6,07,+","122.6","6","93.1",",6","57.6",",,,6","0",",,,6","17.20",",6","22.74",",,,6","11.66",",,,6"
"USC00136766","1922-10","43.08998","-91.55823","355.1","POSTVILLE, IA US","281.3","6","10.3",",6","6",",6","6",",6","0",",6","","","0",",6","0",",6","5",",6","0",",6","8",",6","0",",6","","","19221018",",,6","","","19221031","+,,6","","","19221007",",,6","19221005","+,,6","-3.9",",6,18,","","","0",",,6,31,+","20.8",",,6,07,","27.8",",6,05,+","347.9","6","225.3",",6","34.9",",,,6","0",",,,6","11.40",",6","17.28",",,,6","5.52",",,,6"
"USC00136766","1922-11","43.08998","-91.55823","355.1","POSTVILLE, IA US","281.3","6","0.0",",6","13",",6","9",",6","1",",6","","","1",",6","0",",6","15",",6","0",",6","0",",6","0",",6","","","19221125",",,6","","","19221127",",,6","","","19221101",",,6","19221130",",,6","-10.6",",6,25,","","","25",",,6,27,","27.4",",,6,01,","16.1",",6,30,","761.7","6","413.8",",6","103.7",",,,6","25",",,,6","4.54",",6","8.45",",,,6","0.63",",,,6"
"USC00136766","1922-12","43.08998","-91.55823","355.1","POSTVILLE, IA US","281.3","6","0.0",",6","2",",6","2",",6","0",",6","","","1",",6","6",",6","31",",6","16",",6","0",",6","0",",6","","","19221218",",,6","","","19221214",",,6","","","19221214",",,6","19221201",",,6","-29.4",",6,18,","","","102",",,6,14,","10.2",",,6,14,","12.2",",6,01,","1531.6","6","769.9",",6","12.7",",,,6","102",",,,6","-6.50",",6","-1.02",",,,6","-11.98",",,,6"
"USC00136766","1923-01","43.08998","-91.55823","355.1","POSTVILLE, IA US","0.0","6","0.0",",6","6",",6","5",",6","0",",6","","","3",",6","1",",6","31",",6","20",",6","0",",6","0",",6","","","19230106",",,6","","","19230127",",,6","","","19230114",",,6","19230118",",,6","-17.8",",6,06,","","","76",",,6,27,","10.2",",,6,14,","5.6",",6,18,","2276.4","6","744.8",",6","33.8",",,,6","139",",,,6","-5.69",",6","-1.30",",,,6","-10.08",",,,6"
"USC00136766","1923-02","43.08998","-91.55823","355.1","POSTVILLE, IA US","0.0","6","0.0",",6","5",",6","2",",6","0",",6","","","","","11",",6","28",",6","23",",6","0",",6","0",",6","","","19230203",",,6","","","","","","","19230212",",,6","19230225",",,6","-30.6",",6,03,","","","","","10.2",",,6,12,","9.4",",6,25,","3066.7","6","790.3",",6","16.6",",,,6","","","-9.89",",6","-4.00",",,,6","-15.78",",,,6"
"USC00136766","1923-03","43.08998","-91.55823","355.1","POSTVILLE, IA US","0.0","6","0.0",",6","6",",6","5",",6","1",",6","","","4",",6","3",",6","30",",6","13",",6","0",",6","0",",6","","","19230319",",,6","","","19230315",",,6","","","19230304",",,6","19230302",",,6","-27.8",",6,19,","","","127",",,6,15,","27.7",",,6,04,","16.1",",6,02,","3766.2","6","699.5",",6","62.5",",,,6","331",",,,6","-4.23",",6","1.65",",,,6","-10.11",",,,6"
"USC00136766","1923-04","43.08998","-91.55823","355.1","POSTVILLE, IA US","0.0","6","0.0",",6","9",",6","7",",6","0",",6","","","3",",6","0",",6","14",",6","0",",6","4",",6","0",",6","","","19230401",",,6","","","19230415","+,,6","","","19230403",",,6","19230419",",,6","-8.3",",6,01,","","","51",",,6,15,+","23.4",",,6,03,","25.6",",6,19,","4115.3","6","349.1",",6","80.5",",,,6","127",",,,6","6.70",",6","12.56",",,,6","0.83",",,,6"
"USC00136766","1923-05","43.08998","-91.55823","355.1","POSTVILLE, IA US","8.1","6","8.1",",6","5",",6","4",",6","0",",6","","","0",",6","0",",6","2",",6","0",",6","14",",6","0",",6","","","19230509",",,6","","","19230508",",,6","","","19230515",",,6","19230529",",,6","-2.8",",6,09,","","","0",",T,6,08,","11.7",",,6,15,","28.3",",6,29,","4260.5","6","145.2",",6","40.9",",,,6","0",",T,,6","13.91",",6","20.40",",,,6","7.42",",,,6"
"USC00136766","1923-06","43.08998","-91.55823","355.1","POSTVILLE, IA US","99.1","6","91.0",",6","8",",6","8",",6","0",",6","","","","","0",",6","0",",6","0",",6","23",",6","0",",6","","","19230629","+,,6","","","","","","","19230610",",,6","19230625","+,,6","7.8",",6,29,+","","","","","14.5",",,6,10,","31.7",",6,25,+","4291.7","6","31.2",",6","61.7",",,,6","","","20.33",",6","25.30",",,,6","15.35",",,,6"
"USC00136766","1923-07","43.08998","-91.55823","355.1","POSTVILLE, IA US","239.8","6","140.7",",6","8",",6","6",",6","1",",6","","","","","0",",6","0",",6","0",",6","31",",6","4",",6","","","19230701",",,6","","","","","","","19230727",",,6","19230722",",,6","10.6",",6,01,","","","","","27.9",",,6,27,","33.9",",6,22,","2.2","6","2.2",",6","68.6",",,,6","","","22.80",",6","28.65",",,,6","16.95",",,,6"
"USC00136766","1923-08","43.08998","-91.55823","355.1","POSTVILLE, IA US","286.0","6","46.2","1,6","11",",6","8",",6","3",",6","","","","","0",",6","0",",6","0","1,6","27","1,6","0","1,6","","","19230822",",,6","","","","","","","19230821",",,6","19230814","+,1,6","6.1",",6,22,","","","","","36.6",",,6,21,","30.6","1,6,14,+","25.9","6","23.7","1,6","149.2",",,,6","","","19.07","1,6","24.29","1,,,6","13.85",",,,6"
"USC00136766","1923-09","43.08998","-91.55823","355.1","POSTVILLE, IA US","305.5","6","19.5",",6","8",",6","6",",6","2",",6","","","0",",6","0",",6","1",",6","0",",6","13",",6","0",",6","","","19230914",",,6","","","19230930","+,,6","","","19230920",",,6","19230905",",,6","0.0",",6,14,","","","0",",,6,30,+","41.7",",,6,20,","27.2",",6,05,","123.9","6","98.0",",6","123.3",",,,6","0",",,,6","15.72",",6","20.27",",,,6","11.16",",,,6"
"USC00136766","1923-10","43.08998","-91.55823","355.1","POSTVILLE, IA US","305.5","6","0.0",",6","6",",6","2",",6","0",",6","","","0",",6","0",",6","10",",6","1",",6","2",",6","0",",6","","","19231030",",,6","","","19231030",",,6","","","19231016",",,6","19231011","+,,6","-10.0",",6,30,","","","8",",,6,30,","14.2",",,6,16,","21.1",",6,11,+","452.2","6","328.3",",6","23.6",",,,6","8",",,,6","7.74",",6","12.81",",,,6","2.67",",,,6"
"USC00136766","1923-11","43.08998","-91.55823","355.1","POSTVILLE, IA US","305.5","6","0.0","1,6","3",",6","3",",6","0",",6","","","1",",6","0","1,6","21","1,6","1",",6","0",",6","0",",6","","","19231122",",1,6","","","19231123",",,6","","","19231123",",,6","19231110",",,6","-10.6","1,6,22,","","","76",",,6,23,","7.6",",,6,23,","16.1",",6,10,","888.6","6","436.4",",6","15.0",",,,6","76",",,,6","3.17","1,6","8.11",",,,6","-1.76","1,,,6"
"USC00136766","1923-12","43.08998","-91.55823","355.1","POSTVILLE, IA US","305.5","6","0.0","1,6","","","","","","","","","","","1",",6","29",",6","3","1,6","0","1,6","0","1,6","","","19231231",",,6","","","","","","","","","19231218",",1,6","-22.8",",6,31,","","","","","","","11.7","1,6,18,","1436.9","6","548.3","1,6","","","","","-0.25","1,6","4.30","1,,,6","-4.79",",,,6"
"USC00136766","1924-01","43.08998","-91.55823","355.1","POSTVILLE, IA US","0.0","6","0.0",",6","3",",6","2",",6","0",",6","","","2",",6","19",",6","31",",6","23",",6","0",",6","0",",6","","","19240105",",,6","","","19240110",",,6","","","19240110",",,6","19240130",",,6","-35.0",",6,05,","","","51",",,6,10,","8.9",",,6,10,","4.4",",6,30,","2401.7","6","964.8",",6","12.7",",,,6","89",",,,6","-12.79",",6","-7.01",",,,6","-18.57",",,,6"
"USC00136766","1924-02","43.08998","-91.55823","355.1","POSTVILLE, IA US","0.0","6","0.0",",6","6",",6","4",",6","0",",6","","","4",",6","2",",6","29",",6","15",",6","0",",6","0",",6","","","19240222",",,6","","","19240205",",,6","","","19240205",",,6","19240227",",,6","-22.2",",6,22,","","","102",",,6,05,","10.2",",,6,05,","7.2",",6,27,","3095.7","6","694.0",",6","25.5",",,,6","255",",,,6","-5.60",",6","-0.98",",,,6","-10.22",",,,6"
"USC00136766","1924-03","43.08998","-91.55823","355.1","POSTVILLE, IA US","0.0","6","0.0","1,6","","","","","","","","","","","0",",6","31",",6","10","1,6","0","1,6","0","1,6","","","19240308",",,6","","","","","","","","","19240327",",1,6","-14.4",",6,08,","","","","","","","11.1","1,6,27,","3715.5","6","619.8","1,6","","","","","-2.29","1,6","1.82","1,,,6","-6.39",",,,6"
"USC00136766","1924-04","43.08998","-91.55823","355.1","POSTVILLE, IA US","0.0","6","0.0",",6","9",",6","7",",6","1",",6","","","1",",6","0",",6","11",",6","1",",6","3",",6","0",",6","","","19240401",",,6","","","19240411",",,6","","","19240425",",,6","19240424",",,6","-12.2",",6,01,","","","25",",,6,11,","25.9",",,6,25,","26.1",",6,24,","4024.1","6","308.6",",6","73.3",",,,6","25",",,,6","8.05",",6","14.32",",,,6","1.77",",,,6"
"USC00136766","1924-05","43.08998","-91.55823","355.1","POSTVILLE, IA US","0.0","6","0.0",",6","10",",6","9",",6","0",",6","","","0",",6","0",",6","0",",6","0",",6","3",",6","0",",6","","","19240519","+,,6","","","19240531","+,,6","","","19240523",",,6","19240505",",,6","0.6",",6,19,+","","","0",",,6,31,+","23.4",",,6,23,","29.4",",6,05,","4267.0","6","242.9",",6","75.1",",,,6","0",",,,6","10.50",",6","16.55",",,,6","4.45",",,,6"
"USC00136766","1924-06","43.08998","-91.55823","355.1","POSTVILLE, IA US","19.4","6","19.4",",6","14",",6","11",",6","0",",6","","","0",",6","0",",6","0",",6","0",",6","19",",6","0",",6","","","19240603",",,6","","","19240630","+,,6","","","19240628",",,6","19240619",",,6","5.0",",6,03,","","","0",",,6,30,+","22.9",",,6,28,","27.8",",6,19,","4326.7","6","59.7",",6","131.3",",,,6","0",",,,6","16.99",",6","21.88",",,,6","12.10",",,,6"
"USC00136766","1924-07","43.08998","-91.55823","355.1","POSTVILLE, IA US","66.7","6","47.3",",6","8",",6","8",",6","1",",6","","","0",",6","0",",6","0",",6","0",",6","28",",6","0",",6","","","19240703",",,6","","","19240731","+,,6","","","19240721",",,6","19240728",",,6","5.0",",6,03,","","","0",",,6,31,+","38.6",",,6,21,","28.3",",6,28,","26.4","6","26.4",",6","100.6",",,,6","0",",,,6","19.00",",6","24.26",",,,6","13.75",",,,6"
"USC00136766","1924-08","43.08998","-91.55823","355.1","POSTVILLE, IA US","123.7","6","57.0",",6","12",",6","9",",6","2",",6","","","0",",6","0",",6","0",",6","0",",6","23",",6","0",",6","","","19240817",",,6","","","19240831","+,,6","","","19240819",",,6","19240803",",,6","7.8",",6,17,","","","0",",,6,31,+","45.2",",,6,19,","31.1",",6,03,","61.9","6","35.5",",6","153.9",",,,6","0",",,,6","19.03",",6","23.81",",,,6","14.25",",,,6"
"USC00136766","1924-09","43.08998","-91.55823","355.1","POSTVILLE, IA US","124.8","6","1.1","1,6","9",",6","7",",6","0",",6","","","0",",6","0",",6","1",",6","0","1,6","6","1,6","0","1,6","","","19240930",",,6","","","19240930","+,,6","","","19240921",",,6","19240921",",1,6","-1.1",",6,30,","","","0",",,6,30,+","16.8",",,6,21,","26.7","1,6,21,","225.5","6","163.6","1,6","70.9",",,,6","0",",,,6","12.79","1,6","17.72","1,,,6","7.85",",,,6"
"USC00136766","1924-10","43.08998","-91.55823","355.1","POSTVILLE, IA US","128.1","6","3.3",",6","4",",6","2",",6","0",",6","","","","","0",",6","3",",6","0",",6","10",",6","0",",6","","","19241022",",,6","","","","","","","19241031",",,6","19241018",",,6","-2.2",",6,22,","","","","","10.9",",,6,31,","26.1",",6,18,","397.0","6","171.5",",6","17.0",",,,6","","","12.91",",6","19.25",",,,6","6.57",",,,6"
"USC00136766","1924-11","43.08998","-91.55823","355.1","POSTVILLE, IA US","128.1","6","0.0",",6","4",",6","4",",6","0",",6","","","","","0",",6","24",",6","4",",6","0",",6","0",",6","","","19241129",",,6","","","","","","","19241113",",,6","19241105",",,6","-16.7",",6,29,","","","","","4.3",",,6,13,","20.6",",6,05,","900.5","6","503.5",",6","16.1",",,,6","","","1.55",",6","6.67",",,,6","-3.58",",,,6"
"USC00136766","1924-12","43.08998","-91.55823","355.1","POSTVILLE, IA US","128.1","6","0.0",",6","","","","","","","","","","","14",",6","31",",6","23",",6","0",",6","0",",6","","","19241228",",,6","","","","","","","","","19241202",",,6","-31.1",",6,28,","","","","","","","5.6",",6,02,","1816.1","6","915.6",",6","","","","","-11.20",",6","-6.38",",,,6","-16.02",",,,6"
"USC00136766","1925-01","43.08998","-91.55823","355.1","POSTVILLE, IA US","0.0","6","0.0",",6","2",",6","1",",6","0",",6","","","1",",6","5",",6","31",",6","25",",6","0",",6","0",",6","","","19250127",",,6","","","19250112",",,6","","","19250112",",,6","19250131",",,6","-26.1",",6,27,","","","25",",,6,12,","2.5",",,6,12,","2.8",",6,31,","2646.8","6","830.7",",6","3.8",",,,6","38",",,,6","-8.46",",6","-3.29",",,,6","-13.64",",,,6"
"USC00136766","1925-02","43.08998","-91.55823","355.1","POSTVILLE, IA US","0.0","6","0.0",",6","6",",6","4",",6","0",",6","","","2",",6","3",",6","27",",6","14",",6","0",",6","0",",6","","","19250227",",,6","","","19250202","+,,6","","","19250209",",,6","19250206",",,6","-22.2",",6,27,","","","38",",,6,02,+","10.2",",,6,09,","10.6",",6,06,","3284.9","6","638.1",",6","23.4",",,,6","102",",,,6","-4.46",",6","0.68",",,,6","-9.59",",,,6"
"USC00136766","1925-03","43.08998","-91.55823","355.1","POSTVILLE, IA US","0.0","6","0.0",",6","4",",6","3",",6","0",",6","","","2",",6","3",",6","27",",6","3",",6","1",",6","0",",6","","","19250302",",,6","","","19250314","+,,6","","","19250314","+,,6","19250323",",,6","-21.1",",6,02,","","","76",",,6,14,+","7.6",",,6,14,+","21.1",",6,23,","3783.8","6","498.9",",6","22.6",",,,6","152",",,,6","2.24",",6","8.88",",,,6","-4.40",",,,6"
"USC00136766","1925-04","43.08998","-91.55823","355.1","POSTVILLE, IA US","8.9","6","8.9",",6","9",",6","6",",6","0",",6","","","0",",6","0",",6","6",",6","0",",6","11",",6","0",",6","","","19250405",",,6","","","19250420",",,6","","","19250429",",,6","19250422",",,6","-6.1",",6,05,","","","0",",T,6,20,","10.2",",,6,29,","31.1",",6,22,","3995.3","6","211.5",",6","36.7",",,,6","0",",T,,6","11.58",",6","19.08",",,,6","4.08",",,,6"
"USC00136766","1925-05","43.08998","-91.55823","355.1","POSTVILLE, IA US","27.2","6","18.3","3,6","5",",6","4",",6","0",",6","","","","","0","2,6","8","2,6","0","1,6","13","1,6","2","1,6","","","19250517",",2,6","","","","","","","19250516",",,6","19250529",",1,6","-2.8","2,6,17,","","","","","19.6",",,6,16,","33.3","1,6,29,","4182.5","6","187.2","1,6","37.4",",,,6","","","12.52","3,6","20.83","1,,,6","4.22","2,,,6"
"USC00136766","1925-06","43.08998","-91.55823","355.1","POSTVILLE, IA US","85.9","6","58.7","1,6","16",",6","13",",6","3",",6","","","","","0",",6","0",",6","0","1,6","24","1,6","0","1,6","","","19250628",",,6","","","","","","","19250612",",,6","19250607","+,1,6","3.9",",6,28,","","","","","72.6",",,6,12,","30.6","1,6,07,+","4221.1","6","38.6","1,6","266.3",",,,6","","","19.00","1,6","24.54","1,,,6","13.47",",,,6"
"USC00136766","1925-07","43.08998","-91.55823","355.1","POSTVILLE, IA US","164.2","6","78.3",",6","11",",6","11",",6","0",",6","","","","","0",",6","0",",6","0",",6","28",",6","1",",6","","","19250728",",,6","","","","","","","19250712",",,6","19250711",",,6","7.2",",6,28,","","","","","20.3",",,6,12,","32.8",",6,11,","20.0","6","20.0",",6","141.4",",,,6","","","20.21",",6","25.84",",,,6","14.58",",,,6"
"USC00136766","1925-08","43.08998","-91.55823","355.1","POSTVILLE, IA US","220.7","6","56.5",",6","5",",6","4",",6","1",",6","","","","","0",",6","0",",6","0",",6","30",",6","0",",6","","","19250821",",,6","","","","","","","19250807",",,6","19250829","+,,6","7.2",",6,21,","","","","","81.3",",,6,07,","31.7",",6,29,+","31.9","6","11.9",",6","110.9",",,,6","","","19.77",",6","25.98",",,,6","13.56",",,,6"
"USC00136766","1925-09","43.08998","-91.55823","355.1","POSTVILLE, IA US","274.7","6","54.0","1,6","9",",6","7",",6","1",",6","","","","","0","1,6","0","1,6","0",",6","23",",6","4",",6","","","19250921",",1,6","","","","","","","19250930",",,6","19250904","+,,6","3.9","1,6,21,","","","","","30.0",",,6,30,","33.9",",6,04,+","95.3","6","63.4",",6","101.4",",,,6","","","18.15","1,6","24.13",",,,6","12.17","1,,,6"
"USC00136766","1925-10","43.08998","-91.55823","355.1","POSTVILLE, IA US","274.7","6","0.0",",6","11",",6","10",",6","0",",6","","","2",",6","2",",6","18",",6","5",",6","0",",6","0",",6","","","19251030",",,6","","","19251026",",,6","","","19251026",",,6","19251002",",,6","-21.7",",6,30,","","","97",",,6,26,","18.5",",,6,26,","17.2",",6,02,","579.4","6","484.1",",6","114.5",",,,6","168",",,,6","2.72",",6","7.51",",,,6","-2.08",",,,6"
"USC00136766","1925-11","43.08998","-91.55823","355.1","POSTVILLE, IA US","274.7","6","0.0",",6","","","","","","","","","2",",6","0",",6","27",",6","7",",6","0",",6","0",",6","","","19251128","+,,6","","","19251129",",,6","","","","","19251120",",,6","-13.9",",6,28,+","","","127",",,6,29,","","","15.6",",6,20,","1115.3","6","535.9",",6","","","165",",,,6","0.47",",6","6.20",",,,6","-5.26",",,,6"
"USC00136766","1925-12","43.08998","-91.55823","355.1","POSTVILLE, IA US","274.7","6","0.0",",6","6",",6","6",",6","0",",6","","","6",",6","12",",6","31",",6","24",",6","0",",6","0",",6","","","19251227","+,,6","","","19251224","+,,6","","","19251224","+,,6","19251208",",,6","-28.9",",6,27,+","","","102",",,6,24,+","10.2",",,6,24,+","5.0",",6,08,","1998.3","6","883.0",",6","44.5",",,,6","445",",,,6","-10.15",",6","-4.18",",,,6","-16.12",",,,6"
"USC00136766","1926-01","43.08998","-91.55823","355.1","POSTVILLE, IA US","0.0","6","0.0",",6","7",",6","7",",6","0",",6","","","","","14",",6","31",",6","21",",6","0",",6","0",",6","","","19260128",",,6","","","","","","","19260104","+,,6","19260116",",,6","-30.0",",6,28,","","","","","10.2",",,6,04,+","4.4",",6,16,","2841.9","6","843.6",",6","41.0",",,,6","","","-8.88",",6","-2.56",",,,6","-15.19",",,,6"
"USC00136766","1926-02","43.08998","-91.55823","355.1","POSTVILLE, IA US","0.0","6","0.0","1,6","2",",6","2",",6","0",",6","","","2",",6","1",",6","28",",6","16","1,6","0","1,6","0","1,6","","","19260211",",,6","","","19260225",",,6","","","19260225",",,6","19260228",",1,6","-17.8",",6,11,","","","114",",,6,25,","11.4",",,6,25,","10.0","1,6,28,","3447.3","6","605.4","1,6","13.9",",,,6","139",",,,6","-3.97","1,6","0.65","1,,,6","-8.59",",,,6"
"USC00136766","1926-03","43.08998","-91.55823","355.1","POSTVILLE, IA US","0.0","6","0.0",",6","4",",6","2",",6","0",",6","","","2",",6","4",",6","30",",6","17",",6","0",",6","0",",6","","","19260313",",,6","","","19260306",",,6","","","19260306",",,6","19260323",",,6","-20.0",",6,13,","","","76",",,6,06,","7.6",",,6,06,","16.7",",6,23,","4123.2","6","675.9",",6","14.0",",,,6","127",",,,6","-3.47",",6","1.72",",,,6","-8.66",",,,6"
"USC00136766","1926-04","43.08998","-91.55823","355.1","POSTVILLE, IA US","0.8","6","0.8",",6","5",",6","3",",6","0",",6","","","0",",6","0",",6","20",",6","2",",6","5",",6","0",",6","","","19260401",",,6","","","19260430","+,,6","","","19260424",",,6","19260430",",,6","-10.6",",6,01,","","","0",",,6,30,+","18.5",",,6,24,","27.8",",6,30,","4511.4","6","388.2",",6","42.6",",,,6","0",",,,6","5.42",",6","11.98",",,,6","-1.14",",,,6"
"USC00136766","1926-05","43.08998","-91.55823","355.1","POSTVILLE, IA US","25.0","6","24.2",",6","9",",6","8",",6","0",",6","","","","","0",",6","1",",6","0",",6","21",",6","0",",6","","","19260503",",,6","","","","","","","19260531",",,6","19260529",",,6","-1.7",",6,03,","","","","","16.8",",,6,31,","30.0",",6,29,","4618.8","6","107.4",",6","67.3",",,,6","","","15.65",",6","22.60",",,,6","8.69",",,,6"
"USC00136766","1926-06","43.08998","-91.55823","355.1","POSTVILLE, IA US","40.3","6","15.3",",6","8",",6","6",",6","1",",6","","","","","0",",6","0",",6","0",",6","18",",6","0",",6","","","19260605","+,,6","","","","","","","19260611",",,6","19260628",",,6","3.3",",6,05,+","","","","","26.7",",,6,11,","30.0",",6,28,","4705.5","6","86.7",",6","71.7",",,,6","","","15.96",",6","22.35",",,,6","9.56",",,,6"
"USC00136766","1926-07","43.08998","-91.55823","355.1","POSTVILLE, IA US","134.0","6","93.7",",6","11",",6","8",",6","1",",6","","","","","0",",6","0",",6","0",",6","30",",6","4",",6","","","19260713",",,6","","","","","","","19260730",",,6","19260720",",,6","4.4",",6,13,","","","","","50.5",",,6,30,","36.1",",6,20,","13.9","6","13.9",",6","121.4",",,,6","","","20.91",",6","26.81",",,,6","15.01",",,,6"
"USC00136766","1926-08","43.08998","-91.55823","355.1","POSTVILLE, IA US","185.4","6","51.4","1,6","","","","","","","","","","","0",",6","0",",6","0","1,6","30","1,6","0","1,6","","","19260809",",,6","","","","","","","","","19260827",",1,6","7.2",",6,09,","","","","","","","30.0","1,6,27,","25.0","6","11.1","1,6","","","","","19.76","1,6","25.67","1,,,6","13.85",",,,6"
"USC00136766","1926-09","43.08998","-91.55823","355.1","POSTVILLE, IA US","209.7","6","24.3",",6","","","","","","","","","","","0",",6","3",",6","0",",6","13",",6","0",",6","","","19260926",",,6","","","","","","","","","19260902",",,6","-3.9",",6,26,","","","","","","","29.4",",6,02,","156.5","6","131.5",",6","","","","","14.76",",6","19.46",",,,6","10.06",",,,6"
"USC00136766","1926-10","43.08998","-91.55823","355.1","POSTVILLE, IA US","209.7","6","0.0","2,6","8",",6","8",",6","1",",6","","","1",",6","0","2,6","10","2,6","0",",6","5",",6","0",",6","","","19261025",",2,6","","","19261031",",,6","","","19261003",",,6","19261008","+,,6","-7.2","2,6,25,","","","25",",,6,31,","37.1",",,6,03,","22.8",",6,08,+","451.6","6","295.1",",6","67.9",",,,6","25",",,,6","8.24","2,6","14.04",",,,6","2.44","2,,,6"
"USC00136766","1926-11","43.08998","-91.55823","355.1","POSTVILLE, IA US","209.7","6","0.0",",6","5","1,6","4","1,6","0","1,6","","","3",",6","0",",6","26",",6","11",",6","0",",6","0",",6","","","19261123","+,,6","","","19261118",",,6","","","19261114",",1,6","19261107",",,6","-16.7",",6,23,+","","","76",",,6,18,","21.6","1,,6,14,","15.6",",6,07,","1059.4","6","607.8",",6","44.0","1,,,6","152",",,,6","-1.93",",6","3.00",",,,6","-6.86",",,,6"
"USC00136766","1926-12","43.08998","-91.55823","355.1","POSTVILLE, IA US","209.7","6","0.0","1,6","6","2,6","2","2,6","1","2,6","","","2",",6","10",",6","31",",6","21","1,6","0","1,6","0","1,6","","","19261214",",,6","","","19261207",",,6","","","19261207",",2,6","19261230",",1,6","-28.3",",6,14,","","","76",",,6,07,","26.4","2,,6,07,","4.4","1,6,30,","1872.1","6","812.7","1,6","33.8","2,,,6","114",",,,6","-8.66","1,6","-3.34","1,,,6","-13.98",",,,6"
"USC00136766","1927-01","43.08998","-91.55823","355.1","POSTVILLE, IA US","0.0","6","0.0",",6","4","1,6","2","1,6","0","1,6","","","3",",6","9",",6","31",",6","22",",6","0",",6","0",",6","","","19270126",",,6","","","19270121","+,,6","","","19270121",",1,6","19270104","+,,6","-25.0",",6,26,","","","38",",,6,21,+","4.1","1,,6,21,","3.9",",6,04,+","2701.2","6","829.1",",6","11.2","1,,,6","114",",,,6","-8.41",",6","-4.24",",,,6","-12.58",",,,6"
"USC00136766","1927-02","43.08998","-91.55823","355.1","POSTVILLE, IA US","0.0","6","0.0",",6","2",",6","1",",6","0",",6","","","1",",6","1",",6","25",",6","8",",6","0",",6","0",",6","","","19270218",",,6","","","19270205",",,6","","","19270205",",,6","19270223",",,6","-18.9",",6,18,","","","25",",,6,05,","4.3",",,6,05,","13.3",",6,23,","3269.0","6","567.8",",6","5.6",",,,6","38",",,,6","-1.95",",6","2.56",",,,6","-6.45",",,,6"
"USC00136766","1927-03","43.08998","-91.55823","355.1","POSTVILLE, IA US","","","","","","","","","","","","","2",",6","","","","","2","1,6","0","1,6","0","1,6","","","","","","","19270312","+,,6","","","","","19270315",",1,6","","","","","25",",,6,12,+","","","18.3","1,6,15,","","","","","","","50",",,,6","","","8.10","1,,,6","",""
"USC00136766","1927-04","43.08998","-91.55823","355.1","POSTVILLE, IA US","","","","","","","","","","","","","1",",6","","","","","0",",6","5",",6","0",",6","","","","","","","19270401",",,6","","","","","19270418",",,6","","","","","64",",,6,01,","","","25.6",",6,18,","","","","","","","84",",,,6","","","12.74",",,,6","",""
"USC00136766","1927-05","43.08998","-91.55823","355.1","POSTVILLE, IA US","","","7.0",",6","13",",6","10",",6","1",",6","","","0",",6","0",",6","0",",6","0",",6","8",",6","0",",6","","","19270512",",,6","","","19270531","+,,6","","","19270527",",,6","19270521",",,6","2.2",",6,12,","","","0",",,6,31,+","31.8",",,6,27,","27.8",",6,21,","","","170.1",",6","161.6",",,,6","0",",,,6","13.07",",6","18.18",",,,6","7.96",",,,6"
"USC00136766","1927-06","43.08998","-91.55823","355.1","POSTVILLE, IA US","","","36.4","1,6","8",",6","3",",6","0",",6","","","0",",6","0",",6","0",",6","0","1,6","15","1,6","1","1,6","","","19270615",",,6","","","19270630","+,,6","","","19270602",",,6","19270630",",1,6","4.4",",6,15,","","","0",",,6,30,+","10.4",",,6,02,","32.2","1,6,30,","","","75.3","1,6","27.7",",,,6","0",",,,6","16.93","1,6","22.26","1,,,6","11.61",",,,6"
"USC00136766","1927-07","43.08998","-91.55823","355.1","POSTVILLE, IA US","","","58.7","2,6","6",",6","5",",6","0",",6","","","","","0","1,6","0","1,6","0","1,6","28","1,6","1","1,6","","","19270703",",1,6","","","","","","","19270728",",,6","19270727",",1,6","8.3","1,6,03,","","","","","13.5",",,6,28,","32.2","1,6,27,","12.8","6","12.8","1,6","40.4",",,,6","","","19.99","2,6","26.17","1,,,6","13.82","1,,,6"
"USC00136766","1927-08","43.08998","-91.55823","355.1","POSTVILLE, IA US","","","31.1","1,6","5",",6","3",",6","0",",6","","","","","0",",6","0",",6","0","1,6","25","1,6","0","1,6","","","19270824","+,,6","","","","","","","19270821",",,6","19270806",",1,6","4.4",",6,24,+","","","","","14.0",",,6,21,","31.1","1,6,06,","50.9","6","38.1","1,6","27.2",",,,6","","","18.10","1,6","25.09","1,,,6","11.10",",,,6"
"USC00136766","1927-09","43.08998","-91.55823","355.1","POSTVILLE, IA US","","","100.8","1,6","","","","","","","","","","","0",",6","0",",6","0","1,6","18","1,6","5","1,6","","","19270923","+,,6","","","","","","","","","19270913","+,1,6","1.1",",6,23,+","","","","","","","34.4","1,6,13,+","156.8","6","105.9","1,6","","","","","18.07","1,6","23.96","1,,,6","12.18",",,,6"
"USC00136766","1927-10","43.08998","-91.55823","355.1","POSTVILLE, IA US","","","4.8",",6","9",",6","5",",6","1",",6","","","","","0",",6","3",",6","0",",6","10",",6","0",",6","","","19271018","+,,6","","","","","","","19271002",",,6","19271026",",,6","-2.2",",6,18,+","","","","","59.4",",,6,02,","28.9",",6,26,","364.8","6","208.0",",6","95.2",",,,6","","","11.78",",6","17.94",",,,6","5.61",",,,6"
"USC00136766","1927-11","43.08998","-91.55823","355.1","POSTVILLE, IA US","","","0.0",",6","10",",6","3",",6","1",",6","","","0",",6","0",",6","23",",6","4",",6","0",",6","0",",6","","","19271118",",,6","","","19271119",",,6","","","19271115",",,6","19271111",",,6","-10.6",",6,18,","","","13",",,6,19,","32.5",",,6,15,","17.8",",6,11,","862.1","6","497.3",",6","62.8",",,,6","13",",,,6","1.76",",6","5.95",",,,6","-2.44",",,,6"
"USC00136766","1927-12","43.08998","-91.55823","355.1","POSTVILLE, IA US","","","0.0",",6","","","","","","","","","2",",6","12",",6","30",",6","19",",6","0",",6","0",",6","","","19271209","+,,6","","","19271207",",,6","","","","","19271228","+,,6","-24.4",",6,09,+","","","178",",,6,07,","","","4.4",",6,28,+","1714.8","6","852.7",",6","","","242",",,,6","-9.17",",6","-3.85",",,,6","-14.50",",,,6"
"USC00136766","1928-01","43.08998","-91.55823","355.1","POSTVILLE, IA US","0.0","6","0.0",",6","6",",6","0",",6","0",",6","","","0",",6","7",",6","31",",6","16",",6","0",",6","0",",6","","","19280102",",,6","","","19280131","+,,6","","","19280131","+,,6","19280110",",,6","-26.1",",6,02,","","","13",",,6,31,+","1.3",",,6,31,+","7.8",",6,10,","2474.5","6","759.7",",6","6.2",",,,6","31",",,,6","-6.17",",6","-1.80",",,,6","-10.54",",,,6"
"USC00136766","1928-02","43.08998","-91.55823","355.1","POSTVILLE, IA US","0.0","6","0.0","1,6","9",",6","7",",6","1",",6","","","4",",6","2","1,6","26","1,6","13",",6","0",",6","0",",6","","","19280225",",1,6","","","19280208",",,6","","","19280207",",,6","19280203",",,6","-25.6","1,6,25,","","","102",",,6,08,","28.7",",,6,07,","9.4",",6,03,","3096.0","6","621.5",",6","71.4",",,,6","254",",,,6","-3.91","1,6","0.28",",,,6","-8.09","1,,,6"
"USC00136766","1928-03","43.08998","-91.55823","355.1","POSTVILLE, IA US","0.0","6","0.0","2,6","6",",6","4",",6","0",",6","","","3",",6","0","2,6","24","2,6","6",",6","3",",6","0",",6","","","19280305",",2,6","","","19280308","+,,6","","","19280313",",,6","19280323",",,6","-14.4","2,6,05,","","","51",",,6,08,+","15.0",",,6,13,","24.4",",6,23,","3613.4","6","517.4",",6","31.0",",,,6","140",",,,6","0.64","2,6","5.85",",,,6","-4.56","2,,,6"
"USC00136766","1928-04","43.08998","-91.55823","355.1","POSTVILLE, IA US","0.0","6","0.0",",6","7",",6","5",",6","0",",6","","","2",",6","0",",6","22",",6","1",",6","2",",6","0",",6","","","19280415",",,6","","","19280407",",,6","","","19280407",",,6","19280402",",,6","-10.0",",6,15,","","","76",",,6,07,","23.4",",,6,07,","21.7",",6,02,","4022.8","6","409.4",",6","46.1",",,,6","140",",,,6","4.69",",6","10.19",",,,6","-0.82",",,,6"
"USC00136766","1928-05","43.08998","-91.55823","355.1","POSTVILLE, IA US","5.6","6","5.6","2,6","8",",6","5",",6","0",",6","","","","","0","2,6","1","2,6","0",",6","18",",6","0",",6","","","19280512",",2,6","","","","","","","19280516",",,6","19280524",",,6","-0.6","2,6,12,","","","","","23.4",",,6,16,","30.6",",6,24,","4129.1","6","106.3",",6","43.9",",,,6","","","14.88","2,6","21.49",",,,6","8.28","2,,,6"
"USC00136766","1928-06","43.08998","-91.55823","355.1","POSTVILLE, IA US","8.7","6","3.1","1,6","9",",6","4",",6","1",",6","","","","","0",",6","0",",6","0","1,6","20","1,6","0","1,6","","","19280603",",,6","","","","","","","19280612",",,6","19280630",",1,6","4.4",",6,03,","","","","","25.4",",,6,12,","25.6","1,6,30,","4198.9","6","69.8","1,6","87.0",",,,6","","","16.05","1,6","21.47","1,,,6","10.63",",,,6"
"USC00136766","1928-07","43.08998","-91.55823","355.1","POSTVILLE, IA US","95.8","6","87.1","4,6","9",",6","7",",6","1",",6","","","","","0","4,6","0","4,6","0",",6","29",",6","0",",6","","","19280728",",4,6","","","","","","","19280708",",,6","19280707",",,6","8.3","4,6,28,","","","","","46.0",",,6,08,","30.6",",6,07,","7.9","6","7.9",",6","113.0",",,,6","","","21.16","4,6","26.15",",,,6","16.17","4,,,6"
"USC00136766","1928-08","43.08998","-91.55823","355.1","POSTVILLE, IA US","176.9","6","81.1",",6","7",",6","6",",6","4",",6","","","","","0",",6","0",",6","0",",6","29",",6","0",",6","","","19280831",",,6","","","","","","","19280802",",,6","19280816","+,,6","6.1",",6,31,","","","","","75.4",",,6,02,","31.1",",6,16,+","29.4","6","21.5",",6","221.7",",,,6","","","20.26",",6","25.78",",,,6","14.73",",,,6"
"USC00136766","1928-09","43.08998","-91.55823","355.1","POSTVILLE, IA US","","","","","5","1,6","4","1,6","2","1,6","","","","","","","","","","","","","","","","","","","","","","","","","19280913",",1,6","","","","","","","","","53.6","1,,6,13,","","","","","","","101.5","1,,,6","","","","","","","",""
"USC00136766","1928-10","43.08998","-91.55823","355.1","POSTVILLE, IA US","","","8.4","3,6","","","","","","","","","","","0","3,6","7","3,6","0","1,6","7","1,6","0","1,6","","","19281029",",3,6","","","","","","","","","19281010",",1,6","-8.3","3,6,29,","","","","","","","31.7","1,6,10,","","","226.9","1,6","","","","","10.66","3,6","16.51","1,,,6","4.82","3,,,6"
"USC00136766","1928-11","43.08998","-91.55823","355.1","POSTVILLE, IA US","","","","","","","","","","","","","2","1,6","","","","","5","1,6","0","1,6","0","1,6","","","","","","","19281130",",1,6","","","","","19281111",",1,6","","","","","178","1,,6,30,","","","15.6","1,6,11,","","","","","","","229","1,,,6","","","5.70","1,,,6","",""
"USC00136766","1928-12","43.08998","-91.55823","355.1","POSTVILLE, IA US","","","0.0","2,6","4",",6","2",",6","0",",6","","","1",",6","5","1,6","26","1,6","13","1,6","0","1,6","0","1,6","","","19281221",",1,6","","","19281204",",,6","","","19281213",",,6","19281226","+,1,6","-21.7","1,6,21,","","","76",",,6,04,","13.5",",,6,13,","6.1","1,6,26,+","","","646.2","1,6","23.9",",,,6","89",",,,6","-4.11","2,6","0.46","1,,,6","-8.69","1,,,6"
"USC00136766","1929-01","43.08998","-91.55823","355.1","POSTVILLE, IA US","0.0","6","0.0","4,6","11",",6","9",",6","0",",6","","","7",",6","25","2,6","29","2,6","27","2,6","0","2,6","0","2,6","","","19290115",",2,6","","","19290106",",,6","","","19290106",",,6","19290109",",2,6","-30.0","2,6,15,","","","127",",,6,06,","12.7",",,6,06,","1.7","2,6,09,","","","905.2","2,6","53.3",",,,6","458",",,,6","-15.30","4,6","-9.36","2,,,6","-21.25","2,,,6"
"USC00136766","1929-02","43.08998","-91.55823","355.1","POSTVILLE, IA US","0.0","6","0.0","1,6","6",",6","3",",6","0",",6","","","3",",6","15","1,6","27","1,6","27",",6","0",",6","0",",6","","","19290220",",1,6","","","19290225",",,6","","","19290225",",,6","19290227",",,6","-33.9","1,6,20,","","","102",",,6,25,","10.2",",,6,25,","0.6",",6,27,","","","832.5",",6","23.0",",,,6","230",",,,6","-12.46","1,6","-6.96",",,,6","-17.97","1,,,6"
"USC00136766","1929-03","43.08998","-91.55823","355.1","POSTVILLE, IA US","0.0","6","0.0","5,6","","","","","","","","","2",",6","1","5,6","21","5,6","4",",6","0",",6","0",",6","","","19290307",",5,6","","","19290331",",,6","","","","","19290318",",,6","-17.8","5,6,07,","","","102",",,6,31,","","","16.7",",6,18,","","","459.4",",6","","","153",",,,6","0.63","5,6","5.92",",,,6","-4.66","5,,,6"
"USC00136766","1929-04","43.08998","-91.55823","355.1","POSTVILLE, IA US","6.1","6","6.1","2,6","","","","","","","","","1",",6","0","2,6","12","2,6","0",",6","6",",6","0",",6","","","19290401",",2,6","","","19290402",",,6","","","","","19290404",",,6","-7.2","2,6,01,","","","25",",,6,02,","","","26.7",",6,04,","","","280.0",",6","","","25",",,,6","8.43","2,6","14.01",",,,6","2.84","2,,,6"
"USC00136766","1929-05","43.08998","-91.55823","355.1","POSTVILLE, IA US","25.6","6","19.5","3,6","","","","","","","","","","","0","2,6","8","2,6","0","1,6","8","1,6","0","1,6","","","19290509",",2,6","","","","","","","","","19290531","+,1,6","-6.7","2,6,09,","","","","","","","28.9","1,6,31,+","","","212.5","1,6","","","","","11.28","3,6","17.00","1,,,6","5.56","2,,,6"
"USC00136766","1929-06","43.08998","-91.55823","355.1","POSTVILLE, IA US","57.0","6","31.4","2,6","7",",6","6",",6","0",",6","","","","","0","2,6","0","2,6","0",",6","19",",6","0",",6","","","19290603",",2,6","","","","","","","19290611",",,6","19290617","+,,6","3.3","2,6,03,","","","","","19.6",",,6,11,","28.9",",6,17,+","","","63.7",",6","59.7",",,,6","","","17.04","2,6","22.48",",,,6","11.60","2,,,6"
"USC00136766","1929-07","43.08998","-91.55823","355.1","POSTVILLE, IA US","153.9","6","96.9","2,6","4",",6","2",",6","1",",6","","","","","0","2,6","0","2,6","0",",6","31",",6","2",",6","","","19290720",",2,6","","","","","","","19290713",",,6","19290727","+,,6","8.3","2,6,20,","","","","","34.8",",,6,13,","32.2",",6,27,+","7.2","6","7.2",",6","46.2",",,,6","","","21.55","2,6","27.14",",,,6","15.96","2,,,6"
"USC00136766","1929-08","43.08998","-91.55823","355.1","POSTVILLE, IA US","212.9","6","59.0",",6","2",",6","2",",6","0",",6","","","","","0",",6","0",",6","0",",6","28",",6","1",",6","","","19290819",",,6","","","","","","","19290822",",,6","19290822",",,6","6.1",",6,19,","","","","","22.4",",,6,22,","32.2",",6,22,","34.0","6","26.8",",6","42.5",",,,6","","","19.37",",6","25.61",",,,6","13.14",",,,6"
"USC00136766","1929-09","43.08998","-91.55823","355.1","POSTVILLE, IA US","","","","","7",",6","5",",6","1",",6","","","","","","","","","0","4,6","14","4,6","0","4,6","","","","","","","","","","","19290909",",,6","19290903","+,4,6","","","","","","","41.1",",,6,09,","31.7","4,6,03,+","","","","","86.5",",,,6","","","","","21.73","4,,,6","",""
"USC00136766","1929-10","43.08998","-91.55823","355.1","POSTVILLE, IA US","","","","","","","","","","","","","1",",6","","","","","0","4,6","3","4,6","0","4,6","","","","","","","19291023",",,6","","","","","19291015",",4,6","","","","","51",",,6,23,","","","26.7","4,6,15,","","","","","","","51",",,,6","","","14.63","4,,,6","",""
"USC00136766","1929-11","43.08998","-91.55823","355.1","POSTVILLE, IA US","","","0.0",",6","5",",6","3",",6","0",",6","","","","","3",",6","27",",6","8",",6","0",",6","0",",6","","","19291129",",,6","","","","","","","19291112",",,6","19291102",",,6","-22.8",",6,29,","","","","","12.4",",,6,12,","12.8",",6,02,","","","602.7",",6","28.7",",,,6","","","-1.76",",6","3.22",",,,6","-6.74",",,,6"
"USC00136766","1929-12","43.08998","-91.55823","355.1","POSTVILLE, IA US","","","0.0",",6","4",",6","2",",6","0",",6","","","2",",6","7",",6","31",",6","18",",6","0",",6","0",",6","","","19291203",",,6","","","19291201",",,6","","","19291201",",,6","19291230",",,6","-22.2",",6,03,","","","102",",,6,01,","10.2",",,6,01,","9.4",",6,30,","","","756.6",",6","17.1",",,,6","174",",,,6","-6.07",",6","-1.85",",,,6","-10.30",",,,6"
"USC00136766","1930-01","43.08998","-91.55823","355.1","POSTVILLE, IA US","0.0","6","0.0","1,6","9",",6","6",",6","0",",6","30","1,6","6",",6","16",",6","31",",6","25","1,6","0","1,6","0","1,6","","","19300126","+,,6","19300126","+,1,6","19300115",",,6","","","19300115",",,6","19300105",",1,6","-31.7",",6,26,+","330","1,,6,26,+","152",",,6,15,","15.2",",,6,15,","7.2","1,6,05,","","","954.2","1,6","37.8",",,,6","380",",,,6","-13.42","1,6","-7.78","1,,,6","-19.05",",,,6"
"USC00136766","1930-02","43.08998","-91.55823","355.1","POSTVILLE, IA US","0.0","6","0.0","3,6","","","","","","","","","2",",6","2","3,6","21","3,6","8",",6","0",",6","0",",6","","","19300215",",3,6","","","19300216",",,6","","","","","19300220",",,6","-26.7","3,6,15,","","","38",",,6,16,","","","16.1",",6,20,","","","511.2",",6","","","89",",,,6","-1.72","3,6","3.53",",,,6","-6.96","3,,,6"
"USC00136766","1930-03","43.08998","-91.55823","355.1","POSTVILLE, IA US","0.0","6","0.0","3,6","5",",6","3",",6","0",",6","","","1",",6","1","2,6","28","2,6","4","1,6","1","1,6","0","1,6","","","19300302",",2,6","","","19300323",",,6","","","19300317",",,6","19300316",",1,6","-17.8","2,6,02,","","","25",",,6,23,","10.7",",,6,17,","23.3","1,6,16,","","","478.4","1,6","20.6",",,,6","38",",,,6","1.04","3,6","6.96","1,,,6","-4.89","2,,,6"
"USC00136766","1930-04","43.08998","-91.55823","355.1","POSTVILLE, IA US","3.6","6","3.6",",6","8",",6","7",",6","2",",6","","","1",",6","0",",6","12",",6","0",",6","5",",6","0",",6","","","19300401",",,6","","","19300401",",,6","","","19300415",",,6","19300410",",,6","-9.4",",6,01,","","","64",",,6,01,","56.9",",,6,15,","31.1",",6,10,","","","307.1",",6","104.8",",,,6","64",",,,6","8.22",",6","14.67",",,,6","1.76",",,,6"
"USC00136766","1930-05","43.08998","-91.55823","355.1","POSTVILLE, IA US","13.1","6","9.5","1,6","10",",6","7",",6","0",",6","","","0",",6","0","1,6","1","1,6","0",",6","15",",6","0",",6","","","19300517",",1,6","","","19300531","+,,6","","","19300522",",,6","19300521",",,6","-0.6","1,6,17,","","","0",",,6,31,+","21.6",",,6,22,","28.3",",6,21,","","","158.3",",6","84.8",",,,6","0",",,,6","13.53","1,6","19.13",",,,6","7.93","1,,,6"
"USC00136766","1930-06","43.08998","-91.55823","355.1","POSTVILLE, IA US","53.1","6","40.0",",6","7",",6","7",",6","2",",6","","","0",",6","0",",6","0",",6","0",",6","25",",6","1",",6","","","19300607",",,6","","","19300630","+,,6","","","19300613",",,6","19300603",",,6","5.6",",6,07,","","","0",",,6,30,+","54.1",",,6,13,","32.8",",6,03,","","","33.1",",6","169.7",",,,6","0",",,,6","18.56",",6","24.05",",,,6","13.08",",,,6"
"USC00136766","1930-07","43.08998","-91.55823","355.1","POSTVILLE, IA US","173.8","6","120.7","1,6","7",",6","6",",6","1",",6","","","0",",6","0","1,6","0","1,6","0",",6","31",",6","6",",6","","","19300715",",1,6","","","19300731","+,,6","","","19300705",",,6","19300720",",,6","7.2","1,6,15,","","","0",",,6,31,+","26.7",",,6,05,","34.4",",6,20,","11.4","6","11.4",",6","70.3",",,,6","0",",,,6","21.88","1,6","27.70",",,,6","16.07","1,,,6"
"USC00136766","1930-08","43.08998","-91.55823","355.1","POSTVILLE, IA US","265.2","6","91.4",",6","6",",6","4",",6","1",",6","","","0",",6","0",",6","0",",6","0",",6","31",",6","1",",6","","","19300822","+,,6","","","19300831","+,,6","","","19300805",",,6","19300803",",,6","7.8",",6,22,+","","","0",",,6,31,+","39.4",",,6,05,","35.0",",6,03,","28.1","6","16.7",",6","51.1",",,,6","0",",,,6","20.74",",6","27.09",",,,6","14.39",",,,6"
"USC00136766","1930-09","43.08998","-91.55823","355.1","POSTVILLE, IA US","279.4","6","14.2","1,6","6",",6","4",",6","1",",6","","","0",",6","0","1,6","3","1,6","0",",6","21",",6","0",",6","","","19300928",",1,6","","","19300930","+,,6","","","19300926",",,6","19300912",",,6","-1.1","1,6,28,","","","0",",,6,30,+","29.0",",,6,26,","30.6",",6,12,","119.7","6","91.6",",6","52.8",",,,6","0",",,,6","15.64","1,6","22.75",",,,6","8.52","1,,,6"
"USC00136766","1930-10","43.08998","-91.55823","355.1","POSTVILLE, IA US","285.5","6","6.1","2,6","8",",6","6",",6","1",",6","","","1",",6","0","1,6","12","1,6","1","1,6","5","1,6","0","1,6","","","19301022","+,1,6","","","19301030",",,6","","","19301008",",,6","19301010",",1,6","-8.9","1,6,22,+","","","25",",,6,30,","31.5",",,6,08,","28.9","1,6,10,","397.5","6","277.8","1,6","63.7",",,,6","25",",,,6","8.68","2,6","13.91","1,,,6","3.44","1,,,6"
"USC00136766","1930-11","43.08998","-91.55823","355.1","POSTVILLE, IA US","285.5","6","0.0",",6","6",",6","4",",6","2",",6","","","1",",6","2",",6","17",",6","6",",6","0",",6","0",",6","","","19301128",",,6","","","19301125",",,6","","","19301116",",,6","19301119",",,6","-23.3",",6,28,","","","102",",,6,25,","45.2",",,6,16,","20.6",",6,19,","866.4","6","468.9",",6","100.4",",,,6","128",",,,6","2.70",",6","9.01",",,,6","-3.60",",,,6"
"USC00136766","1930-12","43.08998","-91.55823","355.1","POSTVILLE, IA US","285.5","6","0.0",",6","4",",6","2",",6","0",",6","","","","","4",",6","31",",6","23",",6","0",",6","0",",6","","","19301201",",,6","","","","","","","19301220",",,6","19301209",",,6","-19.4",",6,01,","","","","","3.8",",,6,20,","8.9",",6,09,","1605.6","6","739.2",",6","10.1",",,,6","","","-5.51",",6","-1.87",",,,6","-9.16",",,,6"
"USC00136766","1931-01","43.08998","-91.55823","355.1","POSTVILLE, IA US","0.0","6","0.0","2,6","1",",6","1",",6","0",",6","","","1",",6","3",",6","31",",6","14","2,6","0","2,6","0","2,6","","","19310121",",,6","","","19310118",",,6","","","19310118",",,6","19310130","+,2,6","-22.2",",6,21,","","","152",",,6,18,","15.2",",,6,18,","7.2","2,6,30,+","2256.6","6","651.0","2,6","15.2",",,,6","152",",,,6","-4.04","2,6","0.64","2,,,6","-8.73",",,,6"
"USC00136766","1931-02","43.08998","-91.55823","355.1","POSTVILLE, IA US","0.0","6","0.0",",6","2",",6","2",",6","0",",6","","","1",",6","1",",6","28",",6","5",",6","0",",6","0",",6","","","19310210",",,6","","","19310206",",,6","","","19310206",",,6","19310224",",,6","-20.0",",6,10,","","","102",",,6,06,","10.2",",,6,06,","13.3",",6,24,","2786.8","6","530.2",",6","13.0",",,,6","102",",,,6","-0.60",",6","3.89",",,,6","-5.09",",,,6"
"USC00136766","1931-03","43.08998","-91.55823","355.1","POSTVILLE, IA US","0.0","6","0.0",",6","5",",6","4",",6","0",",6","","","2",",6","0",",6","29",",6","8",",6","0",",6","0",",6","","","19310304",",,6","","","19310328",",,6","","","19310328",",,6","19310321",",,6","-9.4",",6,04,","","","229",",,6,28,","22.9",",,6,28,","11.1",",6,21,","3376.8","6","590.0",",6","40.7",",,,6","318",",,,6","-0.70",",6","3.19",",,,6","-4.59",",,,6"
"USC00136766","1931-04","43.08998","-91.55823","355.1","POSTVILLE, IA US","0.6","6","0.6","1,6","6",",6","5",",6","0",",6","","","0",",6","0",",6","11",",6","0","1,6","7","1,6","0","1,6","","","19310401",",,6","","","19310430","+,,6","","","19310417",",,6","19310408",",1,6","-4.4",",6,01,","","","0",",,6,30,+","13.2",",,6,17,","27.2","1,6,08,","3650.9","6","274.1","1,6","35.5",",,,6","0",",,,6","8.84","1,6","15.21","1,,,6","2.47",",,,6"
"USC00136766","1931-05","43.08998","-91.55823","355.1","POSTVILLE, IA US","6.2","6","5.6",",6","6",",6","5",",6","0",",6","","","0",",6","0",",6","5",",6","0",",6","10",",6","0",",6","","","19310523",",,6","","","19310520",",,6","","","19310509",",,6","19310527",",,6","-1.7",",6,23,","","","0",",T,6,20,","19.1",",,6,09,","28.3",",6,27,","3863.7","6","212.8",",6","55.2",",,,6","0",",T,,6","11.65",",6","17.42",",,,6","5.87",",,,6"
"USC00136766","1931-06","43.08998","-91.55823","355.1","POSTVILLE, IA US","128.6","6","122.4",",6","8",",6","5",",6","0",",6","","","0",",6","0",",6","0",",6","0",",6","26",",6","6",",6","","","19310608",",,6","","","19310630","+,,6","","","19310622",",,6","19310628",",,6","5.0",",6,08,","","","0",",,6,30,+","18.5",",,6,22,","35.6",",6,28,","3890.1","6","26.4",",6","50.5",",,,6","0",",,,6","21.53",",6","26.55",",,,6","16.52",",,,6"
"USC00136766","1931-07","43.08998","-91.55823","355.1","POSTVILLE, IA US","280.7","6","152.1",",6","6",",6","5",",6","0",",6","","","0",",6","0",",6","0",",6","0",",6","31",",6","13",",6","","","19310725",",,6","","","19310731","+,,6","","","19310705",",,6","19310717",",,6","3.9",",6,25,","","","0",",,6,31,+","10.4",",,6,05,","37.2",",6,17,","7.5","6","7.5",",6","35.7",",,,6","0",",,,6","23.00",",6","30.02",",,,6","15.98",",,,6"
"USC00136766","1931-08","43.08998","-91.55823","355.1","POSTVILLE, IA US","363.5","6","82.8",",6","5",",6","4",",6","1",",6","","","0",",6","0",",6","0",",6","0",",6","28",",6","3",",6","","","19310830",",,6","","","19310831","+,,6","","","19310827",",,6","19310816","+,,6","5.0",",6,30,","","","0",",,6,31,+","44.5",",,6,27,","32.8",",6,16,+","29.2","6","21.7",",6","68.6",",,,6","0",",,,6","20.30",",6","26.92",",,,6","13.69",",,,6"
"USC00136766","1931-09","43.08998","-91.55823","355.1","POSTVILLE, IA US","434.7","6","71.2","1,6","15",",6","12",",6","3",",6","","","0",",6","0","1,6","0","1,6","0",",6","19",",6","2",",6","","","19310924",",1,6","","","19310930","+,,6","","","19310925",",,6","19310916","+,,6","3.9","1,6,24,","","","0",",,6,30,+","69.9",",,6,25,","33.3",",6,16,+","88.6","6","59.4",",6","223.9",",,,6","0",",,,6","18.86","1,6","23.74",",,,6","13.97","1,,,6"
"USC00136766","1931-10","43.08998","-91.55823","355.1","POSTVILLE, IA US","436.6","6","1.9",",6","9",",6","6",",6","0",",6","","","0",",6","0",",6","0",",6","0",",6","6",",6","0",",6","","","19311029","+,,6","","","19311031","+,,6","","","19311029",",,6","19311004",",,6","1.7",",6,29,+","","","0",",,6,31,+","8.4",",,6,29,","25.0",",6,04,","297.5","6","208.9",",6","40.4",",,,6","0",",,,6","11.66",",6","16.27",",,,6","7.04",",,,6"
"USC00136766","1931-11","43.08998","-91.55823","355.1","POSTVILLE, IA US","436.6","6","0.0","2,6","","","","","","","","","0",",6","0","2,6","14","2,6","3",",6","1",",6","0",",6","","","19311125",",2,6","","","19311124",",,6","","","","","19311108",",,6","-10.6","2,6,25,","","","0",",T,6,24,","","","21.7",",6,08,","678.5","6","381.0",",6","","","0",",T,,6","4.85","2,6","9.99",",,,6","-0.29","2,,,6"
"USC00136766","1931-12","43.08998","-91.55823","355.1","POSTVILLE, IA US","436.6","6","0.0","2,6","5",",6","3",",6","1",",6","","","","","0","1,6","29","1,6","4","1,6","0","1,6","0","1,6","","","19311207",",1,6","","","","","","","19311211",",,6","19311218",",1,6","-13.3","1,6,07,","","","","","33.5",",,6,11,","9.4","1,6,18,","1225.3","6","546.8","1,6","61.8",",,,6","","","-0.63","2,6","2.83","1,,,6","-4.10","1,,,6"
"USC00136766","1932-01","43.08998","-91.55823","355.1","POSTVILLE, IA US","0.0","6","0.0","1,6","10",",6","6",",6","0",",6","26","2,6","3",",6","4","1,6","30","1,6","20",",6","0",",6","0",",6","","","19320131",",1,6","19320111","+,2,6","19320105",",,6","","","19320105",",,6","19320125",",,6","-26.1","1,6,31,","152","2,,6,11,+","127",",,6,05,","12.7",",,6,05,","7.2",",6,25,","1964.1","6","738.8",",6","39.2",",,,6","272",",,,6","-6.22","1,6","-2.15",",,,6","-10.29","1,,,6"
"USC00136766","1932-02","43.08998","-91.55823","355.1","POSTVILLE, IA US","0.0","6","0.0","1,6","5",",6","4",",6","0",",6","","","2",",6","3","1,6","27","1,6","11",",6","0",",6","0",",6","","","19320204","+,1,6","","","19320201",",,6","","","19320201",",,6","19320227",",,6","-22.2","1,6,04,+","","","102",",,6,01,","10.2",",,6,01,","11.1",",6,27,","2586.8","6","622.7",",6","29.5",",,,6","140",",,,6","-3.92","1,6","1.64",",,,6","-9.49","1,,,6"
"USC00136766","1932-03","43.08998","-91.55823","355.1","POSTVILLE, IA US","0.0","6","0.0","1,6","6",",6","5",",6","0",",6","","","5",",6","5",",6","31",",6","12","1,6","0","1,6","0","1,6","","","19320308",",,6","","","19320324",",,6","","","19320324",",,6","19320329",",1,6","-21.1",",6,08,","","","178",",,6,24,","17.8",",,6,24,","17.8","1,6,29,","3280.2","6","693.4","1,6","44.5",",,,6","445",",,,6","-4.68","1,6","0.22","1,,,6","-9.57",",,,6"
"USC00136766","1932-04","43.08998","-91.55823","355.1","POSTVILLE, IA US","0.0","6","0.0","1,6","8",",6","7",",6","1",",6","","","0",",6","0","1,6","15","1,6","0",",6","1",",6","0",",6","","","19320414",",1,6","","","19320430","+,,6","","","19320407",",,6","19320422",",,6","-4.4","1,6,14,","","","0",",,6,30,+","35.3",",,6,07,","23.3",",6,22,","3621.2","6","341.0",",6","93.7",",,,6","0",",,,6","6.64","1,6","12.44",",,,6","0.83","1,,,6"
"USC00136766","1932-05","43.08998","-91.55823","355.1","POSTVILLE, IA US","7.6","6","7.6",",6","8",",6","7",",6","2",",6","","","0",",6","0",",6","1",",6","0",",6","15",",6","0",",6","","","19320502",",,6","","","19320531","+,,6","","","19320504",",,6","19320514",",,6","-0.6",",6,02,","","","0",",,6,31,+","63.2",",,6,04,","31.7",",6,14,","3744.1","6","122.9",",6","145.7",",,,6","0",",,,6","14.61",",6","20.84",",,,6","8.38",",,,6"
"USC00136766","1932-06","43.08998","-91.55823","355.1","POSTVILLE, IA US","40.9","6","33.3","3,6","9",",6","8",",6","2",",6","","","0",",6","0","2,6","0","2,6","0","1,6","29","1,6","0","1,6","","","19320612",",2,6","","","19320630","+,,6","","","19320605",",,6","19320630",",1,6","11.1","2,6,12,","","","0",",,6,30,+","38.1",",,6,05,","30.6","1,6,30,","3751.7","6","7.6","1,6","146.2",",,,6","0",",,,6","19.46","3,6","24.67","1,,,6","14.24","2,,,6"
"USC00136766","1932-07","43.08998","-91.55823","355.1","POSTVILLE, IA US","152.8","6","111.9",",6","5",",6","4",",6","1",",6","","","0",",6","0",",6","0",",6","0",",6","30",",6","5",",6","","","19320702",",,6","","","19320731","+,,6","","","19320710",",,6","19320720","+,,6","8.3",",6,02,","","","0",",,6,31,+","48.3",",,6,10,","33.3",",6,20,+","9.2","6","9.2",",6","104.2",",,,6","0",",,,6","21.65",",6","27.89",",,,6","15.40",",,,6"
"USC00136766","1932-08","43.08998","-91.55823","355.1","POSTVILLE, IA US","222.4","6","69.6",",6","8",",6","5",",6","1",",6","","","0",",6","0",",6","0",",6","0",",6","29",",6","0",",6","","","19320819",",,6","","","19320831","+,,6","","","19320828",",,6","19320830",",,6","9.4",",6,19,","","","0",",,6,31,+","42.4",",,6,28,","31.1",",6,30,","19.1","6","9.9",",6","118.7",",,,6","0",",,,6","20.26",",6","25.93",",,,6","14.59",",,,6"
"USC00136766","1932-09","43.08998","-91.55823","355.1","POSTVILLE, IA US","224.1","6","1.7",",6","5",",6","5",",6","1",",6","","","0",",6","0",",6","0",",6","0",",6","17",",6","0",",6","","","19320929",",,6","","","19320930","+,,6","","","19320912",",,6","19320910",",,6","1.7",",6,29,","","","0",",,6,30,+","49.5",",,6,12,","27.2",",6,10,","138.9","6","119.8",",6","79.9",",,,6","0",",,,6","14.39",",6","21.22",",,,6","7.57",",,,6"
"USC00136766","1932-10","43.08998","-91.55823","355.1","POSTVILLE, IA US","224.7","6","0.6",",6","7",",6","7",",6","1",",6","","","0",",6","0",",6","11",",6","0",",6","3",",6","0",",6","","","19321030",",,6","","","19321010",",,6","","","19321012",",,6","19321002","+,,6","-4.4",",6,30,","","","13",",,6,10,","38.9",",,6,12,","25.6",",6,02,+","465.1","6","326.2",",6","77.9",",,,6","13",",,,6","7.83",",6","12.80",",,,6","2.85",",,,6"
"USC00136766","1932-11","43.08998","-91.55823","355.1","POSTVILLE, IA US","224.7","6","0.0","1,6","5",",6","4",",6","0",",6","","","1",",6","0","1,6","25","1,6","7",",6","0",",6","0",",6","","","19321119",",1,6","","","19321109",",,6","","","19321108",",,6","19321106",",,6","-15.6","1,6,19,","","","38",",,6,09,","25.1",",,6,08,","15.6",",6,06,","1014.7","6","549.6",",6","48.5",",,,6","51",",,,6","-0.71","1,6","4.40",",,,6","-5.81","1,,,6"
"USC00136766","1932-12","43.08998","-91.55823","355.1","POSTVILLE, IA US","224.7","6","0.0","4,6","5",",6","3",",6","0",",6","","","1",",6","11","2,6","29","2,6","16","2,6","0","2,6","0","2,6","","","19321216",",2,6","","","19321211",",,6","","","19321211",",,6","19321203",",2,6","-27.8","2,6,16,","","","102",",,6,11,","10.2",",,6,11,","6.1","2,6,03,","1722.7","6","708.0","2,6","31.1",",,,6","123",",,,6","-7.45","4,6","-3.14","2,,,6","-11.76","2,,,6"
"USC00136766","1933-01","43.08998","-91.55823","355.1","POSTVILLE, IA US","0.0","6","0.0",",6","5",",6","2",",6","0",",6","","","1",",6","1",",6","29",",6","6",",6","0",",6","0",",6","","","19330114",",,6","","","19330127",",,6","","","19330131",",,6","19330116",",,6","-18.3",",6,14,","","","25",",,6,27,","2.8",",,6,31,","10.0",",6,16,","2338.1","6","615.4",",6","9.4",",,,6","30",",,,6","-1.52",",6","3.56",",,,6","-6.60",",,,6"
"USC00136766","1933-02","43.08998","-91.55823","355.1","POSTVILLE, IA US","0.0","6","0.0",",6","5",",6","3",",6","0",",6","","","3",",6","10",",6","28",",6","14",",6","0",",6","0",",6","","","19330209",",,6","","","19330213","+,,6","","","19330213","+,,6","19330223",",,6","-32.8",",6,09,","","","51",",,6,13,+","5.1",",,6,13,+","13.3",",6,23,","3066.0","6","727.9",",6","14.8",",,,6","145",",,,6","-7.66",",6","-1.78",",,,6","-13.55",",,,6"
"USC00136766","1933-03","43.08998","-91.55823","355.1","POSTVILLE, IA US","0.0","6","0.0","2,6","8",",6","8",",6","0",",6","","","4",",6","1","1,6","27","1,6","4","1,6","0","1,6","0","1,6","","","19330310",",1,6","","","19330325",",,6","","","19330329",",,6","19330312",",1,6","-17.8","1,6,10,","","","127",",,6,25,","16.5",",,6,29,","18.3","1,6,12,","3599.3","6","533.3","1,6","69.8",",,,6","279",",,,6","-0.12","2,6","4.94","1,,,6","-5.17","1,,,6"
"USC00136766","1933-04","43.08998","-91.55823","355.1","POSTVILLE, IA US","0.0","6","0.0",",6","7",",6","5",",6","1",",6","","","0",",6","0",",6","15",",6","0",",6","2",",6","0",",6","","","19330427","+,,6","","","19330406","+,,6","","","19330410",",,6","19330429",",,6","-2.8",",6,27,+","","","0",",T,6,06,+","29.5",",,6,10,","23.9",",6,29,","3938.0","6","338.7",",6","61.5",",,,6","0",",T,,6","7.04",",6","12.33",",,,6","1.76",",,,6"
"USC00136766","1933-05","43.08998","-91.55823","355.1","POSTVILLE, IA US","9.4","6","9.4","1,6","15",",6","12",",6","1",",6","","","0",",6","0","1,6","0","1,6","0",",6","16",",6","0",",6","","","19330503",",1,6","","","19330531","+,,6","","","19330520",",,6","19330517",",,6","1.1","1,6,03,","","","0",",,6,31,+","35.6",",,6,20,","26.7",",6,17,","4089.0","6","151.0",",6","151.0",",,,6","0",",,,6","13.74","1,6","18.86",",,,6","8.63","1,,,6"
"USC00136766","1933-06","43.08998","-91.55823","355.1","POSTVILLE, IA US","156.6","6","147.2",",6","7",",6","4",",6","0",",6","","","0",",6","0",",6","0",",6","0",",6","28",",6","8",",6","","","19330614",",,6","","","19330630","+,,6","","","19330625","+,,6","19330630","+,,6","3.9",",6,14,","","","0",",,6,30,+","4.8",",,6,25,+","34.4",",6,30,+","4104.0","6","15.0",",6","22.1",",,,6","0",",,,6","22.74",",6","29.22",",,,6","16.26",",,,6"
"USC00136766","1933-07","43.08998","-91.55823","355.1","POSTVILLE, IA US","282.4","6","125.8",",6","7",",6","4",",6","1",",6","","","0",",6","0",",6","0",",6","0",",6","31",",6","3",",6","","","19330716",",,6","","","19330731","+,,6","","","19330702",",,6","19330730",",,6","10.0",",6,16,","","","0",",,6,31,+","58.4",",,6,02,","34.4",",6,30,","0.6","6","0.6",",6","88.1",",,,6","0",",,,6","22.37",",6","28.28",",,,6","16.47",",,,6"
"USC00136766","1933-08","43.08998","-91.55823","355.1","POSTVILLE, IA US","348.5","6","66.1","1,6","5",",6","2",",6","0",",6","","","0",",6","0",",6","0",",6","0","1,6","30","1,6","0","1,6","","","19330819",",,6","","","19330831","+,,6","","","19330802",",,6","19330816",",1,6","6.7",",6,19,","","","0",",,6,31,+","9.1",",,6,02,","31.7","1,6,16,","15.1","6","14.5","1,6","16.4",",,,6","0",",,,6","20.07","1,6","27.01","1,,,6","13.13",",,,6"
"USC00136766","1933-09","43.08998","-91.55823","355.1","POSTVILLE, IA US","412.7","6","64.2","1,6","11",",6","10",",6","0",",6","","","0",",6","0","1,6","0","1,6","0",",6","22",",6","4",",6","","","19330929",",1,6","","","19330930","+,,6","","","19330913",",,6","19330908",",,6","5.0","1,6,29,","","","0",",,6,30,+","25.1",",,6,13,","35.6",",6,08,","56.4","6","41.3",",6","108.3",",,,6","0",",,,6","19.01","1,6","25.22",",,,6","12.81","1,,,6"
"USC00136766","1933-10","43.08998","-91.55823","355.1","POSTVILLE, IA US","414.9","6","2.2","1,6","6",",6","4",",6","0",",6","","","0",",6","0","1,6","11","1,6","0",",6","6",",6","0",",6","","","19331025",",1,6","","","19331031","+,,6","","","19331016",",,6","19331031","+,,6","-6.7","1,6,25,","","","0",",,6,31,+","21.8",",,6,16,","26.1",",6,31,+","358.0","6","301.6",",6","52.6",",,,6","0",",,,6","8.37","1,6","14.75",",,,6","1.98","1,,,6"
"USC00136766","1933-11","43.08998","-91.55823","355.1","POSTVILLE, IA US","415.4","6","0.5","2,6","4",",6","1",",6","0",",6","","","1",",6","1",",6","27",",6","5","2,6","1","2,6","0","2,6","","","19331116",",,6","","","19331105",",,6","","","19331105",",,6","19331101",",2,6","-18.9",",6,16,","","","25",",,6,05,","2.5",",,6,05,","24.4","2,6,01,","833.3","6","475.3","2,6","4.8",",,,6","48",",,,6","1.12","2,6","6.86","2,,,6","-4.61",",,,6"
"USC00136766","1933-12","43.08998","-91.55823","355.1","POSTVILLE, IA US","415.4","6","0.0","3,6","4",",6","3",",6","0",",6","","","2",",6","7","3,6","26","3,6","14",",6","0",",6","0",",6","","","19331227",",3,6","","","19331226","+,,6","","","19331203",",,6","19331204",",,6","-31.1","3,6,27,","","","51",",,6,26,+","7.1",",,6,03,","11.7",",6,04,","1523.6","6","690.3",",6","18.3",",,,6","102",",,,6","-6.10","3,6","-0.99",",,,6","-11.20","3,,,6"
"USC00136766","1934-01","43.08998","-91.55823","355.1","POSTVILLE, IA US","0.0","6","0.0","4,6","6",",6","3",",6","0",",6","","","2",",6","3","3,6","28","3,6","15","1,6","0","1,6","0","1,6","","","19340129",",3,6","","","19340113",",,6","","","19340121",",,6","19340124",",1,6","-24.4","3,6,29,","","","64",",,6,13,","3.6",",,6,21,","8.9","1,6,24,","2141.4","6","617.8","1,6","12.9",",,,6","109",",,,6","-4.63","4,6","0.63","1,,,6","-9.88","3,,,6"
"USC00136766","1934-02","43.08998","-91.55823","355.1","POSTVILLE, IA US","0.0","6","0.0","2,6","","","","","","","","","1",",6","5","2,6","26","2,6","18",",6","0",",6","0",",6","","","19340226",",2,6","","","19340216",",,6","","","","","19340214",",,6","-23.9","2,6,26,","","","76",",,6,16,","","","14.4",",6,14,","2807.3","6","665.9",",6","","","115",",,,6","-7.04","2,6","-1.49",",,,6","-12.59","2,,,6"
"USC00136766","1934-03","43.08998","-91.55823","355.1","POSTVILLE, IA US","0.0","6","0.0",",6","5",",6","4",",6","0",",6","","","2",",6","0",",6","29",",6","9",",6","0",",6","0",",6","","","19340310",",,6","","","19340330",",,6","","","19340317",",,6","19340312",",,6","-16.7",",6,10,","","","76",",,6,30,","6.6",",,6,17,","17.8",",6,12,","3400.1","6","592.8",",6","20.0",",,,6","127",",,,6","-0.79",",6","4.94",",,,6","-6.52",",,,6"
"USC00136766","1934-04","43.08998","-91.55823","355.1","POSTVILLE, IA US","2.5","6","2.5",",6","6",",6","3",",6","0",",6","","","1",",6","0",",6","13",",6","0",",6","7",",6","0",",6","","","19340425",",,6","","","19340411",",,6","","","19340403",",,6","19340430",",,6","-4.4",",6,25,","","","25",",,6,11,","7.6",",,6,03,","27.8",",6,30,","3721.4","6","321.3",",6","18.9",",,,6","25",",,,6","7.71",",6","13.96",",,,6","1.46",",,,6"
"USC00136766","1934-05","43.08998","-91.55823","355.1","POSTVILLE, IA US","94.9","6","92.4",",6","5",",6","3",",6","0",",6","","","0",",6","0",",6","0",",6","0",",6","25",",6","9",",6","","","19340525",",,6","","","19340531","+,,6","","","19340513",",,6","19340531",",,6","2.2",",6,25,","","","0",",,6,31,+","20.3",",,6,13,","40.6",",6,31,","3781.5","6","60.1",",6","33.5",",,,6","0",",,,6","19.38",",6","27.30",",,,6","11.45",",,,6"
"USC00136766","1934-06","43.08998","-91.55823","355.1","POSTVILLE, IA US","241.0","6","146.1",",6","10",",6","7",",6","0",",6","","","0",",6","0",",6","0",",6","0",",6","30",",6","13",",6","","","19340613",",,6","","","19340630","+,,6","","","19340608",",,6","19340627",",,6","8.9",",6,13,","","","0",",,6,30,+","23.9",",,6,08,","40.0",",6,27,","3788.7","6","7.2",",6","69.8",",,,6","0",",,,6","22.96",",6","30.04",",,,6","15.88",",,,6"
"USC00136766","1934-07","43.08998","-91.55823","355.1","POSTVILLE, IA US","403.1","6","162.1",",6","10",",6","7",",6","1",",6","","","0",",6","0",",6","0",",6","0",",6","31",",6","9",",6","","","19340707",",,6","","","19340731","+,,6","","","19340710",",,6","19340723",",,6","8.9",",6,07,","","","0",",,6,31,+","44.7",",,6,10,","37.8",",6,23,","2.5","6","2.5",",6","128.9",",,,6","0",",,,6","23.48",",6","29.51",",,,6","17.45",",,,6"
"USC00136766","1934-08","43.08998","-91.55823","355.1","POSTVILLE, IA US","482.1","6","79.0","1,6","14",",6","8",",6","1",",6","","","0",",6","0",",6","0",",6","0","1,6","25","1,6","3","1,6","","","19340829",",,6","","","19340831","+,,6","","","19340815",",,6","19340808",",1,6","1.7",",6,29,","","","0",",,6,31,+","29.2",",,6,15,","36.1","1,6,08,","49.7","6","47.2","1,6","122.5",",,,6","0",",,,6","19.38","1,6","25.76","1,,,6","13.00",",,,6"
"USC00136766","1934-09","43.08998","-91.55823","355.1","POSTVILLE, IA US","496.3","6","14.2",",6","12",",6","10",",6","2",",6","","","0",",6","0",",6","1",",6","0",",6","13",",6","0",",6","","","19340927",",,6","","","19340930","+,,6","","","19340903",",,6","19340925",",,6","0.0",",6,27,","","","0",",,6,30,+","34.3",",,6,03,","27.2",",6,25,","170.8","6","121.1",",6","131.5",",,,6","0",",,,6","14.77",",6","20.46",",,,6","9.08",",,,6"
"USC00136766","1934-10","43.08998","-91.55823","355.1","POSTVILLE, IA US","497.4","6","1.1",",6","3",",6","2",",6","0",",6","","","0",",6","0",",6","5",",6","0",",6","15",",6","0",",6","","","19341030",",,6","","","19341031","+,,6","","","19341020",",,6","19341011",",,6","-4.4",",6,30,","","","0",",,6,31,+","16.3",",,6,20,","28.9",",6,11,","374.1","6","203.3",",6","28.2",",,,6","0",",,,6","11.81",",6","18.50",",,,6","5.12",",,,6"
"USC00136766","1934-11","43.08998","-91.55823","355.1","POSTVILLE, IA US","497.4","6","0.0","1,6","9",",6","8",",6","2",",6","","","2",",6","0",",6","17",",6","2","1,6","0","1,6","0","1,6","","","19341123","+,,6","","","19341130",",,6","","","19341130",",,6","19341119","+,1,6","-6.7",",6,23,+","","","279",",,6,30,","31.8",",,6,30,","17.2","1,6,19,+","780.4","6","406.3","1,6","134.1",",,,6","304",",,,6","4.25","1,6","8.58","1,,,6","-0.09",",,,6"
"USC00136766","1934-12","43.08998","-91.55823","355.1","POSTVILLE, IA US","497.4","6","0.0",",6","4",",6","1",",6","0",",6","31",",6","1",",6","9",",6","31",",6","27",",6","0",",6","0",",6","","","19341226",",,6","19341211","+,,6","19341203",",,6","","","19341203",",,6","19341215","+,,6","-26.1",",6,26,","356",",,6,11,+","102",",,6,03,","9.7",",,6,03,","2.2",",6,15,+","1605.0","6","824.6",",6","14.8",",,,6","155",",,,6","-8.27",",6","-3.80",",,,6","-12.73",",,,6"
"USC00136766","1935-01","43.08998","-91.55823","355.1","POSTVILLE, IA US","0.0","6","0.0","1,6","4",",6","4",",6","0",",6","","","3",",6","13",",6","30",",6","23","1,6","0","1,6","0","1,6","","","19350123",",,6","","","19350113",",,6","","","19350119",",,6","19350106","+,1,6","-31.7",",6,23,","","","38",",,6,13,","11.9",",,6,19,","3.9","1,6,06,+","2453.3","6","848.3","1,6","27.6",",,,6","101",",,,6","-9.70","1,6","-4.75","1,,,6","-14.65",",,,6"
"USC00136766","1935-02","43.08998","-91.55823","355.1","POSTVILLE, IA US","0.0","6","0.0",",6","3",",6","3",",6","0",",6","","","2",",6","2",",6","28",",6","16",",6","0",",6","0",",6","","","19350227",",,6","","","19350225","+,,6","","","19350224",",,6","19350202",",,6","-21.7",",6,27,","","","51",",,6,25,+","5.1",",,6,24,","5.6",",6,02,","3084.1","6","630.8",",6","13.2",",,,6","115",",,,6","-4.20",",6","-0.50",",,,6","-7.90",",,,6"
"USC00136766","1935-03","43.08998","-91.55823","355.1","POSTVILLE, IA US","0.0","6","0.0","1,6","9",",6","5",",6","0",",6","","","3",",6","0","1,6","20","1,6","2",",6","0",",6","0",",6","","","19350308",",1,6","","","19350307",",,6","","","19350322",",,6","19350315",",,6","-11.1","1,6,08,","","","102",",,6,07,","12.4",",,6,22,","19.4",",6,15,","3557.1","6","473.0",",6","46.1",",,,6","152",",,,6","2.45","1,6","7.45",",,,6","-2.54","1,,,6"
"USC00136766","1935-04","43.08998","-91.55823","355.1","POSTVILLE, IA US","0.0","6","0.0",",6","8",",6","6",",6","0",",6","","","0",",6","0",",6","12",",6","0",",6","3",",6","0",",6","","","19350415",",,6","","","19350415",",,6","","","19350411",",,6","19350426","+,,6","-6.7",",6,15,","","","0",",T,6,15,","19.8",",,6,11,","22.8",",6,26,+","3913.3","6","356.2",",6","65.1",",,,6","0",",T,,6","6.46",",6","11.37",",,,6","1.55",",,,6"
"USC00136766","1935-05","43.08998","-91.55823","355.1","POSTVILLE, IA US","0.0","6","0.0",",6","9",",6","6",",6","1",",6","","","0",",6","0",",6","2",",6","0",",6","6",",6","0",",6","","","19350504",",,6","","","19350531","+,,6","","","19350503",",,6","19350521",",,6","-2.8",",6,04,","","","0",",,6,31,+","29.2",",,6,03,","25.0",",6,21,","4136.3","6","223.0",",6","68.8",",,,6","0",",,,6","11.14",",6","16.44",",,,6","5.84",",,,6"
"USC00136766","1935-06","43.08998","-91.55823","355.1","POSTVILLE, IA US","22.1","6","22.1",",6","16",",6","13",",6","2",",6","","","0",",6","0",",6","0",",6","0",",6","19",",6","0",",6","","","19350607",",,6","","","19350630","+,,6","","","19350618",",,6","19350613",",,6","2.8",",6,07,","","","0",",,6,30,+","32.3",",,6,18,","28.9",",6,13,","4214.4","6","78.1",",6","171.1",",,,6","0",",,,6","16.47",",6","21.83",",,,6","11.11",",,,6"
"USC00136766","1935-07","43.08998","-91.55823","355.1","POSTVILLE, IA US","195.2","6","173.1",",6","7",",6","4",",6","1",",6","","","0",",6","0",",6","0",",6","0",",6","31",",6","5",",6","","","19350716",",,6","","","19350731","+,,6","","","19350721",",,6","19350718",",,6","12.8",",6,16,","","","0",",,6,31,+","56.1",",,6,21,","33.9",",6,18,","0.0","6","0.0",",6","85.0",",,,6","0",",,,6","23.92",",6","29.37",",,,6","18.46",",,,6"
"USC00136766","1935-08","43.08998","-91.55823","355.1","POSTVILLE, IA US","290.9","6","95.7",",6","7",",6","5",",6","3",",6","","","0",",6","0",",6","0",",6","0",",6","26",",6","0",",6","","","19350829","+,,6","","","19350831","+,,6","","","19350820",",,6","19350811",",,6","3.9",",6,29,+","","","0",",,6,31,+","36.6",",,6,20,","31.7",",6,11,","28.3","6","28.3",",6","108.1",",,,6","0",",,,6","20.51",",6","26.27",",,,6","14.75",",,,6"
"USC00136766","1935-09","43.08998","-91.55823","355.1","POSTVILLE, IA US","327.4","6","36.5","1,6","7",",6","5",",6","0",",6","","","0",",6","0",",6","1",",6","0","1,6","18","1,6","0","1,6","","","19350927",",,6","","","19350930","+,,6","","","19350919",",,6","19350914",",1,6","0.0",",6,27,","","","0",",,6,30,+","9.1",",,6,19,","31.1","1,6,14,","114.7","6","86.4","1,6","34.5",",,,6","0",",,,6","16.54","1,6","23.06","1,,,6","10.03",",,,6"
"USC00136766","1935-10","43.08998","-91.55823","355.1","POSTVILLE, IA US","331.0","6","3.6",",6","7",",6","5",",6","2",",6","","","0",",6","0",",6","11",",6","0",",6","6",",6","0",",6","","","19351006",",,6","","","19351031","+,,6","","","19351017",",,6","19351015","+,,6","-7.8",",6,06,","","","0",",,6,31,+","34.3",",,6,17,","27.2",",6,15,+","395.5","6","280.8",",6","85.6",",,,6","0",",,,6","9.39",",6","16.10",",,,6","2.68",",,,6"
"USC00136766","1935-11","43.08998","-91.55823","355.1","POSTVILLE, IA US","331.0","6","0.0","1,6","6",",6","5",",6","0",",6","","","2",",6","0","1,6","25","1,6","5",",6","0",",6","0",",6","","","19351122",",1,6","","","19351128",",,6","","","19351127",",,6","19351108",",,6","-17.2","1,6,22,","","","51",",,6,28,","24.9",",,6,27,","15.0",",6,08,","938.5","6","543.0",",6","66.8",",,,6","89",",,,6","-0.39","1,6","4.15",",,,6","-4.94","1,,,6"
"USC00136766","1935-12","43.08998","-91.55823","355.1","POSTVILLE, IA US","331.0","6","0.0",",6","5",",6","3",",6","0",",6","","","3",",6","8",",6","31",",6","22",",6","0",",6","0",",6","","","19351226",",,6","","","19351222",",,6","","","19351222",",,6","19351207",",,6","-25.6",",6,26,","","","76",",,6,22,","7.1",",,6,22,","4.4",",6,07,","1741.8","6","803.3",",6","21.4",",,,6","152",",,,6","-7.58",",6","-3.69",",,,6","-11.47",",,,6"
"USC00136766","1936-01","43.08998","-91.55823","355.1","POSTVILLE, IA US","0.0","6","0.0",",6","7",",6","4",",6","0",",6","","","4",",6","18",",6","31",",6","25",",6","0",",6","0",",6","","","19360122",",,6","","","19360108",",,6","","","19360108",",,6","19360112",",,6","-34.4",",6,22,","","","64",",,6,08,","6.1",",,6,08,","3.9",",6,12,","2724.1","6","982.3",",6","20.4",",,,6","191",",,,6","-13.35",",6","-8.35",",,,6","-18.35",",,,6"
"USC00136766","1936-02","43.08998","-91.55823","355.1","POSTVILLE, IA US","0.0","6","0.0",",6","10",",6","5",",6","0",",6","","","7",",6","22",",6","29",",6","25",",6","0",",6","0",",6","","","19360218",",,6","","","19360217",",,6","","","19360217",",,6","19360224",",,6","-33.9",",6,18,","","","102",",,6,17,","9.4",",,6,17,","6.1",",6,24,","3721.9","6","997.8",",6","42.7",",,,6","439",",,,6","-16.07",",6","-10.48",",,,6","-21.67",",,,6"
"USC00136766","1936-03","43.08998","-91.55823","355.1","POSTVILLE, IA US","0.0","6","0.0",",6","3",",6","2",",6","0",",6","","","0",",6","1",",6","26",",6","6",",6","1",",6","0",",6","","","19360306",",,6","","","19360313",",,6","","","19360323",",,6","19360323",",,6","-17.8",",6,06,","","","13",",,6,13,","15.5",",,6,23,","21.1",",6,23,","4251.6","6","529.7",",6","23.7",",,,6","13",",,,6","1.25",",6","6.22",",,,6","-3.73",",,,6"
"USC00136766","1936-04","43.08998","-91.55823","355.1","POSTVILLE, IA US","0.0","6","0.0","1,6","6",",6","4",",6","0",",6","","","3",",6","0",",6","16",",6","6","1,6","3","1,6","0","1,6","","","19360406",",,6","","","19360404",",,6","","","19360404",",,6","19360430","+,1,6","-14.4",",6,06,","","","89",",,6,04,","9.4",",,6,04,","24.4","1,6,30,+","4643.5","6","391.9","1,6","22.1",",,,6","178",",,,6","4.94","1,6","10.93","1,,,6","-1.04",",,,6"
"USC00136766","1936-05","43.08998","-91.55823","355.1","POSTVILLE, IA US","37.8","6","37.8","1,6","6",",6","5",",6","0",",6","","","0",",6","0","1,6","0","1,6","0",",6","24",",6","0",",6","","","19360503",",1,6","","","19360531","+,,6","","","19360501",",,6","19360516",",,6","2.8","1,6,03,","","","0",",,6,31,+","24.6",",,6,01,","31.7",",6,16,","4712.4","6","68.9",",6","49.5",",,,6","0",",,,6","17.35","1,6","23.78",",,,6","10.91","1,,,6"
"USC00136766","1936-06","43.08998","-91.55823","355.1","POSTVILLE, IA US","80.9","6","43.1",",6","7",",6","7",",6","1",",6","","","0",",6","0",",6","0",",6","0",",6","25",",6","1",",6","","","19360623","+,,6","","","19360630","+,,6","","","19360609",",,6","19360626",",,6","6.1",",6,23,+","","","0",",,6,30,+","40.4",",,6,09,","32.2",",6,26,","4758.6","6","46.2",",6","75.1",",,,6","0",",,,6","18.23",",6","24.53",",,,6","11.93",",,,6"
"USC00136766","1936-07","43.08998","-91.55823","355.1","POSTVILLE, IA US","304.8","6","223.9",",6","4",",6","2",",6","0",",6","","","0",",6","0",",6","0",",6","0",",6","31",",6","16",",6","","","19360730",",,6","","","19360731","+,,6","","","19360722",",,6","19360714",",,6","8.9",",6,30,","","","0",",,6,31,+","7.1",",,6,22,","41.1",",6,14,","0.0","6","0.0",",6","13.2",",,,6","0",",,,6","25.55",",6","33.30",",,,6","17.81",",,,6"
"USC00136766","1936-08","43.08998","-91.55823","355.1","POSTVILLE, IA US","474.7","6","169.9",",6","12",",6","9",",6","1",",6","","","0",",6","0",",6","0",",6","0",",6","31",",6","10",",6","","","19360829",",,6","","","19360831","+,,6","","","19360821",",,6","19360818",",,6","11.7",",6,29,","","","0",",,6,31,+","48.5",",,6,21,","38.3",",6,18,","1.9","6","1.9",",6","150.2",",,,6","0",",,,6","23.75",",6","30.39",",,,6","17.11",",,,6"
"USC00136766","1936-09","43.08998","-91.55823","355.1","POSTVILLE, IA US","527.8","6","53.1","1,6","9",",6","9",",6","2",",6","","","0",",6","0","1,6","0","1,6","0",",6","21",",6","0",",6","","","19360928",",1,6","","","19360930","+,,6","","","19360915",",,6","19360906",",,6","4.4","1,6,28,","","","0",",,6,30,+","64.3",",,6,15,","31.7",",6,06,","68.3","6","66.4",",6","186.8",",,,6","0",",,,6","17.92","1,6","23.24",",,,6","12.61","1,,,6"
"USC00136766","1936-10","43.08998","-91.55823","355.1","POSTVILLE, IA US","528.1","6","0.3",",6","4",",6","4",",6","0",",6","","","0",",6","0",",6","8",",6","0",",6","6",",6","0",",6","","","19361023",",,6","","","19361031","+,,6","","","19361003",",,6","19361020",",,6","-7.8",",6,23,","","","0",",,6,31,+","8.1",",,6,03,","24.4",",6,20,","367.7","6","299.4",",6","27.9",",,,6","0",",,,6","8.68",",6","14.05",",,,6","3.32",",,,6"
"USC00136766","1936-11","43.08998","-91.55823","355.1","POSTVILLE, IA US","528.1","6","0.0","2,6","3",",6","3",",6","0",",6","","","1",",6","0","1,6","25","1,6","5","1,6","0","1,6","0","1,6","","","19361108",",1,6","","","19361108",",,6","","","19361101",",,6","19361120",",1,6","-12.2","1,6,08,","","","51",",,6,08,","12.2",",,6,01,","16.7","1,6,20,","850.3","6","482.6","1,6","21.6",",,,6","51",",,,6","0.95","2,6","6.46","1,,,6","-4.55","1,,,6"
"USC00136766","1936-12","43.08998","-91.55823","355.1","POSTVILLE, IA US","528.1","6","0.0",",6","7",",6","4",",6","0",",6","","","2",",6","3",",6","28",",6","13",",6","0",",6","0",",6","","","19361211","+,,6","","","19361205",",,6","","","19361230",",,6","19361226",",,6","-24.4",",6,11,+","","","51",",,6,05,","14.0",",,6,30,","12.2",",6,26,","1521.5","6","671.2",",6","30.2",",,,6","89",",,,6","-3.32",",6","1.54",",,,6","-8.17",",,,6"
"USC00136766","1937-01","43.08998","-91.55823","355.1","POSTVILLE, IA US","0.0","6","0.0",",6","8",",6","4",",6","0",",6","","","4",",6","15",",6","31",",6","22",",6","0",",6","0",",6","","","19370123",",,6","","","19370102",",,6","","","19370130",",,6","19370113","+,,6","-27.2",",6,23,","","","76",",,6,02,","14.7",",,6,30,","2.2",",6,13,+","2445.7","6","924.2",",6","51.3",",,,6","236",",,,6","-11.48",",6","-5.39",",,,6","-17.56",",,,6"
"USC00136766","1937-02","43.08998","-91.55823","355.1","POSTVILLE, IA US","0.0","6","0.0",",6","8",",6","4",",6","0",",6","","","4",",6","8",",6","28",",6","21",",6","0",",6","0",",6","","","19370210",",,6","","","19370221",",,6","","","19370221",",,6","19370218",",,6","-27.2",",6,10,","","","127",",,6,21,","12.2",",,6,21,","5.0",",6,18,","3199.6","6","753.9",",6","36.1",",,,6","305",",,,6","-8.59",",6","-3.48",",,,6","-13.70",",,,6"
"USC00136766","1937-03","43.08998","-91.55823","355.1","POSTVILLE, IA US","0.0","6","0.0",",6","6",",6","2",",6","0",",6","","","3",",6","0",",6","29",",6","9",",6","0",",6","0",",6","","","19370326","+,,6","","","19370324",",,6","","","19370324",",,6","19370306",",,6","-14.4",",6,26,+","","","76",",,6,24,","7.6",",,6,24,","13.9",",6,06,","3816.6","6","617.0",",6","19.8",",,,6","178",",,,6","-1.57",",6","2.60",",,,6","-5.74",",,,6"
"USC00136766","1937-04","43.08998","-91.55823","355.1","POSTVILLE, IA US","0.0","6","0.0",",6","13",",6","8",",6","0",",6","","","2",",6","0",",6","10",",6","2",",6","3",",6","0",",6","","","19370402",",,6","","","19370403","+,,6","","","19370430",",,6","19370423",",,6","-3.3",",6,02,","","","25",",,6,03,+","18.8",",,6,30,","25.6",",6,23,","4155.9","6","339.3",",6","63.0",",,,6","50",",,,6","7.02",",6","11.69",",,,6","2.35",",,,6"
"USC00136766","1937-05","43.08998","-91.55823","355.1","POSTVILLE, IA US","18.3","6","18.3",",6","11",",6","9",",6","0",",6","","","0",",6","0",",6","0",",6","0",",6","11",",6","0",",6","","","19370510","+,,6","","","19370531","+,,6","","","19370512",",,6","19370530",",,6","2.2",",6,10,+","","","0",",,6,31,+","20.3",",,6,12,","30.0",",6,30,","4290.7","6","134.8",",6","76.0",",,,6","0",",,,6","14.58",",6","20.09",",,,6","9.06",",,,6"
"USC00136766","1937-06","43.08998","-91.55823","355.1","POSTVILLE, IA US","63.7","6","45.4",",6","7",",6","5",",6","1",",6","","","0",",6","0",",6","0",",6","0",",6","23",",6","1",",6","","","19370609",",,6","","","19370630","+,,6","","","19370613",",,6","19370624",",,6","2.2",",6,09,","","","0",",,6,30,+","53.3",",,6,13,","32.8",",6,24,","4338.9","6","48.2",",6","82.3",",,,6","0",",,,6","18.24",",6","23.44",",,,6","13.04",",,,6"
"USC00136766","1937-07","43.08998","-91.55823","355.1","POSTVILLE, IA US","201.7","6","138.0",",6","2",",6","1",",6","0",",6","","","0",",6","0",",6","0",",6","0",",6","31",",6","7",",6","","","19370727",",,6","","","19370731","+,,6","","","19370704",",,6","19370710",",,6","7.8",",6,27,","","","0",",,6,31,+","13.5",",,6,04,","34.4",",6,10,","3.0","6","3.0",",6","15.0",",,,6","0",",,,6","22.69",",6","29.09",",,,6","16.28",",,,6"
"USC00136766","1937-08","43.08998","-91.55823","355.1","POSTVILLE, IA US","374.1","6","172.4",",6","11",",6","8",",6","1",",6","","","0",",6","0",",6","0",",6","0",",6","31",",6","8",",6","","","19370823",",,6","","","19370831","+,,6","","","19370820",",,6","19370816",",,6","9.4",",6,23,","","","0",",,6,31,+","29.2",",,6,20,","37.8",",6,16,","5.0","6","2.0",",6","94.6",",,,6","0",",,,6","23.83",",6","29.90",",,,6","17.76",",,,6"
"USC00136766","1937-09","43.08998","-91.55823","355.1","POSTVILLE, IA US","440.2","6","66.1",",6","4",",6","3",",6","0",",6","","","0",",6","0",",6","1",",6","0",",6","19",",6","7",",6","","","19370916",",,6","","","19370930","+,,6","","","19370910",",,6","19370903",",,6","0.0",",6,16,","","","0",",,6,30,+","23.6",",,6,10,","35.0",",6,03,","95.3","6","90.3",",6","55.7",",,,6","0",",,,6","17.53",",6","24.40",",,,6","10.65",",,,6"
"USC00136766","1937-10","43.08998","-91.55823","355.1","POSTVILLE, IA US","441.6","6","1.4",",6","9",",6","8",",6","2",",6","","","0",",6","0",",6","11",",6","0",",6","5",",6","0",",6","","","19371023","+,,6","","","19371024","+,,6","","","19371019",",,6","19371029",",,6","-6.1",",6,23,+","","","0",",T,6,24,+","39.1",",,6,19,","28.9",",6,29,","399.7","6","304.4",",6","108.6",",,,6","0",",T,,6","8.56",",6","13.85",",,,6","3.26",",,,6"
"USC00136766","1937-11","43.08998","-91.55823","355.1","POSTVILLE, IA US","441.6","6","0.0",",6","5",",6","3",",6","0",",6","","","3",",6","1",",6","25",",6","10",",6","0",",6","0",",6","","","19371129",",,6","","","19371127",",,6","","","19371127",",,6","19371101",",,6","-19.4",",6,29,","","","127",",,6,27,","14.2",",,6,27,","18.3",",6,01,","956.8","6","557.1",",6","28.4",",,,6","229",",,,6","-0.24",",6","5.25",",,,6","-5.72",",,,6"
"USC00136766","1937-12","43.08998","-91.55823","355.1","POSTVILLE, IA US","441.6","6","0.0",",6","7",",6","2",",6","0",",6","","","1",",6","6",",6","31",",6","22",",6","0",",6","0",",6","","","19371223",",,6","","","19371219",",,6","","","19371219",",,6","19371231",",,6","-20.6",",6,23,","","","89",",,6,19,","5.3",",,6,19,","4.4",",6,31,","1747.3","6","790.5",",6","12.7",",,,6","138",",,,6","-7.17",",6","-3.20",",,,6","-11.13",",,,6"
"USC00136766","1938-01","43.08998","-91.55823","355.1","POSTVILLE, IA US","0.0","6","0.0","1,6","10",",6","4",",6","0",",6","","","4",",6","9","1,6","30","1,6","24",",6","0",",6","0",",6","","","19380131",",1,6","","","19380114",",,6","","","19380114",",,6","19380122",",,6","-25.6","1,6,31,","","","127",",,6,14,","11.7",",,6,14,","6.7",",6,22,","2552.8","6","805.5",",6","37.9",",,,6","312",",,,6","-8.43","1,6","-3.79",",,,6","-13.06","1,,,6"
"USC00136766","1938-02","43.08998","-91.55823","355.1","POSTVILLE, IA US","0.0","6","0.0","1,6","10",",6","4",",6","0",",6","","","1",",6","1","1,6","25","1,6","13",",6","0",",6","0",",6","","","19380201",",1,6","","","19380222",",,6","","","19380206",",,6","19380213",",,6","-20.0","1,6,01,","","","25",",,6,22,","20.1",",,6,06,","10.6",",6,13,","3136.2","6","583.4",",6","58.6",",,,6","81",",,,6","-3.17","1,6","0.94",",,,6","-7.28","1,,,6"
"USC00136766","1938-03","43.08998","-91.55823","355.1","POSTVILLE, IA US","0.0","6","0.0",",6","8",",6","7",",6","1",",6","","","1",",6","0",",6","17",",6","4",",6","2",",6","0",",6","","","19380306",",,6","","","19380304",",,6","","","19380330",",,6","19380321",",,6","-16.7",",6,06,","","","89",",,6,04,","34.8",",,6,30,","25.6",",6,21,","3562.9","6","426.7",",6","91.7",",,,6","89",",,,6","4.57",",6","10.25",",,,6","-1.12",",,,6"
"USC00136766","1938-04","43.08998","-91.55823","355.1","POSTVILLE, IA US","0.3","6","0.3","3,6","11",",6","7",",6","1",",6","","","1",",6","0","2,6","10","2,6","2","1,6","6","1,6","0","1,6","","","19380402",",2,6","","","19380406",",,6","","","19380416",",,6","19380426",",1,6","-6.1","2,6,02,","","","152",",,6,06,","30.0",",,6,16,","26.1","1,6,26,","3819.0","6","256.1","1,6","94.2",",,,6","152",",,,6","8.67","3,6","14.15","1,,,6","3.20","2,,,6"
"USC00136766","1938-05","43.08998","-91.55823","355.1","POSTVILLE, IA US","9.5","6","9.2",",6","13",",6","9",",6","0",",6","","","0",",6","0",",6","0",",6","0",",6","13",",6","0",",6","","","19380512",",,6","","","19380531","+,,6","","","19380508",",,6","19380531","+,,6","0.6",",6,12,","","","0",",,6,31,+","21.1",",,6,08,","25.6",",6,31,+","3970.5","6","151.5",",6","93.3",",,,6","0",",,,6","13.74",",6","18.85",",,,6","8.64",",,,6"
"USC00136766","1938-06","43.08998","-91.55823","355.1","POSTVILLE, IA US","43.7","6","34.2",",6","10",",6","8",",6","3",",6","","","","","0",",6","0",",6","0",",6","25",",6","0",",6","","","19380608",",,6","","","","","","","19380624",",,6","19380622",",,6","7.2",",6,08,","","","","","36.6",",,6,24,","31.1",",6,22,","4001.0","6","30.5",",6","148.9",",,,6","","","18.46",",6","23.82",",,,6","13.09",",,,6"
"USC00136766","1938-07","43.08998","-91.55823","355.1","POSTVILLE, IA US","170.1","6","126.4",",6","12",",6","7",",6","1",",6","","","0",",6","0",",6","0",",6","0",",6","31",",6","0",",6","","","19380723",",,6","","","19380731","+,,6","","","19380710",",,6","19380724","+,,6","12.8",",6,23,","","","0",",,6,31,+","27.4",",,6,10,","31.1",",6,24,+","0.0","6","0.0",",6","64.0",",,,6","0",",,,6","22.41",",6","27.61",",,,6","17.22",",,,6"
"USC00136766","1938-08","43.08998","-91.55823","355.1","POSTVILLE, IA US","285.3","6","115.2",",6","3",",6","3",",6","2",",6","","","0",",6","0",",6","0",",6","0",",6","30",",6","1",",6","","","19380827",",,6","","","19380831","+,,6","","","19380816",",,6","19380809",",,6","10.0",",6,27,","","","0",",,6,31,+","53.3",",,6,16,","32.2",",6,09,","4.1","6","4.1",",6","114.8",",,,6","0",",,,6","21.92",",6","27.60",",,,6","16.24",",,,6"
"USC00136766","1938-09","43.08998","-91.55823","355.1","POSTVILLE, IA US","317.1","6","31.8","1,6","10",",6","9",",6","2",",6","","","0",",6","0",",6","0",",6","0","1,6","17","1,6","0","1,6","","","19380921",",,6","","","19380930","+,,6","","","19380906",",,6","19380904",",1,6","3.9",",6,21,","","","0",",,6,30,+","78.0",",,6,06,","31.7","1,6,04,","74.3","6","70.2","1,6","221.0",",,,6","0",",,,6","16.96","1,6","22.32","1,,,6","11.60",",,,6"
"USC00136766","1938-10","43.08998","-91.55823","355.1","POSTVILLE, IA US","331.3","6","14.2",",6","5",",6","4",",6","0",",6","","","1",",6","0",",6","2",",6","0",",6","14",",6","0",",6","","","19381024",",,6","","","19381023",",,6","","","19381015",",,6","19381009","+,,6","-2.2",",6,24,","","","38",",,6,23,","12.2",",,6,15,","29.4",",6,09,+","242.8","6","168.5",",6","26.2",",,,6","38",",,,6","13.35",",6","19.79",",,,6","6.92",",,,6"
"USC00136766","1938-11","43.08998","-91.55823","355.1","POSTVILLE, IA US","332.4","6","1.1",",6","10",",6","6",",6","1",",6","","","4",",6","1",",6","21",",6","7",",6","2",",6","0",",6","","","19381127",",,6","","","19381107",",,6","","","19381104",",,6","19381102","+,,6","-18.3",",6,27,","","","89",",,6,07,","36.3",",,6,04,","23.3",",6,02,+","737.1","6","494.3",",6","78.1",",,,6","197",",,,6","1.90",",6","6.59",",,,6","-2.80",",,,6"
"USC00136766","1938-12","43.08998","-91.55823","355.1","POSTVILLE, IA US","332.4","6","0.0",",6","9",",6","2",",6","0",",6","","","3",",6","5",",6","31",",6","16",",6","0",",6","0",",6","","","19381231","+,,6","","","19381222",",,6","","","19381222",",,6","19381204",",,6","-22.8",",6,31,+","","","102",",,6,22,","9.1",",,6,22,","6.1",",6,04,","1479.9","6","742.8",",6","22.4",",,,6","234",",,,6","-5.63",",6","-1.14",",,,6","-10.11",",,,6"
"USC00136766","1939-01","43.08998","-91.55823","355.1","POSTVILLE, IA US","0.0","6","0.0",",6","12",",6","6",",6","0",",6","","","5",",6","3",",6","30",",6","19",",6","0",",6","0",",6","","","19390122",",,6","","","19390117",",,6","","","19390117",",,6","19390109",",,6","-21.1",",6,22,","","","51",",,6,17,","5.3",",,6,17,","12.2",",6,09,","2180.6","6","700.7",",6","33.0",",,,6","223",",,,6","-4.27",",6","0.00",",,,6","-8.55",",,,6"
"USC00136766","1939-02","43.08998","-91.55823","355.1","POSTVILLE, IA US","0.0","6","0.0",",6","9",",6","5",",6","0",",6","","","4",",6","11",",6","28",",6","19",",6","0",",6","0",",6","","","19390211",",,6","","","19390228",",,6","","","19390228",",,6","19390213",",,6","-24.4",",6,11,","","","203",",,6,28,","18.3",",,6,28,","7.2",",6,13,","2911.4","6","730.8",",6","45.1",",,,6","447",",,,6","-7.77",",6","-1.45",",,,6","-14.09",",,,6"
"USC00136766","1939-03","43.08998","-91.55823","355.1","POSTVILLE, IA US","0.0","6","0.0",",6","6",",6","2",",6","0",",6","","","","","1",",6","26",",6","6",",6","3",",6","0",",6","","","19390301",",,6","","","","","","","19390329",",,6","19390323",",,6","-17.8",",6,01,","","","","","7.9",",,6,29,","26.1",",6,23,","3457.7","6","546.3",",6","18.6",",,,6","","","0.71",",6","6.59",",,,6","-5.17",",,,6"
"USC00136766","1939-04","43.08998","-91.55823","355.1","POSTVILLE, IA US","9.5","6","9.5",",6","8",",6","2",",6","0",",6","","","0",",6","0",",6","14",",6","0",",6","7",",6","0",",6","","","19390412",",,6","","","19390417",",,6","","","19390417",",,6","19390424",",,6","-9.4",",6,12,","","","13",",,6,17,","19.6",",,6,17,","30.6",",6,24,","3814.0","6","356.3",",6","27.3",",,,6","28",",,,6","6.77",",6","12.74",",,,6","0.80",",,,6"
"USC00136766","1939-05","43.08998","-91.55823","355.1","POSTVILLE, IA US","52.0","6","42.5","1,6","6",",6","3",",6","2",",6","","","0",",6","0",",6","1",",6","0","1,6","20","1,6","0","1,6","","","19390502",",,6","","","19390531","+,,6","","","19390527",",,6","19390530",",1,6","0.0",",6,02,","","","0",",,6,31,+","40.9",",,6,27,","31.1","1,6,30,","3893.9","6","79.9","1,6","86.3",",,,6","0",",,,6","17.07","1,6","23.94","1,,,6","10.20",",,,6"
"USC00136766","1939-06","43.08998","-91.55823","355.1","POSTVILLE, IA US","133.9","6","81.9",",6","10",",6","5",",6","0",",6","","","0",",6","0",",6","0",",6","0",",6","23",",6","0",",6","","","19390614",",,6","","","19390630","+,,6","","","19390607",",,6","19390618","+,,6","6.7",",6,14,","","","0",",,6,30,+","20.6",",,6,07,","31.1",",6,18,+","3922.5","6","28.6",",6","55.6",",,,6","0",",,,6","20.11",",6","25.29",",,,6","14.93",",,,6"
"USC00136766","1939-07","43.08998","-91.55823","355.1","POSTVILLE, IA US","265.7","6","131.8",",6","7",",6","6",",6","1",",6","","","0",",6","0",",6","0",",6","0",",6","30",",6","5",",6","","","19390729","+,,6","","","19390731","+,,6","","","19390717",",,6","19390706",",,6","11.7",",6,29,+","","","0",",,6,31,+","43.2",",,6,17,","35.6",",6,06,","2.5","6","2.5",",6","96.7",",,,6","0",",,,6","22.50",",6","28.33",",,,6","16.68",",,,6"
"USC00136766","1939-08","43.08998","-91.55823","355.1","POSTVILLE, IA US","326.2","6","60.5",",6","10",",6","6",",6","0",",6","","","0",",6","0",",6","0",",6","0",",6","29",",6","0",",6","","","19390825","+,,6","","","19390831","+,,6","","","19390811",",,6","19390801",",,6","10.6",",6,25,+","","","0",",,6,31,+","22.9",",,6,11,","31.1",",6,01,","13.2","6","10.7",",6","69.7",",,,6","0",",,,6","19.94",",6","25.93",",,,6","13.95",",,,6"
"USC00136766","1939-09","43.08998","-91.55823","355.1","POSTVILLE, IA US","421.1","6","94.9",",6","5",",6","4",",6","0",",6","","","0",",6","0",",6","1",",6","0",",6","25",",6","9",",6","","","19390930",",,6","","","19390930","+,,6","","","19390929",",,6","19390907",",,6","-0.6",",6,30,","","","0",",,6,30,+","12.2",",,6,29,","37.2",",6,07,","87.2","6","74.0",",6","39.4",",,,6","0",",,,6","19.03",",6","26.22",",,,6","11.84",",,,6"
"USC00136766","1939-10","43.08998","-91.55823","355.1","POSTVILLE, IA US","421.4","6","0.3",",6","6",",6","5",",6","0",",6","","","1",",6","0",",6","6",",6","0",",6","11",",6","0",",6","","","19391028","+,,6","","","19391030",",,6","","","19391009",",,6","19391006",",,6","-4.4",",6,28,+","","","38",",,6,30,","20.8",",,6,09,","27.2",",6,06,","329.3","6","242.1",",6","41.6",",,,6","38",",,,6","10.53",",6","16.92",",,,6","4.15",",,,6"
"USC00136766","1939-11","43.08998","-91.55823","355.1","POSTVILLE, IA US","421.4","6","0.0",",6","3",",6","2",",6","0",",6","","","0",",6","0",",6","21",",6","0",",6","0",",6","0",",6","","","19391128",",,6","","","19391130","+,,6","","","19391109",",,6","19391117",",,6","-7.2",",6,28,","","","0",",,6,30,+","11.9",",,6,09,","20.0",",6,17,","775.6","6","446.3",",6","21.0",",,,6","0",",,,6","3.46",",6","9.23",",,,6","-2.32",",,,6"
"USC00136766","1939-12","43.08998","-91.55823","355.1","POSTVILLE, IA US","421.4","6","0.0","1,6","2",",6","2",",6","0",",6","","","1",",6","1","1,6","27","1,6","10",",6","0",",6","0",",6","","","19391231",",1,6","","","19391219",",,6","","","19391201",",,6","19391206",",,6","-18.9","1,6,31,","","","38",",,6,19,","5.3",",,6,01,","13.9",",6,06,","1361.4","6","585.8",",6","10.1",",,,6","38",",,,6","-1.15","1,6","3.66",",,,6","-5.97","1,,,6"
"USC00136766","1940-01","43.08998","-91.55823","355.1","POSTVILLE, IA US","0.0","6","0.0",",6","5",",6","3",",6","0",",6","","","3",",6","20",",6","31",",6","31",",6","0",",6","0",",6","","","19400118",",,6","","","19400114",",,6","","","19400114",",,6","19400131",",,6","-29.4",",6,18,","","","140",",,6,14,","13.2",",,6,14,","-0.6",",6,31,","2331.9","6","970.5",",6","24.4",",,,6","264",",,,6","-12.97",",6","-8.53",",,,6","-17.42",",,,6"
"USC00136766","1940-02","43.08998","-91.55823","355.1","POSTVILLE, IA US","0.0","6","0.0",",6","9",",6","2",",6","0",",6","","","4",",6","3",",6","29",",6","21",",6","0",",6","0",",6","","","19400225",",,6","","","19400223",",,6","","","19400223",",,6","19400211",",,6","-27.8",",6,25,","","","140",",,6,23,","12.7",",,6,23,","3.9",",6,11,","3021.7","6","689.8",",6","30.1",",,,6","304",",,,6","-5.45",",6","-1.38",",,,6","-9.53",",,,6"
"USC00136766","1940-03","43.08998","-91.55823","355.1","POSTVILLE, IA US","0.0","6","0.0",",6","8",",6","4",",6","0",",6","","","6",",6","1",",6","29",",6","13",",6","0",",6","0",",6","","","19400323",",,6","","","19400313",",,6","","","19400313",",,6","19400330",",,6","-17.8",",6,23,","","","140",",,6,13,","13.0",",,6,13,","18.9",",6,30,","3679.7","6","658.0",",6","39.2",",,,6","400",",,,6","-2.89",",6","1.22",",,,6","-7.00",",,,6"
"USC00136766","1940-04","43.08998","-91.55823","355.1","POSTVILLE, IA US","0.0","6","0.0","1,6","10",",6","4",",6","0",",6","","","0",",6","0",",6","13",",6","0","1,6","1","1,6","0","1,6","","","19400412",",,6","","","19400408",",,6","","","19400429",",,6","19400428",",1,6","-8.3",",6,12,","","","0",",T,6,08,","16.3",",,6,29,","22.8","1,6,28,","4014.9","6","335.2","1,6","59.6",",,,6","0",",T,,6","6.86","1,6","12.72","1,,,6","0.99",",,,6"
"USC00136766","1940-05","43.08998","-91.55823","355.1","POSTVILLE, IA US","5.8","6","5.8",",6","8",",6","6",",6","0",",6","","","0",",6","0",",6","0",",6","0",",6","14",",6","0",",6","","","19400503","+,,6","","","19400531","+,,6","","","19400507",",,6","19400512",",,6","0.6",",6,03,+","","","0",",,6,31,+","14.5",",,6,07,","30.0",",6,12,","4182.2","6","167.3",",6","54.3",",,,6","0",",,,6","13.12",",6","19.25",",,,6","7.00",",,,6"
"USC00136766","1940-06","43.08998","-91.55823","355.1","POSTVILLE, IA US","83.7","6","77.9",",6","7",",6","6",",6","1",",6","","","0",",6","0",",6","0",",6","0",",6","28",",6","4",",6","","","19400621",",,6","","","19400630","+,,6","","","19400623",",,6","19400622",",,6","6.1",",6,21,","","","0",",,6,30,+","62.2",",,6,23,","34.4",",6,22,","4198.0","6","15.8",",6","110.7",",,,6","0",",,,6","20.40",",6","26.08",",,,6","14.72",",,,6"
"USC00136766","1940-07","43.08998","-91.55823","355.1","POSTVILLE, IA US","236.9","6","153.2",",6","8",",6","6",",6","3",",6","","","0",",6","0",",6","0",",6","0",",6","30",",6","10",",6","","","19400713","+,,6","","","19400731","+,,6","","","19400726",",,6","19400719",",,6","9.4",",6,13,+","","","0",",,6,31,+","156.2",",,6,26,","35.6",",6,19,","9.2","6","9.2",",6","251.9",",,,6","0",",,,6","22.98",",6","28.49",",,,6","17.46",",,,6"
"USC00136766","1940-08","43.08998","-91.55823","355.1","POSTVILLE, IA US","306.7","6","69.8",",6","17",",6","13",",6","2",",6","","","0",",6","0",",6","0",",6","0",",6","25",",6","1",",6","","","19400820",",,6","","","19400831","+,,6","","","19400825",",,6","19400802",",,6","7.2",",6,20,","","","0",",,6,31,+","52.3",",,6,25,","32.2",",6,02,","34.5","6","25.3",",6","207.3",",,,6","0",",,,6","19.77",",6","24.11",",,,6","15.42",",,,6"
"USC00136766","1940-09","43.08998","-91.55823","355.1","POSTVILLE, IA US","349.2","6","42.5",",6","3",",6","2",",6","0",",6","","","0",",6","0",",6","1",",6","0",",6","22",",6","0",",6","","","19400926",",,6","","","19400930","+,,6","","","19400909",",,6","19400907",",,6","-0.6",",6,26,","","","0",",,6,30,+","11.7",",,6,09,","31.1",",6,07,","116.5","6","82.0",",6","16.0",",,,6","0",",,,6","17.02",",6","23.14",",,,6","10.89",",,,6"
"USC00136766","1940-10","43.08998","-91.55823","355.1","POSTVILLE, IA US","349.7","6","0.5",",6","8",",6","5",",6","0",",6","","","0",",6","0",",6","0",",6","0",",6","11",",6","0",",6","","","19401016","+,,6","","","19401031","+,,6","","","19401029",",,6","19401026",",,6","0.6",",6,16,+","","","0",",,6,31,+","19.8",",,6,29,","26.1",",6,26,","300.7","6","184.2",",6","75.7",",,,6","0",",,,6","12.41",",6","18.82",",,,6","6.00",",,,6"
"USC00136766","1940-11","43.08998","-91.55823","355.1","POSTVILLE, IA US","349.7","6","0.0","1,6","10",",6","8",",6","1",",6","","","3",",6","1","1,6","21","1,6","10",",6","0",",6","0",",6","","","19401128",",1,6","","","19401128","+,,6","","","19401111",",,6","19401103",",,6","-20.0","1,6,28,","","","64",",,6,28,+","29.5",",,6,11,","18.9",",6,03,","847.2","6","546.5",",6","90.0",",,,6","192",",,,6","-0.51","1,6","4.14",",,,6","-5.16","1,,,6"
"USC00136766","1940-12","43.08998","-91.55823","355.1","POSTVILLE, IA US","349.7","6","0.0",",6","8","1,6","4","1,6","0","1,6","26",",6","4",",6","4",",6","29",",6","14",",6","0",",6","0",",6","","","19401203",",,6","19401216",",,6","19401215",",,6","","","19401215",",1,6","19401225","+,,6","-28.9",",6,03,","254",",,6,16,","140",",,6,15,","23.1","1,,6,15,","7.2",",6,25,+","1538.1","6","690.9",",6","49.6","1,,,6","369",",,,6","-3.95",",6","-0.31",",,,6","-7.60",",,,6"
"USC00136766","1941-01","43.08998","-91.55823","355.1","POSTVILLE, IA US","0.0","6","0.0",",6","7",",6","5",",6","0",",6","18","5,6","3",",6","5",",6","30",",6","22",",6","0",",6","0",",6","","","19410118",",,6","19410127","+,5,6","19410126",",,6","","","19410101",",,6","19410112",",,6","-20.0",",6,18,","178","5,,6,27,+","102",",,6,26,","13.2",",,6,01,","4.4",",6,12,","2289.0","6","750.9",",6","41.1",",,,6","234",",,,6","-5.89",",6","-2.37",",,,6","-9.41",",,,6"
"USC00136766","1941-02","43.08998","-91.55823","355.1","POSTVILLE, IA US","0.0","6","0.0",",6","5",",6","2",",6","0",",6","22","2,6","2",",6","6",",6","28",",6","19",",6","0",",6","0",",6","","","19410219",",,6","19410227","+,2,6","19410227",",,6","","","19410227",",,6","19410212",",,6","-27.8",",6,19,","76","2,,6,27,+","64",",,6,27,","4.1",",,6,27,","6.7",",6,12,","3007.1","6","718.1",",6","11.0",",,,6","120",",,,6","-7.31",",6","-2.30",",,,6","-12.33",",,,6"
"USC00136766","1941-03","43.08998","-91.55823","355.1","POSTVILLE, IA US","0.0","6","0.0",",6","7",",6","4",",6","1",",6","","","3",",6","2",",6","28",",6","4",",6","0",",6","0",",6","","","19410318",",,6","","","19410311",",,6","","","19410311",",,6","19410330",",,6","-23.3",",6,18,","","","254",",,6,11,","25.7",",,6,11,","15.0",",6,30,","3626.2","6","619.1",",6","63.5",",,,6","475",",,,6","-1.64",",6","3.05",",,,6","-6.33",",,,6"
"USC00136766","1941-04","43.08998","-91.55823","355.1","POSTVILLE, IA US","7.5","6","7.5",",6","9",",6","4",",6","0",",6","","","0",",6","0",",6","2",",6","0",",6","10",",6","0",",6","","","19410402",",,6","","","19410430","+,,6","","","19410418",",,6","19410413","+,,6","-1.7",",6,02,","","","0",",,6,30,+","25.1",",,6,18,","26.1",",6,13,+","3843.3","6","217.1",",6","71.4",",,,6","0",",,,6","11.35",",6","17.13",",,,6","5.57",",,,6"
"USC00136766","1941-05","43.08998","-91.55823","355.1","POSTVILLE, IA US","41.7","6","34.2",",6","11",",6","11",",6","4",",6","","","0",",6","0",",6","0",",6","0",",6","22",",6","0",",6","","","19410509",",,6","","","19410531","+,,6","","","19410527",",,6","19410528","+,,6","2.2",",6,09,","","","0",",,6,31,+","83.3",",,6,27,","29.4",",6,28,+","3919.2","6","75.9",",6","234.7",",,,6","0",",,,6","16.99",",6","23.10",",,,6","10.87",",,,6"
"USC00136766","1941-06","43.08998","-91.55823","355.1","POSTVILLE, IA US","115.3","6","73.6","1,6","11",",6","9",",6","2",",6","","","0",",6","0","1,6","0","1,6","0",",6","20",",6","0",",6","","","19410616",",1,6","","","19410630","+,,6","","","19410611",",,6","19410630","+,,6","8.3","1,6,16,","","","0",",,6,30,+","52.1",",,6,11,","31.7",",6,30,+","3955.3","6","36.1",",6","145.3",",,,6","0",",,,6","19.49","1,6","24.06",",,,6","14.92","1,,,6"
"USC00136766","1941-07","43.08998","-91.55823","355.1","POSTVILLE, IA US","231.0","6","115.7",",6","8",",6","5",",6","0",",6","","","0",",6","0",",6","0",",6","0",",6","30",",6","7",",6","","","19410713",",,6","","","19410731","+,,6","","","19410718",",,6","19410729",",,6","10.0",",6,13,","","","0",",,6,31,+","24.4",",,6,18,","33.9",",6,29,","7.3","6","7.3",",6","60.1",",,,6","0",",,,6","21.83",",6","27.47",",,,6","16.19",",,,6"
"USC00136766","1941-08","43.08998","-91.55823","355.1","POSTVILLE, IA US","350.4","6","119.4",",6","3",",6","2",",6","0",",6","","","0",",6","0",",6","0",",6","0",",6","30",",6","3",",6","","","19410827",",,6","","","19410831","+,,6","","","19410820",",,6","19410811",",,6","8.3",",6,27,","","","0",",,6,31,+","7.4",",,6,20,","34.4",",6,11,","14.5","6","7.2",",6","13.0",",,,6","0",",,,6","21.95",",6","28.03",",,,6","15.87",",,,6"
"USC00136766","1941-09","43.08998","-91.55823","355.1","POSTVILLE, IA US","394.2","6","43.8",",6","12",",6","11",",6","3",",6","","","0",",6","0",",6","1",",6","0",",6","24",",6","0",",6","","","19410929",",,6","","","19410930","+,,6","","","19410908",",,6","19410904",",,6","0.0",",6,29,","","","0",",,6,30,+","40.1",",,6,08,","30.6",",6,04,","73.3","6","58.8",",6","209.1",",,,6","0",",,,6","17.84",",6","23.27",",,,6","12.40",",,,6"
"USC00136766","1941-10","43.08998","-91.55823","355.1","POSTVILLE, IA US","394.2","6","0.0","2,6","13",",6","9",",6","1",",6","","","0",",6","0","2,6","3","2,6","0",",6","5",",6","0",",6","","","19411028",",2,6","","","19411031","+,,6","","","19411031",",,6","19411012",",,6","-6.7","2,6,28,","","","0",",,6,31,+","27.2",",,6,31,","22.8",",6,12,","282.1","6","208.8",",6","121.1",",,,6","0",",,,6","11.14","2,6","16.33",",,,6","5.94","2,,,6"
"USC00136766","1941-11","43.08998","-91.55823","355.1","POSTVILLE, IA US","394.2","6","0.0",",6","3",",6","3",",6","0",",6","","","1",",6","0",",6","19",",6","2",",6","1",",6","0",",6","","","19411124",",,6","","","19411105",",,6","","","19411101",",,6","19411117",",,6","-10.6",",6,24,","","","25",",,6,05,","15.5",",,6,01,","21.7",",6,17,","716.3","6","434.2",",6","29.2",",,,6","25",",,,6","3.86",",6","8.58",",,,6","-0.86",",,,6"
"USC00136766","1941-12","43.08998","-91.55823","355.1","POSTVILLE, IA US","394.2","6","0.0","1,6","7",",6","5",",6","0",",6","","","4",",6","2","1,6","26","1,6","12",",6","0",",6","0",",6","","","19411229",",1,6","","","19411226",",,6","","","19411226",",,6","19411204",",,6","-20.6","1,6,29,","","","165",",,6,26,","14.5",",,6,26,","11.7",",6,04,","1300.7","6","584.4",",6","38.5",",,,6","317",",,,6","-1.22","1,6","2.80",",,,6","-5.24","1,,,6"
"USC00136766","1942-01","43.08998","-91.55823","355.1","POSTVILLE, IA US","0.0","6","0.0",",6","2",",6","1",",6","0",",6","31",",6","2",",6","9",",6","31",",6","13",",6","0",",6","0",",6","","","19420107",",,6","19420107","+,,6","19420101",",,6","","","19420101",",,6","19420123",",,6","-32.2",",6,07,","457",",,6,07,+","229",",,6,01,","22.1",",,6,01,","8.9",",6,23,","2103.3","6","802.6",",6","24.4",",,,6","254",",,,6","-7.56",",6","-2.89",",,,6","-12.23",",,,6"
"USC00136766","1942-02","43.08998","-91.55823","355.1","POSTVILLE, IA US","0.0","6","0.0",",6","4",",6","2",",6","0",",6","","","2",",6","4",",6","28",",6","21",",6","0",",6","0",",6","","","19420217",",,6","","","19420216",",,6","","","19420216",",,6","19420203",",,6","-21.7",",6,17,","","","64",",,6,16,","8.1",",,6,16,","3.9",",6,03,","2778.5","6","675.2",",6","15.5",",,,6","125",",,,6","-5.78",",6","-2.21",",,,6","-9.36",",,,6"
"USC00136766","1942-03","43.08998","-91.55823","355.1","POSTVILLE, IA US","0.0","6","0.0",",6","11",",6","7",",6","0",",6","","","2",",6","0",",6","26",",6","2",",6","0",",6","0",",6","","","19420301",",,6","","","19420328",",,6","","","19420315",",,6","19420325",",,6","-6.7",",6,01,","","","56",",,6,28,","11.4",",,6,15,","19.4",",6,25,","3271.1","6","492.6",",6","50.3",",,,6","96",",,,6","2.44",",6","6.29",",,,6","-1.41",",,,6"
"USC00136766","1942-04","43.08998","-91.55823","355.1","POSTVILLE, IA US","6.9","6","6.9",",6","7",",6","4",",6","0",",6","","","0",",6","0",",6","10",",6","0",",6","12",",6","0",",6","","","19420411",",,6","","","19420430","+,,6","","","19420426",",,6","19420430",",,6","-3.9",",6,11,","","","0",",,6,30,+","7.1",",,6,26,","29.4",",6,30,","3492.3","6","221.2",",6","22.2",",,,6","0",",,,6","11.19",",6","18.21",",,,6","4.17",",,,6"
"USC00136766","1942-05","43.08998","-91.55823","355.1","POSTVILLE, IA US","26.6","6","19.7","1,6","9",",6","7",",6","0",",6","","","0",",6","0",",6","0",",6","0","1,6","10","1,6","0","1,6","","","19420516",",,6","","","19420531","+,,6","","","19420506",",,6","19420529",",1,6","1.1",",6,16,","","","0",",,6,31,+","18.3",",,6,06,","30.6","1,6,29,","3662.8","6","170.5","1,6","85.0",",,,6","0",",,,6","13.41","1,6","18.41","1,,,6","8.41",",,,6"
"USC00136766","1942-06","43.08998","-91.55823","355.1","POSTVILLE, IA US","76.9","6","50.3",",6","10",",6","9",",6","2",",6","","","0",",6","0",",6","0",",6","0",",6","20",",6","0",",6","","","19420614",",,6","","","19420630","+,,6","","","19420629",",,6","19420628","+,,6","4.4",",6,14,","","","0",",,6,30,+","49.3",",,6,29,","30.0",",6,28,+","3707.9","6","45.1",",6","164.4",",,,6","0",",,,6","18.51",",6","23.26",",,,6","13.76",",,,6"
"USC00136766","1942-07","43.08998","-91.55823","355.1","POSTVILLE, IA US","174.7","6","97.8",",6","12",",6","9",",6","2",",6","","","0",",6","0",",6","0",",6","0",",6","30",",6","3",",6","","","19420707","+,,6","","","19420731","+,,6","","","19420713",",,6","19420717",",,6","10.0",",6,07,+","","","0",",,6,31,+","33.5",",,6,13,","33.3",",6,17,","6.9","6","6.9",",6","117.1",",,,6","0",",,,6","21.26",",6","26.50",",,,6","16.03",",,,6"
"USC00136766","1942-08","43.08998","-91.55823","355.1","POSTVILLE, IA US","256.0","6","81.3",",6","6",",6","5",",6","1",",6","","","0",",6","0",",6","0",",6","0",",6","28",",6","0",",6","","","19420824",",,6","","","19420831","+,,6","","","19420801",",,6","19420820",",,6","4.4",",6,24,","","","0",",,6,31,+","39.9",",,6,01,","31.7",",6,20,","22.9","6","16.0",",6","72.6",",,,6","0",",,,6","20.44",",6","25.82",",,,6","15.06",",,,6"
"USC00136766","1942-09","43.08998","-91.55823","355.1","POSTVILLE, IA US","286.0","6","30.0",",6","13",",6","11",",6","1",",6","","","0","1,6","0",",6","5",",6","0",",6","19",",6","0",",6","","","19420928",",,6","","","19420930","+,1,6","","","19420918",",,6","19420901",",,6","-4.4",",6,28,","","","0","1,,6,30,+","41.7",",,6,18,","30.0",",6,01,","161.8","6","138.9",",6","127.1",",,,6","0","1,,,6","14.70",",6","19.91",",,,6","9.49",",,,6"
"USC00136766","1942-10","43.08998","-91.55823","355.1","POSTVILLE, IA US","286.0","6","0.0","1,6","5",",6","5",",6","1",",6","","","0",",6","0",",6","7",",6","1","1,6","14","1,6","0","1,6","","","19421026",",,6","","","19421026","+,,6","","","19421003",",,6","19421002",",1,6","-8.9",",6,26,","","","0",",T,6,26,+","26.4",",,6,03,","26.1","1,6,02,","398.6","6","236.8","1,6","58.3",",,,6","0",",T,,6","10.41","1,6","17.16","1,,,6","3.66",",,,6"
"USC00136766","1942-11","43.08998","-91.55823","355.1","POSTVILLE, IA US","286.0","6","0.0",",6","10",",6","7",",6","1",",6","","","3",",6","0",",6","24",",6","5",",6","0",",6","0",",6","","","19421127",",,6","","","19421126",",,6","","","19421105",",,6","19421116",",,6","-16.1",",6,27,","","","102",",,6,26,","25.4",",,6,05,","18.3",",6,16,","891.7","6","493.1",",6","77.7",",,,6","249",",,,6","1.90",",6","6.52",",,,6","-2.73",",,,6"
"USC00136766","1942-12","43.08998","-91.55823","355.1","POSTVILLE, IA US","286.0","6","0.0",",6","9",",6","4",",6","0",",6","","","3",",6","5",",6","31",",6","27",",6","0",",6","0",",6","","","19421213",",,6","","","19421222","+,,6","","","19421222",",,6","19421223",",,6","-23.3",",6,13,","","","51",",,6,22,+","15.0",",,6,22,","2.8",",6,23,","1710.2","6","818.5",",6","34.2",",,,6","155",",,,6","-8.07",",6","-4.04",",,,6","-12.10",",,,6"
"USC00136766","1943-01","43.08998","-91.55823","355.1","POSTVILLE, IA US","0.0","6","0.0","4,6","10",",6","6",",6","0",",6","","","7",",6","14",",6","31",",6","24","4,6","0","4,6","0","4,6","","","19430119",",,6","","","19430118",",,6","","","19430118",",,6","19430114",",4,6","-30.6",",6,19,","","","89",",,6,18,","7.9",",,6,18,","2.8","4,6,14,","2494.2","6","784.0","4,6","41.0",",,,6","426",",,,6","-10.74","4,6","-5.82","4,,,6","-15.66",",,,6"
"USC00136766","1943-02","43.08998","-91.55823","355.1","POSTVILLE, IA US","0.0","6","0.0",",6","5",",6","1",",6","0",",6","","","1",",6","8",",6","26",",6","10",",6","0",",6","0",",6","","","19430214",",,6","","","19430203",",,6","","","19430203",",,6","19430222",",,6","-26.1",",6,14,","","","64",",,6,03,","7.6",",,6,03,","9.4",",6,22,","3177.6","6","683.4",",6","10.4",",,,6","74",",,,6","-6.08",",6","-0.05",",,,6","-12.10",",,,6"
"USC00136766","1943-03","43.08998","-91.55823","355.1","POSTVILLE, IA US","0.9","6","0.9",",6","9",",6","5",",6","0",",6","","","3",",6","6",",6","24",",6","13",",6","2",",6","0",",6","","","19430302",",,6","","","19430309",",,6","","","19430309",",,6","19430330",",,6","-24.4",",6,02,","","","178",",,6,09,","17.0",",,6,09,","25.6",",6,30,","3838.8","6","661.2",",6","53.9",",,,6","387",",,,6","-2.97",",6","2.91",",,,6","-8.85",",,,6"
"USC00136766","1943-04","43.08998","-91.55823","355.1","POSTVILLE, IA US","0.9","6","0.0",",6","7",",6","5",",6","0",",6","","","0",",6","0",",6","16",",6","0",",6","3",",6","0",",6","","","19430415",",,6","","","19430419",",,6","","","19430429",",,6","19430424",",,6","-6.7",",6,15,","","","13",",,6,19,","10.4",",,6,29,","23.3",",6,24,","4186.0","6","347.2",",6","33.9",",,,6","13",",,,6","6.76",",6","12.80",",,,6","0.72",",,,6"
"USC00136766","1943-05","43.08998","-91.55823","355.1","POSTVILLE, IA US","16.5","6","15.6",",6","12",",6","8",",6","1",",6","","","0",",6","0",",6","1",",6","0",",6","8",",6","0",",6","","","19430501",",,6","","","19430531","+,,6","","","19430515",",,6","19430529",",,6","-2.2",",6,01,","","","0",",,6,31,+","32.0",",,6,15,","31.1",",6,29,","4370.0","6","184.0",",6","101.5",",,,6","0",",,,6","12.90",",6","18.13",",,,6","7.67",",,,6"
"USC00136766","1943-06","43.08998","-91.55823","355.1","POSTVILLE, IA US","126.4","6","109.9",",6","11",",6","8",",6","0",",6","","","0",",6","0",",6","0",",6","0",",6","24",",6","3",",6","","","19430630",",,6","","","19430630","+,,6","","","19430628",",,6","19430621",",,6","6.1",",6,30,","","","0",",,6,30,+","23.6",",,6,28,","33.3",",6,21,","4407.5","6","37.5",",6","93.1",",,,6","0",",,,6","20.75",",6","25.31",",,,6","16.19",",,,6"
"USC00136766","1943-07","43.08998","-91.55823","355.1","POSTVILLE, IA US","242.3","6","115.9",",6","12",",6","10",",6","0",",6","","","0",",6","0",",6","0",",6","0",",6","31",",6","0",",6","","","19430701",",,6","","","19430731","+,,6","","","19430714",",,6","19430713",",,6","10.6",",6,01,","","","0",",,6,31,+","23.9",",,6,14,","31.7",",6,13,","2.2","6","2.2",",6","99.6",",,,6","0",",,,6","22.00",",6","27.19",",,,6","16.81",",,,6"
"USC00136766","1943-08","43.08998","-91.55823","355.1","POSTVILLE, IA US","338.2","6","95.9",",6","8",",6","7",",6","3",",6","","","0",",6","0",",6","0",",6","0",",6","28",",6","0",",6","","","19430818",",,6","","","19430831","+,,6","","","19430813",",,6","19430812",",,6","8.3",",6,18,","","","0",",,6,31,+","114.8",",,6,13,","31.1",",6,12,","12.2","6","10.0",",6","243.8",",,,6","0",",,,6","21.10",",6","26.15",",,,6","16.06",",,,6"
"USC00136766","1943-09","43.08998","-91.55823","355.1","POSTVILLE, IA US","350.3","6","12.1",",6","9",",6","5",",6","1",",6","","","0",",6","0",",6","0",",6","0",",6","11",",6","0",",6","","","19430917",",,6","","","19430930","+,,6","","","19430912",",,6","19430903",",,6","2.2",",6,17,","","","0",",,6,30,+","39.1",",,6,12,","27.8",",6,03,","153.7","6","141.5",",6","92.2",",,,6","0",",,,6","14.02",",6","19.33",",,,6","8.70",",,,6"
"USC00136766","1943-10","43.08998","-91.55823","355.1","POSTVILLE, IA US","350.3","6","0.0",",6","7",",6","5",",6","1",",6","","","0",",6","0",",6","5",",6","0",",6","5",",6","0",",6","","","19431017",",,6","","","19431031","+,,6","","","19431020",",,6","19431011",",,6","-4.4",",6,17,","","","0",",,6,31,+","33.3",",,6,20,","25.0",",6,11,","431.2","6","277.5",",6","80.1",",,,6","0",",,,6","9.38",",6","15.09",",,,6","3.67",",,,6"
"USC00136766","1943-11","43.08998","-91.55823","355.1","POSTVILLE, IA US","350.3","6","0.0",",6","2",",6","2",",6","0",",6","","","1",",6","0",",6","29",",6","7",",6","0",",6","0",",6","","","19431116",",,6","","","19431106",",,6","","","19431106",",,6","19431118","+,,6","-14.4",",6,16,","","","51",",,6,06,","13.5",",,6,06,","12.2",",6,18,+","993.4","6","562.2",",6","18.8",",,,6","51",",,,6","-0.41",",6","4.17",",,,6","-4.99",",,,6"
"USC00136766","1943-12","43.08998","-91.55823","355.1","POSTVILLE, IA US","350.3","6","0.0",",6","4",",6","1",",6","0",",6","","","0",",6","5",",6","30",",6","11",",6","0",",6","0",",6","","","19431223",",,6","","","19431214","+,,6","","","19431206",",,6","19431204",",,6","-22.2",",6,23,","","","5",",,6,14,+","19.6",",,6,06,","11.1",",6,04,","1692.2","6","698.8",",6","22.2",",,,6","10",",,,6","-4.21",",6","1.11",",,,6","-9.53",",,,6"
"USC00136766","1944-03","43.08998","-91.55823","355.1","POSTVILLE, IA US","","","0.0","1,6","10",",6","9",",6","0",",6","","","4",",6","1",",6","30",",6","6","1,6","0","1,6","0","1,6","","","19440309",",,6","","","19440306",",,6","","","19440306",",,6","19440324",",1,6","-19.4",",6,09,","","","140",",,6,06,","13.2",",,6,06,","11.7","1,6,24,","","","593.8","1,6","46.7",",,,6","329",",,,6","-1.56","1,6","3.08","1,,,6","-6.20",",,,6"
"USC00136766","1944-04","43.08998","-91.55823","355.1","POSTVILLE, IA US","","","0.0",",6","7",",6","6",",6","0",",6","","","0",",6","0",",6","14",",6","0",",6","0",",6","0",",6","","","19440404","+,,6","","","19440417","+,,6","","","19440425",",,6","19440429",",,6","-6.1",",6,04,+","","","13",",,6,17,+","21.3",",,6,25,","20.0",",6,29,","","","361.7",",6","75.1",",,,6","26",",,,6","6.28",",6","11.65",",,,6","0.91",",,,6"
"USC00136766","1944-05","43.08998","-91.55823","355.1","POSTVILLE, IA US","","","54.3",",6","16",",6","12",",6","0",",6","","","0",",6","0",",6","3",",6","0",",6","22",",6","0",",6","","","19440506","+,,6","","","19440505",",,6","","","19440523",",,6","19440515",",,6","-1.1",",6,06,+","","","0",",T,6,05,","24.6",",,6,23,","31.7",",6,15,","","","88.0",",6","138.0",",,,6","0",",T,,6","17.25",",6","23.00",",,,6","11.50",",,,6"
"USC00136766","1944-06","43.08998","-91.55823","355.1","POSTVILLE, IA US","","","114.5",",6","9",",6","8",",6","2",",6","","","0",",6","0",",6","0",",6","0",",6","26",",6","6",",6","","","19440607","+,,6","","","19440630","+,,6","","","19440616",",,6","19440625",",,6","6.7",",6,07,+","","","0",",,6,30,+","76.7",",,6,16,","33.3",",6,25,","","","27.5",",6","201.6",",,,6","0",",,,6","21.23",",6","27.14",",,,6","15.32",",,,6"
"USC00136766","1944-07","43.08998","-91.55823","355.1","POSTVILLE, IA US","","","96.9",",6","9",",6","7",",6","1",",6","","","0",",6","0",",6","0",",6","0",",6","31",",6","2",",6","","","19440721",",,6","","","19440731","+,,6","","","19440726",",,6","19440724","+,,6","9.4",",6,21,","","","0",",,6,31,+","38.9",",,6,26,","32.2",",6,24,+","3.6","6","3.6",",6","94.9",",,,6","0",",,,6","21.34",",6","28.19",",,,6","14.49",",,,6"
"USC00136766","1944-08","43.08998","-91.55823","355.1","POSTVILLE, IA US","","","106.9",",6","7",",6","7",",6","1",",6","","","0",",6","0",",6","0",",6","0",",6","29",",6","6",",6","","","19440824",",,6","","","19440831","+,,6","","","19440804",",,6","19440810",",,6","8.9",",6,24,","","","0",",,6,31,+","41.1",",,6,04,","34.4",",6,10,","14.4","6","10.8",",6","109.4",",,,6","0",",,,6","21.43",",6","27.69",",,,6","15.17",",,,6"
"USC00136766","1944-09","43.08998","-91.55823","355.1","POSTVILLE, IA US","","","32.5",",6","8",",6","7",",6","0",",6","","","0",",6","0",",6","0",",6","0",",6","21",",6","0",",6","","","19440929",",,6","","","19440930","+,,6","","","19440926",",,6","19440917","+,,6","4.4",",6,29,","","","0",",,6,30,+","19.1",",,6,26,","30.0",",6,17,+","76.7","6","62.3",",6","67.8",",,,6","0",",,,6","17.34",",6","22.85",",,,6","11.83",",,,6"
"USC00136766","1944-10","43.08998","-91.55823","355.1","POSTVILLE, IA US","","","0.0",",6","2",",6","2",",6","0",",6","","","0",",6","0",",6","5",",6","0",",6","6",",6","0",",6","","","19441022",",,6","","","19441031","+,,6","","","19441005",",,6","19441031","+,,6","-2.2",",6,22,","","","0",",,6,31,+","8.4",",,6,05,","23.3",",6,31,+","303.6","6","226.9",",6","10.9",",,,6","0",",,,6","11.01",",6","17.53",",,,6","4.50",",,,6"
"USC00136766","1944-11","43.08998","-91.55823","355.1","POSTVILLE, IA US","","","0.0",",6","8",",6","4",",6","0",",6","","","0",",6","0",",6","16",",6","3",",6","1",",6","0",",6","","","19441130",",,6","","","19441126",",,6","","","19441115",",,6","19441101",",,6","-10.6",",6,30,","","","13",",,6,26,","5.6",",,6,15,","23.9",",6,01,","737.6","6","434.0",",6","23.0",",,,6","26",",,,6","3.87",",6","7.04",",,,6","0.69",",,,6"
"USC00136766","1944-12","43.08998","-91.55823","355.1","POSTVILLE, IA US","","","0.0",",6","7","1,6","4","1,6","0","1,6","30",",6","5",",6","7",",6","31",",6","25",",6","0",",6","0",",6","","","19441226",",,6","19441230","+,,6","19441227",",,6","","","19441226","+,1,6","19441205",",,6","-25.6",",6,26,","203",",,6,30,+","127",",,6,27,","6.1","1,,6,26,+","2.8",",6,05,","1544.0","6","806.4",",6","25.2","1,,,6","305",",,,6","-7.68",",6","-2.97",",,,6","-12.39",",,,6"
"USC00136766","1945-01","43.08998","-91.55823","355.1","POSTVILLE, IA US","0.0","6","0.0",",6","7","1,6","4","1,6","0","1,6","30","1,6","","","13",",6","31",",6","27",",6","0",",6","0",",6","","","19450109",",,6","19450118","+,1,6","","","","","19450113",",1,6","19450123",",,6","-27.8",",6,09,","254","1,,6,18,+","","","7.6","1,,6,13,","2.2",",6,23,","2406.2","6","862.2",",6","22.7","1,,,6","","","-9.48",",6","-4.96",",,,6","-13.99",",,,6"
"USC00136766","1945-02","43.08998","-91.55823","355.1","POSTVILLE, IA US","0.0","6","0.0",",6","6","1,6","5","1,6","0","1,6","28",",6","3",",6","5",",6","28",",6","16",",6","0",",6","0",",6","","","19450201",",,6","19450223","+,,6","19450222",",,6","","","19450225",",1,6","19450224",",,6","-22.2",",6,01,","254",",,6,23,+","127",",,6,22,","14.5","1,,6,25,","7.8",",6,24,","3071.8","6","665.6",",6","40.9","1,,,6","295",",,,6","-5.44",",6","-0.56",",,,6","-10.32",",,,6"
"USC00136766","1945-03","43.08998","-91.55823","355.1","POSTVILLE, IA US","0.0","6","0.0",",6","6",",6","6",",6","2",",6","","","2",",6","0",",6","16",",6","2",",6","5",",6","0",",6","","","19450307",",,6","","","19450303",",,6","","","19450325",",,6","19450327",",,6","-16.7",",6,07,","","","64",",,6,03,","37.8",",,6,25,","23.9",",6,27,","3445.9","6","374.1",",6","93.5",",,,6","89",",,,6","6.26",",6","12.73",",,,6","-0.20",",,,6"
"USC00136766","1945-04","43.08998","-91.55823","355.1","POSTVILLE, IA US","0.6","6","0.6",",6","9",",6","8",",6","1",",6","","","1",",6","0",",6","9",",6","1",",6","5",",6","0",",6","","","19450405",",,6","","","19450403",",,6","","","19450416",",,6","19450410",",,6","-5.0",",6,05,","","","25",",,6,03,","33.3",",,6,16,","25.6",",6,10,","3749.8","6","303.9",",6","116.0",",,,6","25",",,,6","8.22",",6","13.98",",,,6","2.46",",,,6"
"USC00136766","1945-05","43.08998","-91.55823","355.1","POSTVILLE, IA US","2.8","6","2.2",",6","16",",6","10",",6","0",",6","","","0",",6","0",",6","4",",6","0",",6","11",",6","0",",6","","","19450509",",,6","","","19450509",",,6","","","19450527",",,6","19450506",",,6","-2.8",",6,09,","","","15",",,6,09,","18.3",",,6,27,","26.7",",6,06,","3952.7","6","202.9",",6","115.7",",,,6","15",",,,6","11.86",",6","18.03",",,,6","5.69",",,,6"
"USC00136766","1945-06","43.08998","-91.55823","355.1","POSTVILLE, IA US","38.4","6","35.6",",6","9",",6","5",",6","3",",6","","","0",",6","0",",6","0",",6","0",",6","20",",6","0",",6","","","19450604",",,6","","","19450630","+,,6","","","19450601",",,6","19450623",",,6","1.1",",6,04,","","","0",",,6,30,+","71.9",",,6,01,","31.7",",6,23,","4030.9","6","78.2",",6","171.2",",,,6","0",",,,6","16.92",",6","22.79",",,,6","11.04",",,,6"
"USC00136766","1945-07","43.08998","-91.55823","355.1","POSTVILLE, IA US","138.7","6","100.3",",6","9",",6","6",",6","1",",6","","","0",",6","0",",6","0",",6","0",",6","29",",6","6",",6","","","19450710",",,6","","","19450731","+,,6","","","19450728",",,6","19450731","+,,6","8.3",",6,10,","","","0",",,6,31,+","28.2",",,6,28,","34.4",",6,31,+","10.0","6","10.0",",6","59.5",",,,6","0",",,,6","21.24",",6","27.97",",,,6","14.52",",,,6"
"USC00136766","1945-08","43.08998","-91.55823","355.1","POSTVILLE, IA US","237.4","6","98.7",",6","5",",6","4",",6","3",",6","","","0",",6","0",",6","0",",6","0",",6","31",",6","4",",6","","","19450825",",,6","","","19450831","+,,6","","","19450814",",,6","19450829",",,6","8.3",",6,25,","","","0",",,6,31,+","31.8",",,6,14,","32.8",",6,29,","21.5","6","11.5",",6","99.6",",,,6","0",",,,6","21.15",",6","27.31",",,,6","14.98",",,,6"
"USC00136766","1945-09","43.08998","-91.55823","355.1","POSTVILLE, IA US","276.1","6","38.7",",6","11",",6","9",",6","1",",6","","","0",",6","0",",6","1",",6","0",",6","14",",6","1",",6","","","19450929",",,6","","","19450930","+,,6","","","19450923",",,6","19450905",",,6","-2.2",",6,29,","","","0",",,6,30,+","28.7",",,6,23,","33.3",",6,05,","142.5","6","121.0",",6","97.0",",,,6","0",",,,6","15.59",",6","21.38",",,,6","9.80",",,,6"
"USC00136766","1945-10","43.08998","-91.55823","355.1","POSTVILLE, IA US","276.1","6","0.0",",6","2",",6","1",",6","0",",6","","","0",",6","0",",6","9",",6","0",",6","7",",6","0",",6","","","19451031",",,6","","","19451031","+,,6","","","19451001",",,6","19451018","+,,6","-5.0",",6,31,","","","0",",,6,31,+","2.8",",,6,01,","25.6",",6,18,+","410.5","6","268.0",",6","5.1",",,,6","0",",,,6","9.69",",6","16.45",",,,6","2.92",",,,6"
"USC00136766","1945-11","43.08998","-91.55823","355.1","POSTVILLE, IA US","276.1","6","0.0",",6","7",",6","4",",6","2",",6","","","2",",6","0",",6","24",",6","6",",6","0",",6","0",",6","","","19451122",",,6","","","19451127",",,6","","","19451108",",,6","19451105",",,6","-12.2",",6,22,","","","51",",,6,27,","30.2",",,6,08,","20.6",",6,05,","920.4","6","509.9",",6","81.0",",,,6","102",",,,6","1.34",",6","6.07",",,,6","-3.39",",,,6"
"USC00136766","1945-12","43.08998","-91.55823","355.1","POSTVILLE, IA US","276.1","6","0.0",",6","7",",6","5",",6","0",",6","","","","","10",",6","31",",6","24",",6","0",",6","0",",6","","","19451218",",,6","","","","","","","19451201",",,6","19451207",",,6","-26.7",",6,18,","","","","","20.6",",,6,01,","7.8",",6,07,","1760.9","6","840.5",",6","39.8",",,,6","","","-8.78",",6","-4.76",",,,6","-12.80",",,,6"
"USC00136766","1946-01","43.08998","-91.55823","355.1","POSTVILLE, IA US","0.0","","0.0","1,6","6",",6","5",",6","1",",6","31",",6","5",",6","8",",6","30",",6","19","1,6","0","1,6","0","1,6","","","19460126",",,6","19460101",",,6","19460123",",,6","","","19460105",",,6","19460106","+,1,6","-27.8",",6,26,","203",",,6,01,","64",",,6,23,","58.2",",,6,05,","7.8","1,6,06,+","2505.7","","744.8","1,6","74.7",",,,6","216",",,,6","-6.37","1,6","-0.76","1,,,6","-11.97",",,,6"
"USC00136766","1946-02","43.08998","-91.55823","355.1","POSTVILLE, IA US","0.0","","0.0","2,6","4",",6","1",",6","0",",6","","","1",",6","4","1,6","26","1,6","12","1,6","0","1,6","0","1,6","","","19460215",",1,6","","","19460226",",,6","","","19460226",",,6","19460205",",1,6","-21.7","1,6,15,","","","102",",,6,26,","12.7",",,6,26,","11.7","1,6,05,","3106.2","","600.5","1,6","17.1",",,,6","128",",,,6","-4.78","2,6","0.70","1,,,6","-10.27","1,,,6"
"USC00136766","1946-03","43.08998","-91.55823","355.1","POSTVILLE, IA US","0.0","","0.0",",6","7",",6","7",",6","1",",6","","","1",",6","0",",6","12",",6","2",",6","3",",6","0",",6","","","19460309",",,6","","","19460308",",,6","","","19460306",",,6","19460328",",,6","-15.6",",6,09,","","","241",",,6,08,","30.7",",,6,06,","24.4",",6,28,","3470.0","","363.8",",6","82.2",",,,6","241",",,,6","6.60",",6","12.17",",,,6","1.02",",,,6"
"USC00136766","1987-12","43.08998","-91.55823","355.1","POSTVILLE, IA US","","","","","9",",6","8",",6","0",",6","","","","","","","","","18",",6","0",",6","0",",6","3","","","","","","","","","","19871227",",,6","19871208",",,6","","","","","","","16.0",",,6,27,","8.3",",6,08,","","","","","68.3",",,,6","","","","","-0.17",",,,6","",""
"USC00136766","1988-01","43.08998","-91.55823","355.1","POSTVILLE, IA US","","","","","4",",6","2",",6","0",",6","","","","","14","5,6","26","5,6","21","1,6","0","1,6","0","1,6","4","","19880104",",5,6","","","","","","","19880119",",,6","19880130","+,1,6","-32.2","5,6,04,","","","","","22.1",",,6,19,","7.2","1,6,30,+","","","","","28.0",",,,6","","","-11.40","6,6","-6.01","1,,,6","-16.80","5,,,6"
"USC00136766","1988-02","43.08998","-91.55823","355.1","POSTVILLE, IA US","","","0.0","1,6","7",",6","2",",6","0",",6","","","","","14","1,6","28","1,6","18",",6","0",",6","0",",6","","","19880205",",1,6","","","","","","","19880215",",,6","19880218",",,6","-28.9","1,6,05,","","","","","4.3",",,6,15,","6.1",",6,18,","","","819.4",",6","13.0",",,,6","","","-10.83","1,6","-4.90",",,,6","-16.75","1,,,6"
"USC00136766","1988-03","43.08998","-91.55823","355.1","POSTVILLE, IA US","","","0.0",",6","5",",6","3",",6","0",",6","","","","","0",",6","30",",6","5",",6","0",",6","0",",6","1","","19880303",",,6","","","","","3","","19880324",",,6","19880322",",,6","-12.2",",6,03,","","","","","20.8",",,6,24,","17.8",",6,22,","","","547.7",",6","39.7",",,,6","","","0.66",",6","6.05",",,,6","-4.73",",,,6"
"USC00136766","1988-04","43.08998","-91.55823","355.1","POSTVILLE, IA US","","","0.0",",6","9",",6","5",",6","0",",6","","","","","0",",6","15",",6","0",",6","5",",6","0",",6","1","","19880418",",,6","","","","","1","","19880426",",,6","19880430",",,6","-6.7",",6,18,","","","","","25.1",",,6,26,","23.3",",6,30,","","","320.9",",6","67.7",",,,6","","","7.64",",6","14.58",",,,6","0.69",",,,6"
"USC00136766","1988-05","43.08998","-91.55823","355.1","POSTVILLE, IA US","","","25.6",",6","4",",6","2",",6","1",",6","","","","","0",",6","0",",6","0",",6","27",",6","0",",6","","","19880524",",,6","","","","","1","","19880508",",,6","19880528",",,6","2.2",",6,24,","","","","","33.8",",,6,08,","31.7",",6,28,","","","79.2",",6","37.9",",,,6","","","16.60",",6","24.33",",,,6","8.88",",,,6"
"USC00136766","1988-06","43.08998","-91.55823","355.1","POSTVILLE, IA US","","","104.7",",6","8",",6","4",",6","0",",6","","","","","0",",6","0",",6","0",",6","30",",6","10",",6","","","19880608",",,6","","","","","4","","19880619",",,6","19880621","+,,6","3.3",",6,08,","","","","","14.2",",,6,19,","37.2",",6,21,+","","","16.0",",6","26.5",",,,6","","","21.29",",6","29.64",",,,6","12.94",",,,6"
"USC00136766","1988-07","43.08998","-91.55823","355.1","POSTVILLE, IA US","","","170.2",",6","8",",6","3",",6","1",",6","","","","","0",",6","0",",6","0",",6","31",",6","13",",6","","","19880701",",,6","","","","","3","","19880709",",,6","19880731",",,6","7.2",",6,01,","","","","","40.6",",,6,09,","38.3",",6,31,","1.9","6","1.9",",6","57.4",",,,6","","","23.76",",6","31.31",",,,6","16.21",",,,6"
"USC00136766","1988-08","43.08998","-91.55823","355.1","POSTVILLE, IA US","","","160.6","1,6","9",",6","4",",6","2",",6","","","","","0","1,6","0","1,6","0",",6","31",",6","12",",6","","","19880827",",1,6","","","","","2","","19880807",",,6","19880817",",,6","5.6","1,6,27,","","","","","32.8",",,6,07,","38.9",",6,17,","16.6","6","14.7",",6","86.6",",,,6","","","23.16","1,6","29.98",",,,6","16.34","1,,,6"
"USC00136766","1988-09","43.08998","-91.55823","355.1","POSTVILLE, IA US","","","24.7","1,6","10",",6","6",",6","3",",6","","","","","0","1,6","0","1,6","0",",6","25",",6","1",",6","","","19880905",",1,6","","","","","5","","19880918",",,6","19880917",",,6","2.2","1,6,05,","","","","","52.3",",,6,18,","33.3",",6,17,","97.9","6","81.3",",6","146.8",",,,6","","","16.44","1,6","24.00",",,,6","8.88","1,,,6"
"USC00136766","1988-10","43.08998","-91.55823","355.1","POSTVILLE, IA US","","","0.0","1,6","6",",6","3",",6","0",",6","","","","","0",",6","24",",6","0","1,6","3","1,6","0","1,6","","","19881029",",,6","","","","","","","19881020",",,6","19881015",",1,6","-11.1",",6,29,","","","","","7.6",",,6,20,","23.9","1,6,15,","490.8","6","392.9","1,6","20.8",",,,6","","","5.27","1,6","12.39","1,,,6","-1.86",",,,6"
"USC00136766","1988-11","43.08998","-91.55823","355.1","POSTVILLE, IA US","","","0.0","1,6","14","1,6","8","1,6","0","1,6","","","","","0","1,6","28","1,6","6",",6","0",",6","0",",6","4","","19881130",",1,6","","","","","2","","19881115",",1,6","19881115",",,6","-16.1","1,6,30,","","","","","23.4","1,,6,15,","16.7",",6,15,","1008.6","6","517.8",",6","67.0","1,,,6","","","0.44","1,6","5.56",",,,6","-4.68","1,,,6"
"USC00136766","1988-12","43.08998","-91.55823","355.1","POSTVILLE, IA US","","","0.0","2,6","5","2,6","2","2,6","0","2,6","","","","","6","2,6","29","2,6","17",",6","0",",6","0",",6","","","19881215",",2,6","","","","","","","19881226",",2,6","19881219",",,6","-22.2","2,6,15,","","","","","12.4","2,,6,26,","10.6",",6,19,","1736.6","6","728.0",",6","16.6","2,,,6","","","-6.68","2,6","-1.05",",,,6","-12.32","2,,,6"
"USC00136766","1989-01","43.08998","-91.55823","355.1","POSTVILLE, IA US","0.0","6","0.0",",6","6",",6","2",",6","0",",6","","","","","6",",6","31",",6","13",",6","0",",6","0",",6","4","","19890109",",,6","","","","","","","19890105",",,6","19890131",",,6","-20.6",",6,09,","","","","","10.9",",,6,05,","11.1",",6,31,","2441.5","6","704.9",",6","17.6",",,,6","","","-4.40",",6","0.70",",,,6","-9.51",",,,6"
"USC00136766","1989-02","43.08998","-91.55823","355.1","POSTVILLE, IA US","0.0","6","0.0","3,6","5","2,6","1","2,6","0","2,6","","","","","14","2,6","26","2,6","21","3,6","0","3,6","0","3,6","","","19890202",",2,6","","","","","","","19890214",",2,6","19890225",",3,6","-27.2","2,6,02,","","","","","3.3","2,,6,14,","6.1","3,6,25,","3173.5","6","732.0","3,6","7.9","2,,,6","","","-11.05","3,6","-4.38","3,,,6","-17.72","2,,,6"
"USC00136766","1989-03","43.08998","-91.55823","355.1","POSTVILLE, IA US","0.0","6","0.0","2,6","8",",6","5",",6","0",",6","","","","","1","1,6","24","1,6","11","1,6","2","1,6","0","1,6","4","","19890302",",1,6","","","","","1","","19890303",",,6","19890327",",1,6","-17.8","1,6,02,","","","","","23.6",",,6,03,","23.9","1,6,27,","3751.4","6","577.9","1,6","57.7",",,,6","","","-1.63","2,6","3.48","1,,,6","-6.74","1,,,6"
"USC00136766","1989-04","43.08998","-91.55823","355.1","POSTVILLE, IA US","0.0","6","0.0","1,6","11","1,6","4","1,6","1","1,6","","","0",",6","0","1,6","14","1,6","0",",6","3",",6","0",",6","1","","19890409","+,1,6","","","19890426","+,,6","4","","19890423",",1,6","19890425",",,6","-8.3","1,6,09,+","","","0",",T,6,26,+","27.2","1,,6,23,","24.4",",6,25,","4089.7","6","338.3",",6","55.6","1,,,6","0",",T,,6","6.71","1,6","13.03",",,,6","0.39","1,,,6"
"USC00136766","1989-05","43.08998","-91.55823","355.1","POSTVILLE, IA US","8.8","6","8.8",",6","9",",6","7",",6","0",",6","","","","","0",",6","3",",6","0",",6","16",",6","0",",6","","","19890506","+,,6","","","","","1","","19890531",",,6","19890529",",,6","-4.4",",6,06,+","","","","","12.2",",,6,31,","27.2",",6,29,","4246.3","6","156.6",",6","63.1",",,,6","","","13.56",",6","20.03",",,,6","7.10",",,,6"
"USC00136766","1989-06","43.08998","-91.55823","355.1","POSTVILLE, IA US","62.4","6","53.6",",6","7",",6","4",",6","0",",6","","","0",",6","0",",6","0",",6","0",",6","26",",6","0",",6","","","19890609",",,6","","","19890630","+,,6","","","19890627",",,6","19890621","+,,6","4.4",",6,09,","","","0",",,6,30,+","11.2",",,6,27,","30.6",",6,21,+","4291.3","6","45.0",",6","38.3",",,,6","0",",,,6","18.62",",6","25.23",",,,6","12.01",",,,6"
"USC00136766","1989-07","43.08998","-91.55823","355.1","POSTVILLE, IA US","187.6","6","125.2",",6","7",",6","2",",6","0",",6","","","","","0",",6","0",",6","0",",6","31",",6","9",",6","5","","19890716","+,,6","","","","","","","19890717",",,6","19890710","+,,6","9.4",",6,16,+","","","","","12.2",",,6,17,","36.1",",6,10,+","1.1","6","1.1",",6","25.2",",,,6","","","22.34",",6","29.60",",,,6","15.07",",,,6"
"USC00136766","1989-08","43.08998","-91.55823","355.1","POSTVILLE, IA US","257.1","6","69.5",",6","11",",6","5",",6","2",",6","","","","","0",",6","0",",6","0",",6","30",",6","3",",6","7","","19890816","+,,6","","","","","4","","19890805",",,6","19890804",",,6","7.2",",6,16,+","","","","","48.0",",,6,05,","33.9",",6,04,","14.5","6","13.4",",6","103.1",",,,6","","","20.14",",6","27.10",",,,6","13.19",",,,6"
"USC00136766","1989-09","43.08998","-91.55823","355.1","POSTVILLE, IA US","264.1","6","7.0","1,6","6",",6","5",",6","1",",6","","","","","0","1,6","4","1,6","0",",6","18",",6","0",",6","5","","19890922",",1,6","","","","","2","","19890901",",,6","19890906","+,,6","-3.3","1,6,22,","","","","","31.5",",,6,01,","26.1",",6,06,+","153.6","6","139.1",",6","59.4",",,,6","","","13.83","1,6","21.16",",,,6","6.50","1,,,6"
"USC00136766","1989-10","43.08998","-91.55823","355.1","POSTVILLE, IA US","264.1","6","0.0","2,6","9",",6","6",",6","0",",6","","","","","0","2,6","12","2,6","0",",6","10",",6","0",",6","","","19891003",",2,6","","","","","4","","19891016",",,6","19891011",",,6","-5.0","2,6,03,","","","","","22.4",",,6,16,","26.7",",6,11,","406.7","6","253.1",",6","77.8",",,,6","","","9.51","2,6","16.54",",,,6","2.49","2,,,6"
"USC00136766","1989-11","43.08998","-91.55823","355.1","POSTVILLE, IA US","264.1","6","0.0","4,6","9",",6","3",",6","0",",6","","","2",",6","1","3,6","25","3,6","8","1,6","0","1,6","0","1,6","2","","19891128",",3,6","","","19891128","+,,6","1","","19891128",",,6","19891113",",1,6","-24.4","3,6,28,","","","25",",,6,28,+","9.9",",,6,28,","16.1","1,6,13,","918.8","6","512.1","1,6","24.3",",,,6","50",",,,6","-1.67","4,6","4.36","1,,,6","-7.70","3,,,6"
"USC00136766","1989-12","43.08998","-91.55823","355.1","POSTVILLE, IA US","264.1","6","0.0","2,6","6",",6","0",",6","0",",6","","","","","15","1,6","30","1,6","23","1,6","0","1,6","0","1,6","2","","19891221",",1,6","","","","","","","19891214",",,6","19891205",",1,6","-32.8","1,6,21,","","","","","1.0",",,6,14,","9.4","1,6,05,","1803.1","6","884.3","1,6","3.6",",,,6","","","-12.06","2,6","-6.06","1,,,6","-18.06","1,,,6"
"USC00136766","1990-01","43.08998","-91.55823","355.1","POSTVILLE, IA US","0.0","6","0.0","2,6","5","1,6","3","1,6","0","1,6","","","3",",6","0","1,6","30","1,6","8","1,6","0","1,6","0","1,6","5","","19900130",",1,6","","","19900121",",,6","","","19900121",",1,6","19900116",",1,6","-16.1","1,6,30,","","","140",",,6,21,","12.2","1,,6,21,","11.1","1,6,16,","2430.3","6","627.2","1,6","25.4","1,,,6","241",",,,6","-3.19","2,6","2.34","1,,,6","-8.71","1,,,6"
"USC00136766","1990-02","43.08998","-91.55823","355.1","POSTVILLE, IA US","0.0","6","0.0","3,6","5",",6","4",",6","0",",6","","","","","3","3,6","25","3,6","11",",6","0",",6","0",",6","4","","19900224",",3,6","","","","","","","19900216",",,6","19900212",",,6","-24.4","3,6,24,","","","","","6.1",",,6,16,","14.4",",6,12,","3004.4","6","574.1",",6","17.3",",,,6","","","-4.64","3,6","0.96",",,,6","-10.24","3,,,6"
"USC00136766","1990-03","43.08998","-91.55823","355.1","POSTVILLE, IA US","0.0","6","0.0","1,6","11",",6","9",",6","0",",6","","","0",",6","0","1,6","22","1,6","4",",6","1",",6","0",",6","4","","19900323",",1,6","","","19900319","+,,6","2","","19900314",",,6","19900312",",,6","-13.3","1,6,23,","","","0",",T,6,19,+","24.9",",,6,14,","22.2",",6,12,","3484.9","6","480.5",",6","88.7",",,,6","0",",T,,6","2.48","1,6","8.04",",,,6","-3.09","1,,,6"
"USC00136766","1990-04","43.08998","-91.55823","355.1","POSTVILLE, IA US","10.0","6","10.0",",6","14",",6","7",",6","0",",6","","","0",",6","0",",6","17",",6","0",",6","6",",6","0",",6","4","","19900417",",,6","","","19900404","+,,6","","","19900410",",,6","19900425",",,6","-10.0",",6,17,","","","0",",T,6,04,+","22.6",",,6,10,","28.3",",6,25,","3832.4","6","347.5",",6","58.0",",,,6","0",",T,,6","7.08",",6","13.78",",,,6","0.39",",,,6"
"USC00136766","1990-05","43.08998","-91.55823","355.1","POSTVILLE, IA US","11.4","6","1.4",",6","11",",6","9",",6","1",",6","","","","","0",",6","3",",6","0",",6","10",",6","0",",6","4","","19900501",",,6","","","","","4","","19900519",",,6","19900507",",,6","-2.8",",6,01,","","","","","29.5",",,6,19,","26.7",",6,07,","4026.3","6","193.9",",6","121.0",",,,6","","","12.12",",6","18.14",",,,6","6.11",",,,6"
"USC00136766","1990-06","43.08998","-91.55823","355.1","POSTVILLE, IA US","74.0","6","62.6",",6","18",",6","10",",6","0",",6","","","","","0",",6","0",",6","0",",6","27",",6","0",",6","3","","19900603",",,6","","","","","12","","19900616",",,6","19900630","+,,6","1.1",",6,03,","","","","","21.3",",,6,16,","30.6",",6,30,+","4065.0","6","38.7",",6","126.7",",,,6","","","19.13",",6","25.14",",,,6","13.12",",,,6"
"USC00136766","1990-07","43.08998","-91.55823","355.1","POSTVILLE, IA US","146.1","6","72.1","2,6","12",",6","7",",6","1",",6","","","","","0","2,6","0","2,6","0",",6","31",",6","2",",6","2","","19900712",",2,6","","","","","4","","19900720",",,6","19900703",",,6","7.8","2,6,12,","","","","","27.9",",,6,20,","35.6",",6,03,","11.1","6","11.1",",6","111.7",",,,6","","","20.51","2,6","26.57",",,,6","14.44","2,,,6"
"USC00136766","1990-08","43.08998","-91.55823","355.1","POSTVILLE, IA US","221.7","6","75.6","1,6","11",",6","8",",6","2",",6","","","","","0","1,6","0","1,6","0",",6","30",",6","1",",6","4","","19900805",",1,6","","","","","6","","19900825",",,6","19900827",",,6","6.1","1,6,05,","","","","","69.3",",,6,25,","32.8",",6,27,","20.6","6","9.5",",6","170.1",",,,6","","","20.52","1,6","26.74",",,,6","14.31","1,,,6"
"USC00136766","1990-09","43.08998","-91.55823","355.1","POSTVILLE, IA US","274.2","6","52.5","1,6","4",",6","1",",6","0",",6","","","","","0","1,6","0","1,6","0",",6","19",",6","3",",6","8","","19900929",",1,6","","","","","","","19900919",",,6","19900906","+,,6","1.1","1,6,29,","","","","","6.6",",,6,19,","32.8",",6,06,+","107.8","6","87.2",",6","9.5",",,,6","","","17.04","1,6","23.61",",,,6","10.46","1,,,6"
"USC00136766","1990-10","43.08998","-91.55823","355.1","POSTVILLE, IA US","277.0","6","2.8","3,6","7",",6","5",",6","0",",6","","","","","0","3,6","14","3,6","0",",6","4",",6","0",",6","","","19901027","+,3,6","","","","","","","19901004",",,6","19901005",",,6","-4.4","3,6,27,+","","","","","18.8",",,6,04,","28.3",",6,05,","406.7","6","298.9",",6","48.8",",,,6","","","8.05","3,6","15.41",",,,6","0.69","3,,,6"
"USC00136766","1990-11","43.08998","-91.55823","355.1","POSTVILLE, IA US","277.0","6","0.0","4,6","8",",6","4",",6","0",",6","","","2",",6","0","4,6","23","4,6","2",",6","1",",6","0",",6","4","","19901107",",4,6","","","19901109",",,6","1","","19901103",",,6","19901101",",,6","-9.4","4,6,07,","","","38",",,6,09,","12.4",",,6,03,","21.7",",6,01,","807.2","6","400.5",",6","27.6",",,,6","63",",,,6","3.24","4,6","9.52",",,,6","-3.05","4,,,6"
"USC00136766","1990-12","43.08998","-91.55823","355.1","POSTVILLE, IA US","","","","","8",",6","5",",6","0",",6","","","5",",6","","","","","16","2,6","0","2,6","0","2,6","3","","","","","","19901215","+,,6","","","19901203",",,6","19901211",",2,6","","","","","127",",,6,15,+","21.1",",,6,03,","7.8","2,6,11,","","","","","63.9",",,,6","490",",,,6","","","-3.00","2,,,6","",""
"USC00136766","1991-01","43.08998","-91.55823","355.1","POSTVILLE, IA US","","","","","7",",0","3",",0","0",",0","31",",0","5",",0","","","","","","","","","","","6","","","","19910113","+,,0","19910112","+,,0","","","19910105",",,0","","","","","406",",,0,13,+","76",",,0,12,+","7.1",",,0,05,","","","","","","","18.2",",,,0","325",",,,0","","","","","",""
"USC00136766","1991-02","43.08998","-91.55823","355.1","POSTVILLE, IA US","","","","","4",",0","1",",0","0",",0","28",",0","1",",0","","","","","","","","","","","7","","","","19910201",",,0","19910214",",,0","","","19910214",",,0","","","","","330",",,0,01,","76",",,0,14,","2.5",",,0,14,","","","","","","","5.1",",,,0","110",",,,0","","","","","",""
"USC00136766","1991-03","43.08998","-91.55823","355.1","POSTVILLE, IA US","","","","","8",",0","6",",0","0",",0","8",",0","1",",0","","","","","","","","","","","3","","","","19910301",",,0","19910313",",,0","2","","19910323",",,0","","","","","152",",,0,01,","127",",,0,13,","24.6",",,0,23,","","","","","","","90.4",",,,0","127",",,,0","","","","","",""
"USC00136766","1991-04","43.08998","-91.55823","355.1","POSTVILLE, IA US","","","","","14",",0","12",",0","2",",0","1",",0","1",",0","","","","","","","","","","","2","","","","19910413",",,0","19910413",",,0","5","","19910413",",,0","","","","","25",",,0,13,","102",",,0,13,","53.6",",,0,13,","","","","","","","192.5",",,,0","102",",,,0","","","","","",""
"USC00136766","1991-05","43.08998","-91.55823","355.1","POSTVILLE, IA US","","","","","15",",0","12",",0","1",",0","0",",0","0",",0","","","","","","","","","","","2","","","","19910531","+,,0","19910531","+,,0","5","","19910530",",,0","","","","","0",",,0,31,+","0",",,0,31,+","43.7",",,0,30,","","","","","","","135.8",",,,0","0",",,,0","","","","","",""
"USC00136766","1991-06","43.08998","-91.55823","355.1","POSTVILLE, IA US","","","","","6",",0","4",",0","1",",0","0",",0","0",",0","","","","","","","","","","","1","","","","19910630","+,,0","19910630","+,,0","2","","19910615",",,0","","","","","0",",,0,30,+","0",",,0,30,+","109.2",",,0,15,","","","","","","","133.9",",,,0","0",",,,0","","","","","",""
"USC00136766","1991-07","43.08998","-91.55823","355.1","POSTVILLE, IA US","","","","","7",",0","5",",0","0",",0","0",",0","0",",0","","","","","","","","","","","","","","","19910731","+,,0","19910731","+,,0","1","","19910729",",,0","","","","","0",",,0,31,+","0",",,0,31,+","20.1",",,0,29,","","","","","","","62.8",",,,0","0",",,,0","","","","","",""
"USC00136766","1991-08","43.08998","-91.55823","355.1","POSTVILLE, IA US","","","","","8",",0","4",",0","1",",0","0",",0","0",",0","","","","","","","","","","","5","","","","19910831","+,,0","19910831","+,,0","1","","19910808",",,0","","","","","0",",,0,31,+","0",",,0,31,+","53.6",",,0,08,","","","","","","","78.7",",,,0","0",",,,0","","","","","",""
"USC00136766","1991-09","43.08998","-91.55823","355.1","POSTVILLE, IA US","","","","","13",",0","11",",0","1",",0","0",",0","0",",0","","","","","","","","","","","3","","","","19910930","+,,0","19910930","+,,0","5","","19910912",",,0","","","","","0",",,0,30,+","0",",,0,30,+","79.2",",,0,12,","","","","","","","161.4",",,,0","0",",,,0","","","","","",""
"USC00136766","1991-10","43.08998","-91.55823","355.1","POSTVILLE, IA US","","","","","12",",0","7",",0","0",",0","0",",0","0",",0","","","","","","","","","","","2","","","","19911031","+,,0","19911030","+,,0","2","","19911025",",,0","","","","","0",",,0,31,+","0",",T,0,30,+","25.1",",,0,25,","","","","","","","82.6",",,,0","0",",T,,0","","","","","",""
"USC00136766","1991-11","43.08998","-91.55823","355.1","POSTVILLE, IA US","","","","","12",",0","9",",0","2",",0","17","3,0","7",",0","","","","","","","","","","","6","","","","19911129",",3,0","19911123",",,0","","","19911101",",,0","","","","","356","3,,0,29,","152",",,0,23,","46.5",",,0,01,","","","","","","","135.7",",,,0","489",",,,0","","","","","",""
"USC00136766","1991-12","43.08998","-91.55823","355.1","POSTVILLE, IA US","","","","","8",",0","5",",0","0",",0","22","2,0","4","1,0","","","","","","","","","","","7","","","","19911205","+,2,0","19911220","+,1,0","","","19911212",",,0","","","","","254","2,,0,05,+","51","1,,0,20,+","10.9",",,0,12,","","","","","","","43.5",",,,0","168","1,,,0","","","","","",""
"USC00136766","1992-01","43.08998","-91.55823","355.1","POSTVILLE, IA US","","","","","6",",0","3",",0","0",",0","22",",0","2",",0","","","","","","","","","","","14","","","","19920129","+,,0","19920125",",,0","","","19920123",",,0","","","","","102",",,0,29,+","102",",,0,25,","8.6",",,0,23,","","","","","","","24.3",",,,0","199",",,,0","","","","","",""
"USC00136766","1992-02","43.08998","-91.55823","355.1","POSTVILLE, IA US","","","","","6",",0","3",",0","0",",0","27",",0","4",",0","","","","","","","","","","","5","","","","19920220","+,,0","19920219",",,0","","","19920219",",,0","","","","","102",",,0,20,+","51",",,0,19,","6.4",",,0,19,","","","","","","","18.0",",,,0","172",",,,0","","","","","",""
"USC00136766","1992-03","43.08998","-91.55823","355.1","POSTVILLE, IA US","","","","","10",",0","4",",0","0",",0","9",",0","4",",0","","","","","","","","","","","6","","","","19920322",",,0","19920322",",,0","3","","19920309",",,0","","","","","76",",,0,22,","64",",,0,22,","16.5",",,0,09,","","","","","","","45.5",",,,0","165",",,,0","","","","","",""
"USC00136766","1992-04","43.08998","-91.55823","355.1","POSTVILLE, IA US","","","","","12",",0","9",",0","1",",0","","","0","1,0","","","","","","","","","","","3","","","","","","19920422",",1,0","4","","19920421",",,0","","","","","","","0","1,T,0,22,","27.7",",,0,21,","","","","","","","105.9",",,,0","0","1,T,,0","","","","","",""
"USC00136766","1992-05","43.08998","-91.55823","355.1","POSTVILLE, IA US","","","","","7",",0","4",",0","1",",0","0",",0","0",",0","","","","","","","","","","","1","","","","19920531","+,,0","19920531","+,,0","2","","19920517",",,0","","","","","0",",,0,31,+","0",",,0,31,+","29.0",",,0,17,","","","","","","","42.4",",,,0","0",",,,0","","","","","",""
"USC00136766","1992-06","43.08998","-91.55823","355.1","POSTVILLE, IA US","","","","","6",",0","4",",0","1",",0","0",",0","0",",0","","","","","","","","","","","","","","","19920630","+,,0","19920630","+,,0","3","","19920617",",,0","","","","","0",",,0,30,+","0",",,0,30,+","56.6",",,0,17,","","","","","","","83.9",",,,0","0",",,,0","","","","","",""
"USC00136766","1992-07","43.08998","-91.55823","355.1","POSTVILLE, IA US","","","","","19",",0","14",",0","1",",0","0",",0","0",",0","","","","","","","","","","","4","","","","19920731","+,,0","19920731","+,,0","4","","19920723",",,0","","","","","0",",,0,31,+","0",",,0,31,+","29.0",",,0,23,","","","","","","","149.6",",,,0","0",",,,0","","","","","",""
"USC00136766","1992-08","43.08998","-91.55823","355.1","POSTVILLE, IA US","","","","","7",",0","7",",0","2",",0","0",",0","0",",0","","","","","","","","","","","4","","","","19920831","+,,0","19920831","+,,0","2","","19920826",",,0","","","","","0",",,0,31,+","0",",,0,31,+","42.7",",,0,26,","","","","","","","94.1",",,,0","0",",,,0","","","","","",""
"USC00136766","1992-09","43.08998","-91.55823","355.1","POSTVILLE, IA US","","","","","12",",0","10",",0","2",",0","0",",0","0",",0","","","","","","","","","","","6","","","","19920930","+,,0","19920930","+,,0","9","","19920906",",,0","","","","","0",",,0,30,+","0",",,0,30,+","46.7",",,0,06,","","","","","","","179.1",",,,0","0",",,,0","","","","","",""
"USC00136766","1992-10","43.08998","-91.55823","355.1","POSTVILLE, IA US","","","","","3",",0","3",",0","0",",0","0",",0","0",",0","","","","","","","","","","","3","","","","19921031","+,,0","19921020",",,0","1","","19921009",",,0","","","","","0",",,0,31,+","13",",,0,20,","18.5",",,0,09,","","","","","","","24.3",",,,0","13",",,,0","","","","","",""
"USC00136766","1992-11","43.08998","-91.55823","355.1","POSTVILLE, IA US","","","","","8",",0","7",",0","2",",0","4","3,0","1","1,0","","","","","","","","","","","3","","","","19921127","+,3,0","19921126",",1,0","","","19921121",",,0","","","","","203","3,,0,27,+","203","1,,0,26,","34.8",",,0,21,","","","","","","","115.3",",,,0","211","1,,,0","","","","","",""
"USC00136766","1992-12","43.08998","-91.55823","355.1","POSTVILLE, IA US","","","","","10",",0","6",",0","0",",0","28","3,0","5","1,0","","","","","","","","","","","5","","","","19921210","+,3,0","19921207","+,1,0","","","19921229",",,0","","","","","229","3,,0,10,+","76","1,,0,07,+","15.2",",,0,29,","","","","","","","47.2",",,,0","264","1,,,0","","","","","",""
"USC00136766","1993-01","43.08998","-91.55823","355.1","POSTVILLE, IA US","","","","","8",",0","2",",0","0",",0","31",",0","3",",0","","","","","","","","","","","2","","","","19930113",",,0","19930113",",,0","","","19930113",",,0","","","","","356",",,0,13,","254",",,0,13,","15.2",",,0,13,","","","","","","","25.9",",,,0","349",",,,0","","","","","",""
"USC00136766","1993-02","43.08998","-91.55823","355.1","POSTVILLE, IA US","","","","","7",",0","4",",0","0",",0","28",",0","3","1,0","","","","","","","","","","","4","","","","19930224","+,,0","19930221",",1,0","","","19930221",",,0","","","","","432",",,0,24,+","178","1,,0,21,","13.2",",,0,21,","","","","","","","40.4",",,,0","359","1,,,0","","","","","",""
"USC00136766","1993-03","43.08998","-91.55823","355.1","POSTVILLE, IA US","","","","","8",",0","5",",0","1",",0","30",",0","6",",0","","","","","","","","","","","7","","","","19930323","+,,0","19930322",",,0","","","19930331",",,0","","","","","305",",,0,23,+","152",",,0,22,","27.9",",,0,31,","","","","","","","58.2",",,,0","380",",,,0","","","","","",""
"USC00136766","1993-04","43.08998","-91.55823","355.1","POSTVILLE, IA US","","","","","13",",0","12",",0","0",",0","4",",0","2",",0","","","","","","","","","","","1","","","","19930416",",,0","19930416",",,0","","","19930420",",,0","","","","","127",",,0,16,","127",",,0,16,","22.6",",,0,20,","","","","","","","128.3",",,,0","216",",,,0","","","","","",""
"USC00136766","1993-05","43.08998","-91.55823","355.1","POSTVILLE, IA US","","","","","15",",0","11",",0","0",",0","0",",0","0",",0","","","","","","","","","","","3","","","","19930531","+,,0","19930531","+,,0","","","19930502",",,0","","","","","0",",,0,31,+","0",",,0,31,+","20.8",",,0,02,","","","","","","","75.3",",,,0","0",",,,0","","","","","",""
"USC00136766","1993-06","43.08998","-91.55823","355.1","POSTVILLE, IA US","","","","","11",",0","10",",0","3",",0","0",",0","0",",0","","","","","","","","","","","1","","","","19930630","+,,0","19930630","+,,0","3","","19930630",",,0","","","","","0",",,0,30,+","0",",,0,30,+","66.5",",,0,30,","","","","","","","238.0",",,,0","0",",,,0","","","","","",""
"USC00136766","1993-07","43.08998","-91.55823","355.1","POSTVILLE, IA US","","","","","9",",0","8",",0","4",",0","0",",0","0",",0","","","","","","","","","","","3","","","","19930731","+,,0","19930731","+,,0","6","","19930718",",,0","","","","","0",",,0,31,+","0",",,0,31,+","65.8",",,0,18,","","","","","","","243.1",",,,0","0",",,,0","","","","","",""
"USC00136766","1993-08","43.08998","-91.55823","355.1","POSTVILLE, IA US","","","","","13",",0","10",",0","3",",0","0",",0","0",",0","","","","","","","","","","","1","","","","19930831","+,,0","19930831","+,,0","2","","19930815",",,0","","","","","0",",,0,31,+","0",",,0,31,+","55.9",",,0,15,","","","","","","","195.6",",,,0","0",",,,0","","","","","",""
"USC00136766","1993-09","43.08998","-91.55823","355.1","POSTVILLE, IA US","","","","","7",",0","6",",0","1",",0","0",",0","0",",0","","","","","","","","","","","1","","","","19930930","+,,0","19930930","+,,0","","","19930914",",,0","","","","","0",",,0,30,+","0",",,0,30,+","61.7",",,0,14,","","","","","","","91.1",",,,0","0",",,,0","","","","","",""
"USC00136766","1993-10","43.08998","-91.55823","355.1","POSTVILLE, IA US","","","","","6",",0","4",",0","0",",0","0","2,0","0",",0","","","","","","","","","","","","","","","19931031","+,2,0","19931031","+,,0","1","","19931009",",,0","","","","","0","2,,0,31,+","0",",T,0,31,+","23.9",",,0,09,","","","","","","","47.1",",,,0","0",",T,,0","","","","","",""
"USC00136766","1993-11","43.08998","-91.55823","355.1","POSTVILLE, IA US","","","","","4",",0","4",",0","0",",0","0","5,0","0","1,0","","","","","","","","","","","","","","","19931130","+,5,0","19931127",",1,0","","","19931113",",,0","","","","","0","5,,0,30,+","8","1,,0,27,","9.7",",,0,13,","","","","","","","26.7",",,,0","8","1,,,0","","","","","",""
"USC00136766","1993-12","43.08998","-91.55823","355.1","POSTVILLE, IA US","","","","","8",",0","2",",0","0",",0","7","3,0","3",",0","","","","","","","","","","","3","","","","19931230",",3,0","19931231","+,,0","","","19931218",",,0","","","","","102","3,,0,30,","38",",,0,31,+","2.8",",,0,18,","","","","","","","12.4",",,,0","127",",,,0","","","","","",""
"USC00136766","1994-01","43.08998","-91.55823","355.1","POSTVILLE, IA US","","","","","12",",0","4",",0","0",",0","29","2,0","10",",0","","","","","","","","","","","2","","","","19940131","+,2,0","19940103",",,0","","","19940127",",,0","","","","","483","2,,0,31,+","127",",,0,03,","12.7",",,0,27,","","","","","","","39.7",",,,0","648",",,,0","","","","","",""
"USC00136766","1994-02","43.08998","-91.55823","355.1","POSTVILLE, IA US","","","","","10",",0","3",",0","0",",0","28",",0","8",",0","","","","","","","","","","","","","","","19940213",",,0","19940223",",,0","","","19940223",",,0","","","","","660",",,0,13,","254",",,0,23,","16.5",",,0,23,","","","","","","","28.8",",,,0","635",",,,0","","","","","",""
"USC00136766","1994-03","43.08998","-91.55823","355.1","POSTVILLE, IA US","","","","","3",",0","1",",0","0",",0","14","1,0","0",",0","","","","","","","","","","","3","","","","19940301",",1,0","19940330","+,,0","","","19940326",",,0","","","","","381","1,,0,01,","0",",T,0,30,+","5.1",",,0,26,","","","","","","","7.7",",,,0","0",",T,,0","","","","","",""
"USC00136766","1994-04","43.08998","-91.55823","355.1","POSTVILLE, IA US","","","","","10",",0","8",",0","0",",0","2",",0","1",",0","","","","","","","","","","","","","","","19940405",",,0","19940405",",,0","","","19940413",",,0","","","","","51",",,0,05,","51",",,0,05,","18.5",",,0,13,","","","","","","","73.5",",,,0","51",",,,0","","","","","",""
"USC00136766","1994-05","43.08998","-91.55823","355.1","POSTVILLE, IA US","","","","","10",",0","8",",0","0",",0","0",",0","0",",0","","","","","","","","","","","1","","","","19940531","+,,0","19940531","+,,0","","","19940524",",,0","","","","","0",",,0,31,+","0",",,0,31,+","19.8",",,0,24,","","","","","","","68.4",",,,0","0",",,,0","","","","","",""
"USC00136766","1994-06","43.08998","-91.55823","355.1","POSTVILLE, IA US","","","","","9",",0","7",",0","2",",0","0",",0","0",",0","","","","","","","","","","","","","","","19940630","+,,0","19940630","+,,0","","","19940624",",,0","","","","","0",",,0,30,+","0",",,0,30,+","49.8",",,0,24,","","","","","","","137.2",",,,0","0",",,,0","","","","","",""
"USC00136766","1994-07","43.08998","-91.55823","355.1","POSTVILLE, IA US","","","","","12",",0","10",",0","1",",0","0",",0","0",",0","","","","","","","","","","","2","","","","19940731","+,,0","19940731","+,,0","2","","19940720",",,0","","","","","0",",,0,31,+","0",",,0,31,+","74.2",",,0,20,","","","","","","","156.9",",,,0","0",",,,0","","","","","",""
"USC00136766","1994-08","43.08998","-91.55823","355.1","POSTVILLE, IA US","","","","","8",",0","7",",0","1",",0","0",",0","0",",0","","","","","","","","","","","2","","","","19940831","+,,0","19940831","+,,0","1","","19940811",",,0","","","","","0",",,0,31,+","0",",,0,31,+","26.9",",,0,11,","","","","","","","87.3",",,,0","0",",,,0","","","","","",""
"USC00136766","1994-09","43.08998","-91.55823","355.1","POSTVILLE, IA US","","","","","11",",0","9",",0","0",",0","0",",0","0",",0","","","","","","","","","","","1","","","","19940930","+,,0","19940930","+,,0","","","19940926",",,0","","","","","0",",,0,30,+","0",",,0,30,+","23.1",",,0,26,","","","","","","","96.3",",,,0","0",",,,0","","","","","",""
"USC00136766","1994-10","43.08998","-91.55823","355.1","POSTVILLE, IA US","","","","","6",",0","4",",0","0",",0","0",",0","0",",0","","","","","","","","","","","","","","","19941031","+,,0","19941031","+,,0","","","19941018",",,0","","","","","0",",,0,31,+","0",",,0,31,+","17.3",",,0,18,","","","","","","","46.5",",,,0","0",",,,0","","","","","",""
"USC00136766","1994-11","43.08998","-91.55823","355.1","POSTVILLE, IA US","","","","","6",",0","4",",0","1",",0","0",",0","0",",0","","","","","","","","","","","","","","","19941130","+,,0","19941128",",,0","","","19941121",",,0","","","","","0",",T,0,30,+","8",",,0,28,","28.7",",,0,21,","","","","","","","63.9",",,,0","8",",,,0","","","","","",""
"USC00136766","1994-12","43.08998","-91.55823","355.1","POSTVILLE, IA US","","","","","5","1,0","3","1,0","0","1,0","26",",0","3",",0","","","","","","","","","","","9","","","","19941215",",,0","19941207",",,0","","","19941207",",1,0","","","","","305",",,0,15,","203",",,0,07,","11.7","1,,0,07,","","","","","","","22.1","1,,,0","343",",,,0","","","","","",""
"USC00136766","1995-01","43.08998","-91.55823","355.1","POSTVILLE, IA US","","","","","5",",0","3",",0","0",",0","31",",0","4",",0","","","","","","","","","","","2","","","","19950111","+,,0","19950106",",,0","","","19950117",",,0","","","","","152",",,0,11,+","76",",,0,06,","5.1",",,0,17,","","","","","","","17.6",",,,0","216",",,,0","","","","","",""
"USC00136766","1995-02","43.08998","-91.55823","355.1","POSTVILLE, IA US","","","","","2",",0","0",",0","0",",0","20",",0","0","1,0","","","","","","","","","","","","","","","19950202","+,,0","19950207",",1,0","","","19950215",",,0","","","","","76",",,0,02,+","8","1,,0,07,","1.5",",,0,15,","","","","","","","2.3",",,,0","8","1,,,0","","","","","",""
"USC00136766","1995-03","43.08998","-91.55823","355.1","POSTVILLE, IA US","","","","","11",",0","9",",0","0",",0","7",",0","2",",0","","","","","","","","","","","2","","","","19950309","+,,0","19950307",",,0","","","19950320",",,0","","","","","203",",,0,09,+","178",",,0,07,","19.1",",,0,20,","","","","","","","69.3",",,,0","211",",,,0","","","","","",""
"USC00136766","1995-04","43.08998","-91.55823","355.1","POSTVILLE, IA US","","","","","14",",0","11",",0","0",",0","0",",0","0","1,0","","","","","","","","","","","1","","","","19950413","+,,0","19950413","+,1,0","2","","19950408",",,0","","","","","0",",T,0,13,+","0","1,T,0,13,+","24.9",",,0,08,","","","","","","","124.2",",,,0","0","1,T,,0","","","","","",""
"USC00136766","1995-05","43.08998","-91.55823","355.1","POSTVILLE, IA US","","","","","11",",0","7",",0","1",",0","0",",0","0",",0","","","","","","","","","","","","","","","19950531","+,,0","19950531","+,,0","1","","19950528",",,0","","","","","0",",,0,31,+","0",",,0,31,+","41.9",",,0,28,","","","","","","","106.7",",,,0","0",",,,0","","","","","",""
"USC00136766","1995-06","43.08998","-91.55823","355.1","POSTVILLE, IA US","","","","","9",",0","7",",0","0",",0","0",",0","0",",0","","","","","","","","","","","2","","","","19950630","+,,0","19950630","+,,0","1","","19950628",",,0","","","","","0",",,0,30,+","0",",,0,30,+","17.3",",,0,28,","","","","","","","57.6",",,,0","0",",,,0","","","","","",""
"USC00136766","1995-07","43.08998","-91.55823","355.1","POSTVILLE, IA US","","","","","7",",0","6",",0","1",",0","0",",0","0",",0","","","","","","","","","","","","","","","19950731","+,,0","19950731","+,,0","3","","19950728",",,0","","","","","0",",,0,31,+","0",",,0,31,+","58.9",",,0,28,","","","","","","","113.6",",,,0","0",",,,0","","","","","",""
"USC00136766","1995-08","43.08998","-91.55823","355.1","POSTVILLE, IA US","","","","","9",",0","8",",0","2",",0","0",",0","0",",0","","","","","","","","","","","6","","","","19950831","+,,0","19950831","+,,0","","","19950829",",,0","","","","","0",",,0,31,+","0",",,0,31,+","35.3",",,0,29,","","","","","","","122.4",",,,0","0",",,,0","","","","","",""
"USC00136766","1995-09","43.08998","-91.55823","355.1","POSTVILLE, IA US","","","","","7",",0","6",",0","0",",0","0",",0","0",",0","","","","","","","","","","","","","","","19950930","+,,0","19950930","+,,0","1","","19950907",",,0","","","","","0",",,0,30,+","0",",,0,30,+","21.1",",,0,07,","","","","","","","63.4",",,,0","0",",,,0","","","","","",""
"USC00136766","1995-10","43.08998","-91.55823","355.1","POSTVILLE, IA US","","","","","10",",0","9",",0","0",",0","0",",0","0",",0","","","","","","","","","","","1","","","","19951031","+,,0","19951031","+,,0","1","","19951006",",,0","","","","","0",",,0,31,+","0",",,0,31,+","21.6",",,0,06,","","","","","","","77.7",",,,0","0",",,,0","","","","","",""
"USC00136766","1995-11","43.08998","-91.55823","355.1","POSTVILLE, IA US","","","","","5",",0","4",",0","2",",0","4",",0","2",",0","","","","","","","","","","","1","","","","19951130","+,,0","19951128",",,0","","","19951101",",,0","","","","","152",",,0,30,+","127",",,0,28,","27.9",",,0,01,","","","","","","","65.0",",,,0","152",",,,0","","","","","",""
"USC00136766","1995-12","43.08998","-91.55823","355.1","POSTVILLE, IA US","","","","","3",",0","1",",0","0",",0","30",",0","3",",0","","","","","","","","","","","1","","","","19951214","+,,0","19951209",",,0","","","19951209",",,0","","","","","152",",,0,14,+","102",",,0,09,","2.5",",,0,09,","","","","","","","5.3",",,,0","152",",,,0","","","","","",""
"USC00136766","1996-01","43.08998","-91.55823","355.1","POSTVILLE, IA US","","","","","7",",0","6",",0","1",",0","30",",0","5",",0","","","","","","","","","","","2","","","","19960130","+,,0","19960127",",,0","","","19960127",",,0","","","","","584",",,0,30,+","305",",,0,27,","29.2",",,0,27,","","","","","","","72.1",",,,0","698",",,,0","","","","","",""
"USC00136766","1996-02","43.08998","-91.55823","355.1","POSTVILLE, IA US","","","","","1",",0","0",",0","0",",0","29",",0","0",",0","","","","","","","","","","","4","","","","19960206","+,,0","19960222","+,,0","","","19960227",",,0","","","","","508",",,0,06,+","0",",T,0,22,+","1.3",",,0,27,","","","","","","","1.3",",,,0","0",",T,,0","","","","","",""
"USC00136766","1996-03","43.08998","-91.55823","355.1","POSTVILLE, IA US","","","","","7",",0","4",",0","0",",0","11",",0","4",",0","","","","","","","","","","","","","","","19960317","+,,0","19960317",",,0","","","19960325",",,0","","","","","51",",,0,17,+","51",",,0,17,","19.1",",,0,25,","","","","","","","46.0",",,,0","126",",,,0","","","","","",""
"USC00136766","1996-04","43.08998","-91.55823","355.1","POSTVILLE, IA US","","","","","9",",0","4",",0","0",",0","1",",0","1",",0","","","","","","","","","","","","","","","19960415",",,0","19960415",",,0","","","19960419",",,0","","","","","76",",,0,15,","76",",,0,15,","14.7",",,0,19,","","","","","","","40.2",",,,0","76",",,,0","","","","","",""
"USC00136766","1996-05","43.08998","-91.55823","355.1","POSTVILLE, IA US","","","","","15",",0","11",",0","1",",0","0",",0","0",",0","","","","","","","","","","","5","","","","19960531","+,,0","19960531","+,,0","","","19960528",",,0","","","","","0",",,0,31,+","0",",,0,31,+","25.4",",,0,28,","","","","","","","91.3",",,,0","0",",,,0","","","","","",""
"USC00136766","1996-06","43.08998","-91.55823","355.1","POSTVILLE, IA US","","","","","13",",0","11",",0","3",",0","0",",0","0",",0","","","","","","","","","","","4","","","","19960630","+,,0","19960630","+,,0","1","","19960617",",,0","","","","","0",",,0,30,+","0",",,0,30,+","57.7",",,0,17,","","","","","","","206.8",",,,0","0",",,,0","","","","","",""
"USC00136766","1996-07","43.08998","-91.55823","355.1","POSTVILLE, IA US","","","","","7",",0","3",",0","0",",0","0",",0","0",",0","","","","","","","","","","","1","","","","19960731","+,,0","19960731","+,,0","","","19960712",",,0","","","","","0",",,0,31,+","0",",,0,31,+","6.4",",,0,12,","","","","","","","20.2",",,,0","0",",,,0","","","","","",""
"USC00136766","1996-08","43.08998","-91.55823","355.1","POSTVILLE, IA US","","","","","6",",0","6",",0","0",",0","0",",0","0",",0","","","","","","","","","","","1","","","","19960831","+,,0","19960831","+,,0","","","19960823",",,0","","","","","0",",,0,31,+","0",",,0,31,+","22.9",",,0,23,","","","","","","","66.9",",,,0","0",",,,0","","","","","",""
"USC00136766","1996-09","43.08998","-91.55823","355.1","POSTVILLE, IA US","","","","","7",",0","6",",0","0",",0","0",",0","0",",0","","","","","","","","","","","3","","","","19960930","+,,0","19960930","+,,0","","","19960927",",,0","","","","","0",",,0,30,+","0",",,0,30,+","23.9",",,0,27,","","","","","","","56.2",",,,0","0",",,,0","","","","","",""
"USC00136766","1996-10","43.08998","-91.55823","355.1","POSTVILLE, IA US","","","","","8",",0","3",",0","2",",0","0",",0","0",",0","","","","","","","","","","","","","","","19961031","+,,0","19961031","+,,0","","","19961023",",,0","","","","","0",",,0,31,+","0",",,0,31,+","40.6",",,0,23,","","","","","","","79.5",",,,0","0",",,,0","","","","","",""
"USC00136766","1996-11","43.08998","-91.55823","355.1","POSTVILLE, IA US","","","","","11",",0","9",",0","1",",0","10",",0","2",",0","","","","","","","","","","","3","","","","19961127","+,,0","19961121",",,0","","","19961116",",,0","","","","","152",",,0,27,+","102",",,0,21,","31.8",",,0,16,","","","","","","","90.2",",,,0","219",",,,0","","","","","",""
"USC00136766","1996-12","43.08998","-91.55823","355.1","POSTVILLE, IA US","","","","","9",",0","5",",0","0",",0","31",",0","5",",0","","","","","","","","","","","5","","","","19961228","+,,0","19961226",",,0","","","19961215",",,0","","","","","203",",,0,28,+","89",",,0,26,","15.2",",,0,15,","","","","","","","34.7",",,,0","241",",,,0","","","","","",""
"USC00136766","1997-01","43.08998","-91.55823","355.1","POSTVILLE, IA US","","","","","10",",0","6",",0","0",",0","31",",0","7",",0","","","","","","","","","","","3","","","","19970130","+,,0","19970127",",,0","","","19970104",",,0","","","","","254",",,0,30,+","102",",,0,27,","9.7",",,0,04,","","","","","","","31.8",",,,0","396",",,,0","","","","","",""
"USC00136766","1997-02","43.08998","-91.55823","355.1","POSTVILLE, IA US","","","","","6",",0","6",",0","0",",0","27","1,0","5",",0","","","","","","","","","","","","","","","19970217","+,1,0","19970204",",,0","","","19970204",",,0","","","","","305","1,,0,17,+","152",",,0,04,","17.5",",,0,04,","","","","","","","36.9",",,,0","432",",,,0","","","","","",""
"USC00136766","1997-03","43.08998","-91.55823","355.1","POSTVILLE, IA US","","","","","7",",0","6",",0","1",",0","10",",0","2",",0","","","","","","","","","","","1","","","","19970316","+,,0","19970314",",,0","1","","19970314",",,0","","","","","127",",,0,16,+","102",",,0,14,","32.5",",,0,14,","","","","","","","63.4",",,,0","140",",,,0","","","","","",""
"USC00136766","1997-04","43.08998","-91.55823","355.1","POSTVILLE, IA US","","","","","7",",0","6",",0","1",",0","2",",0","2",",0","","","","","","","","","","","","","","","19970413",",,0","19970413","+,,0","","","19970430",",,0","","","","","102",",,0,13,","76",",,0,13,+","37.1",",,0,30,","","","","","","","81.5",",,,0","152",",,,0","","","","","",""
"USC00136766","1997-05","43.08998","-91.55823","355.1","POSTVILLE, IA US","","","","","7","1,0","6","1,0","1","1,0","0",",0","0",",0","","","","","","","","","","","","","","","19970531","+,,0","19970531","+,,0","2","","19970524",",1,0","","","","","0",",,0,31,+","0",",,0,31,+","27.9","1,,0,24,","","","","","","","93.5","1,,,0","0",",,,0","","","","","",""
"USC00136766","1997-06","43.08998","-91.55823","355.1","POSTVILLE, IA US","","","","","10",",0","9",",0","3",",0","0",",0","0",",0","","","","","","","","","","","","","","","19970630","+,,0","19970630","+,,0","5","","19970615",",,0","","","","","0",",,0,30,+","0",",,0,30,+","50.8",",,0,15,","","","","","","","171.8",",,,0","0",",,,0","","","","","",""
"USC00136766","1997-07","43.08998","-91.55823","355.1","POSTVILLE, IA US","","","","","13",",0","10",",0","2",",0","0",",0","0",",0","","","","","","","","","","","1","","","","19970731","+,,0","19970731","+,,0","8","","19970727",",,0","","","","","0",",,0,31,+","0",",,0,31,+","39.1",",,0,27,","","","","","","","146.1",",,,0","0",",,,0","","","","","",""
"USC00136766","1997-08","43.08998","-91.55823","355.1","POSTVILLE, IA US","","","","","13",",0","9",",0","2",",0","0",",0","0",",0","","","","","","","","","","","5","","","","19970831","+,,0","19970831","+,,0","2","","19970823",",,0","","","","","0",",,0,31,+","0",",,0,31,+","29.7",",,0,23,","","","","","","","113.6",",,,0","0",",,,0","","","","","",""
"USC00136766","1997-09","43.08998","-91.55823","355.1","POSTVILLE, IA US","","","","","8","1,0","5","1,0","2","1,0","0",",0","0",",0","","","","","","","","","","","6","","","","19970930","+,,0","19970930","+,,0","4","","19970907",",1,0","","","","","0",",,0,30,+","0",",,0,30,+","36.3","1,,0,07,","","","","","","","98.0","1,,,0","0",",,,0","","","","","",""
"USC00136766","1997-10","43.08998","-91.55823","355.1","POSTVILLE, IA US","","","","","4",",0","3",",0","2",",0","","","","","","","","","","","","","","","","","","","","","","","","","19971008",",,0","","","","","","","","","71.1",",,0,08,","","","","","","","129.7",",,,0","","","","","","","",""
"USC00136766","1997-11","43.08998","-91.55823","355.1","POSTVILLE, IA US","","","","","2",",0","1",",0","0",",0","1","2,0","0",",0","","","","","","","","","","","1","","","","19971116",",2,0","19971116",",,0","","","19971116",",,0","","","","","25","2,,0,16,","13",",,0,16,","2.5",",,0,16,","","","","","","","3.8",",,,0","18",",,,0","","","","","",""
"USC00136766","1997-12","43.08998","-91.55823","355.1","POSTVILLE, IA US","","","","","4",",0","3",",0","0",",0","2",",0","0",",0","","","","","","","","","","","","","","","19971210","+,,0","19971209",",,0","","","19971209",",,0","","","","","25",",,0,10,+","20",",,0,09,","19.1",",,0,09,","","","","","","","29.5",",,,0","36",",,,0","","","","","",""
"USC00136766","1998-01","43.08998","-91.55823","355.1","POSTVILLE, IA US","","","","","9",",0","5",",0","0",",0","4","3,0","2",",0","","","","","","","","","","","3","","","","19980125","+,3,0","19980122",",,0","","","19980106",",,0","","","","","102","3,,0,25,+","102",",,0,22,","6.4",",,0,06,","","","","","","","28.0",",,,0","178",",,,0","","","","","",""
"USC00136766","1998-02","43.08998","-91.55823","355.1","POSTVILLE, IA US","","","","","8",",0","7",",0","1",",0","1","5,0","0","2,0","","","","","","","","","","","4","","","","19980203",",5,0","19980203",",2,0","","","19980228",",,0","","","","","76","5,,0,03,","8","2,,0,03,","30.0",",,0,28,","","","","","","","55.6",",,,0","8","2,,,0","","","","","",""
"USC00136766","1998-03","43.08998","-91.55823","355.1","POSTVILLE, IA US","","","","","13",",0","10",",0","1",",0","12",",0","2","1,0","","","","","","","","","","","","","","","19980313","+,,0","19980310",",1,0","","","19980331",",,0","","","","","178",",,0,13,+","102","1,,0,10,","41.7",",,0,31,","","","","","","","105.8",",,,0","232","1,,,0","","","","","",""
"USC00136766","1998-04","43.08998","-91.55823","355.1","POSTVILLE, IA US","","","","","11",",0","9",",0","0",",0","0",",0","0",",0","","","","","","","","","","","","","","","19980430","+,,0","19980430","+,,0","1","","19980401",",,0","","","","","0",",,0,30,+","0",",,0,30,+","24.4",",,0,01,","","","","","","","121.8",",,,0","0",",,,0","","","","","",""
"USC00136766","1998-05","43.08998","-91.55823","355.1","POSTVILLE, IA US","","","","","10",",0","6",",0","1",",0","0",",0","0",",0","","","","","","","","","","","","","","","19980531","+,,0","19980531","+,,0","2","","19980524",",,0","","","","","0",",,0,31,+","0",",,0,31,+","30.5",",,0,24,","","","","","","","98.9",",,,0","0",",,,0","","","","","",""
"USC00136766","1998-06","43.08998","-91.55823","355.1","POSTVILLE, IA US","","","","","13",",0","11",",0","5",",0","0",",0","0",",0","","","","","","","","","","","","","","","19980630","+,,0","19980630","+,,0","5","","19980627",",,0","","","","","0",",,0,30,+","0",",,0,30,+","62.7",",,0,27,","","","","","","","234.8",",,,0","0",",,,0","","","","","",""
"USC00136766","1998-07","43.08998","-91.55823","355.1","POSTVILLE, IA US","","","","","8",",0","5",",0","0",",0","0",",0","0",",0","","","","","","","","","","","","","","","19980731","+,,0","19980731","+,,0","2","","19980703",",,0","","","","","0",",,0,31,+","0",",,0,31,+","15.2",",,0,03,","","","","","","","55.5",",,,0","0",",,,0","","","","","",""
"USC00136766","1998-08","43.08998","-91.55823","355.1","POSTVILLE, IA US","","","","","14",",0","13",",0","3",",0","0",",0","0",",0","","","","","","","","","","","","","","","19980831","+,,0","19980831","+,,0","6","","19980817",",,0","","","","","0",",,0,31,+","0",",,0,31,+","39.1",",,0,17,","","","","","","","217.0",",,,0","0",",,,0","","","","","",""
"USC00136766","1998-09","43.08998","-91.55823","355.1","POSTVILLE, IA US","","","","","6",",0","4",",0","0",",0","0",",0","0",",0","","","","","","","","","","","","","","","19980930","+,,0","19980930","+,,0","","","19980923",",,0","","","","","0",",,0,30,+","0",",,0,30,+","15.0",",,0,23,","","","","","","","46.8",",,,0","0",",,,0","","","","","",""
"USC00136766","1998-10","43.08998","-91.55823","355.1","POSTVILLE, IA US","","","","","12",",0","12",",0","1",",0","","","0",",0","","","","","","","","","","","","","","","","","19981031","+,,0","","","19981005",",,0","","","","","","","0",",,0,31,+","26.2",",,0,05,","","","","","","","131.5",",,,0","0",",,,0","","","","","",""
"USC00136766","1998-11","43.08998","-91.55823","355.1","POSTVILLE, IA US","","","","","5",",0","2",",0","1",",0","0",",0","0",",0","","","","","","","","","","","","","","","19981111","+,,0","19981111","+,,0","","","19981110",",,0","","","","","0",",T,0,11,+","3",",,0,11,+","30.5",",,0,10,","","","","","","","41.0",",,,0","6",",,,0","","","","","",""
"USC00136766","1998-12","43.08998","-91.55823","355.1","POSTVILLE, IA US","","","","","2",",0","0",",0","0",",0","0",",0","0",",0","","","","","","","","","","","2","","","","19981231","+,,0","19981229",",,0","","","19981229","+,,0","","","","","0",",T,0,31,+","5",",,0,29,","2.0",",,0,29,+","","","","","","","4.0",",,,0","8",",,,0","","","","","",""
"USC00136766","1999-01","43.08998","-91.55823","355.1","POSTVILLE, IA US","","","","","10",",0","7",",0","0",",0","30","1,0","6",",0","","","","","","","","","","","7","","","","19990115",",1,0","19990103",",,0","","","19990103",",,0","","","","","406","1,,0,15,","152",",,0,03,","17.3",",,0,03,","","","","","","","56.7",",,,0","442",",,,0","","","","","",""
"USC00136766","1999-02","43.08998","-91.55823","355.1","POSTVILLE, IA US","","","","","3",",0","3",",0","0",",0","15",",0","1",",0","","","","","","","","","","","1","","","","19990203","+,,0","19990225",",,0","1","","19990212",",,0","","","","","203",",,0,03,+","51",",,0,25,","17.0",",,0,12,","","","","","","","30.0",",,,0","51",",,,0","","","","","",""
"USC00136766","1999-03","43.08998","-91.55823","355.1","POSTVILLE, IA US","","","","","3",",0","3",",0","0",",0","3",",0","1",",0","","","","","","","","","","","","","","","19990308",",,0","19990308",",,0","","","19990308",",,0","","","","","102",",,0,08,","89",",,0,08,","10.2",",,0,08,","","","","","","","23.4",",,,0","97",",,,0","","","","","",""
"USC00136766","1999-04","43.08998","-91.55823","355.1","POSTVILLE, IA US","","","","","9",",0","9",",0","3",",0","0",",0","0",",0","","","","","","","","","","","","","","","19990430","+,,0","19990430","+,,0","","","19990407",",,0","","","","","0",",,0,30,+","0",",,0,30,+","39.4",",,0,07,","","","","","","","176.9",",,,0","0",",,,0","","","","","",""
"USC00136766","1999-05","43.08998","-91.55823","355.1","POSTVILLE, IA US","","","","","10",",0","8",",0","2",",0","0",",0","0",",0","","","","","","","","","","","","","","","19990531","+,,0","19990531","+,,0","","","19990515",",,0","","","","","0",",,0,31,+","0",",,0,31,+","59.7",",,0,15,","","","","","","","149.3",",,,0","0",",,,0","","","","","",""
"USC00136766","1999-06","43.08998","-91.55823","355.1","POSTVILLE, IA US","","","","","10",",0","9",",0","1",",0","0",",0","0",",0","","","","","","","","","","","","","","","19990630","+,,0","19990630","+,,0","","","19990604",",,0","","","","","0",",,0,30,+","0",",,0,30,+","25.7",",,0,04,","","","","","","","101.1",",,,0","0",",,,0","","","","","",""
"USC00136766","1999-07","43.08998","-91.55823","355.1","POSTVILLE, IA US","","","","","8",",0","8",",0","4",",0","0",",0","0",",0","","","","","","","","","","","","","","","19990731","+,,0","19990731","+,,0","","","19990718",",,0","","","","","0",",,0,31,+","0",",,0,31,+","77.5",",,0,18,","","","","","","","215.4",",,,0","0",",,,0","","","","","",""
"USC00136766","1999-08","43.08998","-91.55823","355.1","POSTVILLE, IA US","","","","","","","","","","","0",",0","0",",0","","","","","","","","","","","","","","","19990831","+,,0","19990831","+,,0","","","","","","","","","0",",,0,31,+","0",",,0,31,+","","","","","","","","","","","0",",,,0","","","","","",""
"USC00136766","1999-09","43.08998","-91.55823","355.1","POSTVILLE, IA US","","","","","6",",0","5",",0","0",",0","0","1,0","0",",0","","","","","","","","","","","","","","","19990930","+,1,0","19990930","+,,0","","","19990926",",,0","","","","","0","1,,0,30,+","0",",,0,30,+","14.5",",,0,26,","","","","","","","36.1",",,,0","0",",,,0","","","","","",""
"USC00136766","1999-10","43.08998","-91.55823","355.1","POSTVILLE, IA US","","","","","4",",0","1",",0","0",",0","0",",0","0",",0","","","","","","","","","","","","","","","19991031","+,,0","19991031","+,,0","","","19991029",",,0","","","","","0",",,0,31,+","0",",,0,31,+","9.4",",,0,29,","","","","","","","12.7",",,,0","0",",,,0","","","","","",""
"USC00136766","1999-11","43.08998","-91.55823","355.1","POSTVILLE, IA US","","","","","3",",0","3",",0","1",",0","0",",0","0",",0","","","","","","","","","","","","","","","19991130","+,,0","19991130","+,,0","","","19991122",",,0","","","","","0",",,0,30,+","0",",,0,30,+","39.4",",,0,22,","","","","","","","48.3",",,,0","0",",,,0","","","","","",""
"USC00136766","1999-12","43.08998","-91.55823","355.1","POSTVILLE, IA US","","","","","2","2,0","2","2,0","0","2,0","","","1","2,0","","","","","","","","","","","","","","","","","19991227",",2,0","","","19991203",",2,0","","","","","","","25","2,,0,27,","9.4","2,,0,03,","","","","","","","11.9","2,,,0","25","2,,,0","","","","","",""
"USC00136766","2000-01","43.08998","-91.55823","355.1","POSTVILLE, IA US","","","","","3","3,0","3","3,0","1","3,0","","","1","4,0","","","","","","","","","","","","","","","","","20000104",",4,0","","","20000129",",3,0","","","","","","","127","4,,0,04,","25.4","3,,0,29,","","","","","","","32.0","3,,,0","127","4,,,0","","","","","",""
"USC00136766","2001-12","43.08998","-91.55823","355.1","POSTVILLE, IA US","","","","","4",",0","2",",0","0",",0","","","","","5","3,0","27","3,0","8","4,0","0","4,0","0","4,0","","","20011231",",3,0","","","","","","","20011206",",,0","20011206",",4,0","-21.7","3,0,31,","","","","","8.4",",,0,06,","17.2","4,0,06,","","","","","15.8",",,,0","","","-3.63","7,0","2.79","4,,,0","-10.05","3,,,0"
"USC00136766","2002-01","43.08998","-91.55823","355.1","POSTVILLE, IA US","0.0","0","0.0","5,0","0",",0","0",",0","0",",0","10",",0","1",",0","4","5,0","26","5,0","11","2,0","0","2,0","0","2,0","","","20020119",",5,0","20020131","+,,0","20020131",",,0","","","20020117","+,,0","20020127",",2,0","-23.3","5,0,19,","25",",,0,31,+","25",",,0,31,","0.0",",T,0,17,+","14.4","2,0,27,","","","574.0","2,0","0.0",",T,,0","49",",,,0","-3.99","5,0","2.24","2,,,0","-10.22","5,,,0"
"USC00136766","2002-02","43.08998","-91.55823","355.1","POSTVILLE, IA US","0.0","0","0.0","5,0","5",",0","4",",0","0",",0","13","1,0","3",",0","5","4,0","24","4,0","9","1,0","0","1,0","0","1,0","","","20020204",",4,0","20020207","+,1,0","20020202",",,0","","","20020220",",,0","20020225",",1,0","-23.3","4,0,04,","127","1,,0,07,+","102",",,0,02,","10.7",",,0,20,","13.3","1,0,25,","","","530.4","1,0","25.9",",,,0","152",",,,0","-4.49","5,0","2.77","1,,,0","-11.76","4,,,0"
"USC00136766","2002-03","43.08998","-91.55823","355.1","POSTVILLE, IA US","0.0","0","0.0","1,0","6",",0","3",",0","0",",0","4",",0","2",",0","4","1,0","30","1,0","8",",0","0",",0","0",",0","","","20020303",",1,0","20020304","+,,0","20020301",",,0","","","20020301",",,0","20020329",",,0","-27.2","1,0,03,","152",",,0,04,+","76",",,0,01,","8.1",",,0,01,","15.0",",0,29,","","","664.7",",0","22.4",",,,0","101",",,,0","-3.84","1,0","3.10",",,,0","-10.78","1,,,0"
"USC00136766","2002-04","43.08998","-91.55823","355.1","POSTVILLE, IA US","1.1","0","1.1",",0","12",",0","10",",0","1",",0","1",",0","1",",0","0",",0","19",",0","2",",0","6",",0","0",",0","","","20020405",",,0","20020401",",,0","20020401",",,0","","","20020427",",,0","20020415",",,0","-10.6",",0,05,","25",",,0,01,","25",",,0,01,","33.0",",,0,27,","30.6",",0,15,","","","368.4",",0","102.7",",,,0","25",",,,0","6.09",",0","13.55",",,,0","-1.37",",,,0"
"USC00136766","2002-05","43.08998","-91.55823","355.1","POSTVILLE, IA US","4.4","0","3.3","4,0","9",",0","6",",0","0",",0","0",",0","0",",0","0","4,0","11","4,0","0",",0","10",",0","0",",0","","","20020502",",4,0","20020531","+,,0","20020531","+,,0","","","20020511",",,0","20020531",",,0","-5.0","4,0,02,","0",",,0,31,+","0",",,0,31,+","21.6",",,0,11,","31.1",",0,31,","","","231.0",",0","76.5",",,,0","0",",,,0","10.24","4,0","18.74",",,,0","1.74","4,,,0"
"USC00136766","2002-06","43.08998","-91.55823","355.1","POSTVILLE, IA US","","","","","10",",0","7",",0","0",",0","0",",0","0",",0","","","","","0",",0","27",",0","3",",0","","","","","20020630","+,,0","20020630","+,,0","","","20020626",",,0","20020626",",,0","","","0",",,0,30,+","0",",,0,30,+","24.6",",,0,26,","32.8",",0,26,","","","","","82.4",",,,0","0",",,,0","","","27.05",",,,0","",""
"USC00136766","2002-07","43.08998","-91.55823","355.1","POSTVILLE, IA US","","","99.0","4,0","10",",0","6",",0","2",",0","0",",0","0",",0","0","4,0","0","4,0","0","2,0","29","2,0","7","2,0","","","20020712",",4,0","20020731","+,,0","20020731","+,,0","","","20020729",",,0","20020722",",2,0","5.0","4,0,12,","0",",,0,31,+","0",",,0,31,+","67.6",",,0,29,","34.4","2,0,22,","5.5","0","5.5","2,0","157.3",",,,0","0",",,,0","21.89","4,0","29.90","2,,,0","13.88","4,,,0"
"USC00136766","2002-08","43.08998","-91.55823","355.1","POSTVILLE, IA US","","","","","10",",0","7",",0","1",",0","0",",0","0",",0","0","5,0","0","5,0","0","1,0","29","1,0","0","1,0","","","20020820","+,5,0","20020831","+,,0","20020831","+,,0","","","20020804",",,0","20020812","+,1,0","5.0","5,0,20,+","0",",,0,31,+","0",",,0,31,+","41.7",",,0,04,","31.1","1,0,12,+","","","","","114.2",",,,0","0",",,,0","18.90","6,0","26.67","1,,,0","11.13","5,,,0"
"USC00136766","2002-09","43.08998","-91.55823","355.1","POSTVILLE, IA US","","","21.3",",0","8",",0","4",",0","0",",0","0",",0","0",",0","0",",0","2",",0","0",",0","21",",0","2",",0","","","20020924",",,0","20020930","+,,0","20020930","+,,0","","","20020920",",,0","20020910","+,,0","-2.2",",0,24,","0",",,0,30,+","0",",,0,30,+","17.8",",,0,20,","32.2",",0,10,+","","","108.8",",0","46.5",",,,0","0",",,,0","15.42",",0","23.98",",,,0","6.85",",,,0"
"USC00136766","2002-10","43.08998","-91.55823","355.1","POSTVILLE, IA US","","","3.6",",0","12",",0","8",",0","0",",0","2",",0","1",",0","0",",0","25",",0","0",",0","4",",0","0",",0","","","20021030","+,,0","20021024",",,0","20021024",",,0","","","20021004",",,0","20021001",",,0","-7.2",",0,30,+","51",",,0,24,","38",",,0,24,","19.8",",,0,04,","29.4",",0,01,","","","398.3",",0","63.5",",,,0","51",",,,0","5.60",",0","12.96",",,,0","-1.76",",,,0"
"USC00136766","2002-11","43.08998","-91.55823","355.1","POSTVILLE, IA US","","","0.0","2,0","3",",0","1",",0","0",",0","2",",0","0",",0","0","2,0","25","2,0","5",",0","0",",0","0",",0","","","20021127","+,2,0","20021121","+,,0","20021105",",,0","","","20021111",",,0","20021110","+,,0","-8.9","2,0,27,+","25",",,0,21,+","20",",,0,05,","5.1",",,0,11,","16.7",",0,10,+","","","490.4",",0","7.9",",,,0","33",",,,0","0.76","2,0","5.56",",,,0","-4.04","2,,,0"
"USC00136766","2002-12","43.08998","-91.55823","355.1","POSTVILLE, IA US","","","0.0","4,0","4",",0","2",",0","0",",0","4",",0","0",",0","0","4,0","27","4,0","13",",0","0",",0","0",",0","1","","20021209","+,4,0","20021221","+,,0","20021202",",,0","","","20021219",",,0","20021219",",,0","-16.1","4,0,09,+","25",",,0,21,+","18",",,0,02,","6.9",",,0,19,","11.1",",0,19,","","","594.5",",0","12.5",",,,0","31",",,,0","-3.53","4,0","1.91",",,,0","-8.97","4,,,0"
"USC00136766","2003-01","43.08998","-91.55823","355.1","POSTVILLE, IA US","0.0","0","0.0","4,0","3",",0","3",",0","0",",0","18",",0","3",",0","14","4,0","27","4,0","23",",0","0",",0","0",",0","","","20030124","+,4,0","20030131",",,0","20030131",",,0","","","20030129",",,0","20030109",",,0","-23.9","4,0,24,+","178",",,0,31,","89",",,0,31,","6.9",",,0,29,","12.2",",0,09,","","","767.8",",0","15.5",",,,0","191",",,,0","-9.81","4,0","-4.00",",,,0","-15.63","4,,,0"
"USC00136766","2003-02","43.08998","-91.55823","355.1","POSTVILLE, IA US","0.0","0","0.0","4,0","3",",0","2",",0","0",",0","20",",0","2",",0","9","4,0","24","4,0","20","1,0","0","1,0","0","1,0","","","20030207",",4,0","20030201",",,0","20030204",",,0","","","20030204",",,0","20030222","+,1,0","-24.4","4,0,07,","152",",,0,01,","51",",,0,04,","4.6",",,0,04,","10.6","1,0,22,+","","","651.8","1,0","9.6",",,,0","89",",,,0","-8.78","4,0","-2.65","1,,,0","-14.90","4,,,0"
"USC00136766","2003-03","43.08998","-91.55823","355.1","POSTVILLE, IA US","","","","","5",",0","4",",0","0",",0","10","2,0","1",",0","3","5,0","15","5,0","8","2,0","2","2,0","0","2,0","","","20030310",",5,0","20030311","+,2,0","20030305",",,0","","","20030327",",,0","20030318",",2,0","-22.2","5,0,10,","127","2,,0,11,+","114",",,0,05,","11.7",",,0,27,","22.2","2,0,18,","","","","","35.0",",,,0","122",",,,0","0.23","6,0","6.13","2,,,0","-5.67","5,,,0"
"USC00136766","2003-04","43.08998","-91.55823","355.1","POSTVILLE, IA US","","","0.0","4,0","11",",0","8",",0","1",",0","5",",0","3",",0","0","2,0","9","2,0","2","2,0","8","2,0","0","2,0","1","","20030407",",2,0","20030408",",,0","20030408","+,,0","1","","20030405",",,0","20030415",",2,0","-12.2","2,0,07,","76",",,0,08,","38",",,0,08,+","38.1",",,0,05,","30.0","2,0,15,","","","279.2","2,0","111.3",",,,0","114",",,,0","7.88","4,0","15.13","2,,,0","0.63","2,,,0"
"USC00136766","2003-05","43.08998","-91.55823","355.1","POSTVILLE, IA US","","","1.7","3,0","15",",0","10",",0","2",",0","0",",0","0",",0","0","2,0","0","2,0","0","1,0","12","1,0","0","1,0","","","20030521",",2,0","20030531","+,,0","20030531","+,,0","","","20030501",",,0","20030531",",1,0","2.2","2,0,21,","0",",,0,31,+","0",",,0,31,+","33.8",",,0,01,","28.9","1,0,31,","","","144.4","1,0","139.8",",,,0","0",",,,0","13.09","3,0","19.85","1,,,0","6.32","2,,,0"
"USC00136766","2003-06","43.08998","-91.55823","355.1","POSTVILLE, IA US","","","47.1","2,0","10",",0","8",",0","1",",0","0",",0","0",",0","0","2,0","0","2,0","0",",0","26",",0","1",",0","","","20030621",",2,0","20030630","+,,0","20030630","+,,0","","","20030626",",,0","20030625",",,0","3.9","2,0,21,","0",",,0,30,+","0",",,0,30,+","32.8",",,0,26,","32.2",",0,25,","","","30.4",",0","100.6",",,,0","0",",,,0","18.87","2,0","25.52",",,,0","12.21","2,,,0"
"USC00136766","2003-07","43.08998","-91.55823","355.1","POSTVILLE, IA US","","","108.0","1,0","8",",0","6",",0","0",",0","0",",0","0",",0","0","1,0","0","1,0","0",",0","31",",0","3",",0","","","20030723",",1,0","20030731","+,,0","20030731","+,,0","","","20030707",",,0","20030704",",,0","9.4","1,0,23,","0",",,0,31,+","0",",,0,31,+","24.1",",,0,07,","33.3",",0,04,","5.3","0","5.3",",0","67.2",",,,0","0",",,,0","21.73","1,0","27.96",",,,0","15.50","1,,,0"
"USC00136766","2003-08","43.08998","-91.55823","355.1","POSTVILLE, IA US","","","114.3","3,0","3",",0","2",",0","0",",0","0",",0","0",",0","0","3,0","0","3,0","0","1,0","30","1,0","5","1,0","","","20030831",",3,0","20030831","+,,0","20030831","+,,0","","","20030826",",,0","20030816",",1,0","10.0","3,0,31,","0",",,0,31,+","0",",,0,31,+","12.2",",,0,26,","35.6","1,0,16,","5.3","0","0.0","1,0","17.3",",,,0","0",",,,0","22.44","3,0","30.31","1,,,0","14.58","3,,,0"
"USC00136766","2003-09","43.08998","-91.55823","355.1","POSTVILLE, IA US","","","","","6",",0","5",",0","1",",0","0",",0","0",",0","0","2,0","2","2,0","","","","","","","","","20030930",",2,0","20030930","+,,0","20030930","+,,0","","","20030919",",,0","","","-1.1","2,0,30,","0",",,0,30,+","0",",,0,30,+","30.7",",,0,19,","","","","","","","74.2",",,,0","0",",,,0","","","","","8.40","2,,,0"
"USC00136766","2003-10","43.08998","-91.55823","355.1","POSTVILLE, IA US","","","","","5",",0","2",",0","0",",0","0",",0","0",",0","","","","","0","2,0","10","2,0","0","2,0","","","","","20031031","+,,0","20031031","+,,0","","","20031014",",,0","20031008",",2,0","","","0",",,0,31,+","0",",,0,31,+","7.1",",,0,14,","27.8","2,0,08,","","","","","15.5",",,,0","0",",,,0","","","16.98","2,,,0","",""
"USC00136766","2003-11","43.08998","-91.55823","355.1","POSTVILLE, IA US","","","0.0","5,0","11",",0","5",",0","1",",0","0",",0","0",",0","0","4,0","20","4,0","4","1,0","0","1,0","0","1,0","","","20031108",",4,0","20031124",",,0","20031124",",,0","","","20031104",",,0","20031121",",1,0","-13.3","4,0,08,","0",",T,0,24,","0",",T,0,24,","70.9",",,0,04,","17.8","1,0,21,","","","418.5","1,0","112.2",",,,0","0",",T,,0","1.55","5,0","7.03","1,,,0","-3.92","4,,,0"
"USC00136766","2003-12","43.08998","-91.55823","355.1","POSTVILLE, IA US","","","0.0","4,0","3",",0","3",",0","0",",0","21",",0","2",",0","2","4,0","26","4,0","13",",0","0",",0","0",",0","","","20031213",",4,0","20031215","+,,0","20031211",",,0","","","20031205",",,0","20031201",",,0","-20.0","4,0,13,","51",",,0,15,+","51",",,0,11,","6.1",",,0,05,","13.9",",0,01,","","","582.0",",0","13.2",",,,0","102",",,,0","-3.37","4,0","1.71",",,,0","-8.46","4,,,0"
"USC00136766","2004-01","43.08998","-91.55823","355.1","POSTVILLE, IA US","0.0","0","0.0","4,0","3",",0","3",",0","0",",0","6",",0","1","1,0","9","4,0","27","4,0","23",",0","0",",0","0",",0","1","","20040130",",4,0","20040131","+,,0","20040127",",1,0","","","20040117",",,0","20040103",",,0","-28.3","4,0,30,","51",",,0,31,+","38","1,,0,27,","5.1",",,0,17,","7.2",",0,03,","","","759.2",",0","13.2",",,,0","51","1,,,0","-9.77","4,0","-4.60",",,,0","-14.94","4,,,0"
"USC00136766","2004-02","43.08998","-91.55823","355.1","POSTVILLE, IA US","0.0","0","0.0","4,0","4",",0","4",",0","0",",0","27","2,0","3",",0","4","4,0","25","4,0","17","1,0","0","1,0","0","1,0","","","20040215",",4,0","20040215","+,2,0","20040206",",,0","","","20040206",",,0","20040229",",1,0","-22.2","4,0,15,","229","2,,0,15,+","152",",,0,06,","10.2",",,0,06,","10.0","1,0,29,","","","594.5","1,0","28.9",",,,0","266",",,,0","-5.58","4,0","-0.59","1,,,0","-10.56","4,,,0"
"USC00136766","2004-03","43.08998","-91.55823","355.1","POSTVILLE, IA US","0.0","0","0.0","5,0","13",",0","8",",0","2",",0","2",",0","1",",0","0","4,0","22","4,0","1","1,0","0","1,0","0","1,0","","","20040312",",4,0","20040309",",,0","20040309",",,0","","","20040305",",,0","20040328","+,1,0","-13.3","4,0,12,","76",",,0,09,","51",",,0,09,","46.5",",,0,05,","20.6","1,0,28,+","","","412.3","1,0","126.6",",,,0","80",",,,0","2.61","5,0","7.69","1,,,0","-2.48","4,,,0"
"USC00136766","2004-04","43.08998","-91.55823","355.1","POSTVILLE, IA US","","","","","8",",0","4",",0","0",",0","0",",0","0",",0","","","","","0",",0","8",",0","0",",0","","","","","20040430","+,,0","20040430","+,,0","","","20040421",",,0","20040429",",,0","","","0",",,0,30,+","0",",,0,30,+","15.7",",,0,21,","30.6",",0,29,","","","","","41.6",",,,0","0",",,,0","","","16.61",",,,0","",""
"USC00136766","2004-05","43.08998","-91.55823","355.1","POSTVILLE, IA US","","","","","20",",0","14",",0","4",",0","0",",0","0",",0","","","","","0",",0","16",",0","0",",0","","","","","20040531","+,,0","20040531","+,,0","","","20040522",",,0","20040510",",,0","","","0",",,0,31,+","0",",,0,31,+","110.0",",,0,22,","28.9",",0,10,","","","","","342.3",",,,0","0",",,,0","","","20.35",",,,0","",""
"USC00136766","2004-06","43.08998","-91.55823","355.1","POSTVILLE, IA US","","","44.5","3,0","14",",0","8",",0","1",",0","0",",0","0",",0","0","3,0","0","3,0","0",",0","26",",0","0",",0","","","20040625",",3,0","20040630","+,,0","20040630","+,,0","","","20040611",",,0","20040609","+,,0","6.1","3,0,25,","0",",,0,30,+","0",",,0,30,+","58.4",",,0,11,","30.6",",0,09,+","","","35.9",",0","119.0",",,,0","0",",,,0","18.79","3,0","24.63",",,,0","12.94","3,,,0"
"USC00136766","2004-07","43.08998","-91.55823","355.1","POSTVILLE, IA US","","","82.7","2,0","11",",0","8",",0","1",",0","0",",0","0",",0","0","2,0","0","2,0","0",",0","30",",0","0",",0","","","20040708",",2,0","20040731","+,,0","20040731","+,,0","","","20040706",",,0","20040721",",,0","8.9","2,0,08,","0",",,0,31,+","0",",,0,31,+","65.8",",,0,06,","31.1",",0,21,","6.9","0","6.9",",0","165.8",",,,0","0",",,,0","20.96","2,0","26.86",",,,0","15.05","2,,,0"
"USC00136766","2004-08","43.08998","-91.55823","355.1","POSTVILLE, IA US","","","41.1","5,0","13",",0","6",",0","1",",0","0",",0","0",",0","0","5,0","0","5,0","0",",0","27",",0","0",",0","","","20040821",",5,0","20040831","+,,0","20040831","+,,0","","","20040804",",,0","20040803",",,0","3.9","5,0,21,","0",",,0,31,+","0",",,0,31,+","27.9",",,0,04,","29.4",",0,03,","49.3","0","42.4",",0","86.7",",,,0","0",",,,0","18.37","5,0","24.16",",,,0","12.59","5,,,0"
"USC00136766","2004-09","43.08998","-91.55823","355.1","POSTVILLE, IA US","","","34.2","5,0","5",",0","2",",0","0",",0","0",",0","0",",0","0","5,0","1","5,0","0",",0","28",",0","0",",0","","","20040929",",5,0","20040930","+,,0","20040930","+,,0","","","20040906",",,0","20040912",",,0","0.0","5,0,29,","0",",,0,30,+","0",",,0,30,+","7.1",",,0,06,","31.7",",0,12,","98.7","0","49.4",",0","16.0",",,,0","0",",,,0","17.93","5,0","25.65",",,,0","10.20","5,,,0"
"USC00136766","2004-10","43.08998","-91.55823","355.1","POSTVILLE, IA US","","","","","10",",0","5",",0","0",",0","0",",0","0",",0","","","","","0","1,0","6","1,0","0","1,0","","","","","20041031","+,,0","20041031","+,,0","","","20041027",",,0","20041030",",1,0","","","0",",,0,31,+","0",",,0,31,+","22.9",",,0,27,","26.1","1,0,30,","","","","","60.6",",,,0","0",",,,0","","","16.64","1,,,0","",""
"USC00136766","2004-11","43.08998","-91.55823","355.1","POSTVILLE, IA US","","","0.0","4,0","8",",0","5",",0","0",",0","0",",0","0",",0","0","4,0","19","4,0","0",",0","0",",0","0",",0","","","20041128","+,4,0","20041128",",,0","20041128",",,0","","","20041102",",,0","20041118",",,0","-11.1","4,0,28,+","0",",T,0,28,","0",",T,0,28,","13.0",",,0,02,","20.6",",0,18,","","","396.2",",0","45.5",",,,0","0",",T,,0","3.41","4,0","8.99",",,,0","-2.17","4,,,0"
"USC00136766","2004-12","43.08998","-91.55823","355.1","POSTVILLE, IA US","","","","","5",",0","2",",0","0",",0","","","0","1,0","","","","","10","2,0","0","2,0","0","2,0","","","","","","","20041206",",1,0","","","20041206",",,0","20041231",",2,0","","","","","13","1,,0,06,","10.2",",,0,06,","12.8","2,0,31,","","","","","18.8",",,,0","23","1,,,0","","","0.77","2,,,0","",""
"USC00136766","2005-01","43.08998","-91.55823","355.1","POSTVILLE, IA US","0.0","0","0.0","3,0","5",",0","4",",0","0",",0","30",",0","2",",0","8","3,0","28","3,0","23",",0","0",",0","0",",0","","","20050115",",3,0","20050125","+,,0","20050106",",,0","","","20050106",",,0","20050126",",,0","-27.2","3,0,15,","356",",,0,25,+","241",",,0,06,","14.5",",,0,06,","3.9",",0,26,","","","771.2",",0","42.4",",,,0","483",",,,0","-9.05","3,0","-4.54",",,,0","-13.57","3,,,0"
"USC00136766","2005-02","43.08998","-91.55823","355.1","POSTVILLE, IA US","0.0","0","0.0","2,0","6",",0","5",",0","0",",0","25",",0","3",",0","0","2,0","25","2,0","7",",0","0",",0","0",",0","","","20050219","+,2,0","20050201",",,0","20050214","+,,0","","","20050214",",,0","20050205",",,0","-16.1","2,0,19,+","279",",,0,01,","25",",,0,14,+","14.0",",,0,14,","8.9",",0,05,","","","546.4",",0","27.9",",,,0","83",",,,0","-2.58","2,0","1.89",",,,0","-7.06","2,,,0"
"USC00136766","2005-03","43.08998","-91.55823","355.1","POSTVILLE, IA US","0.0","0","0.0","3,0","6",",0","5",",0","0",",0","4",",0","2",",0","1","3,0","23","3,0","7",",0","2",",0","0",",0","","","20050312",",3,0","20050319","+,,0","20050317",",,0","","","20050310",",,0","20050331",",,0","-17.8","3,0,12,","51",",,0,19,+","30",",,0,17,","9.7",",,0,10,","22.2",",0,31,","","","503.9",",0","28.3",",,,0","80",",,,0","0.22","3,0","5.54",",,,0","-5.10","3,,,0"
"USC00136766","2005-04","43.08998","-91.55823","355.1","POSTVILLE, IA US","","","","","8",",0","3",",0","0",",0","0",",0","0",",0","","","","","0",",0","9",",0","0",",0","","","","","20050430","+,,0","20050430","+,,0","","","20050412",",,0","20050419",",,0","","","0",",,0,30,+","0",",,0,30,+","19.1",",,0,12,","26.7",",0,19,","","","","","41.8",",,,0","0",",,,0","","","17.60",",,,0","",""
"USC00136766","2005-05","43.08998","-91.55823","355.1","POSTVILLE, IA US","","","","","12",",0","7",",0","0",",0","0",",0","0",",0","","","","","0",",0","16",",0","0",",0","","","","","20050502","+,,0","20050502","+,,0","","","20050511",",,0","20050507",",,0","","","0",",T,0,02,+","0",",T,0,02,+","18.3",",,0,11,","31.1",",0,07,","","","","","64.4",",,,0","0",",T,,0","","","18.88",",,,0","",""
"USC00136766","2005-06","43.08998","-91.55823","355.1","POSTVILLE, IA US","","","117.9","2,0","11",",0","9",",0","2",",0","0",",0","0",",0","0","2,0","0","2,0","0",",0","30",",0","5",",0","","","20050616",",2,0","20050630","+,,0","20050630","+,,0","","","20050626",",,0","20050625","+,,0","8.9","2,0,16,","0",",,0,30,+","0",",,0,30,+","30.5",",,0,26,","33.9",",0,25,+","","","2.8",",0","146.2",",,,0","0",",,,0","22.45","2,0","28.41",",,,0","16.50","2,,,0"
"USC00136766","2005-07","43.08998","-91.55823","355.1","POSTVILLE, IA US","","","","","7",",0","5",",0","1",",0","0",",0","0",",0","","","","","0",",0","31",",0","7",",0","","","","","20050731","+,,0","20050731","+,,0","","","20050721",",,0","20050718",",,0","","","0",",,0,31,+","0",",,0,31,+","50.0",",,0,21,","33.9",",0,18,","","","","","103.2",",,,0","0",",,,0","","","28.83",",,,0","",""
"USC00136766","2005-08","43.08998","-91.55823","355.1","POSTVILLE, IA US","","","83.0","2,0","9",",0","5",",0","2",",0","0",",0","0",",0","0","2,0","0","2,0","0",",0","31",",0","3",",0","1","","20050824","+,2,0","20050831","+,,0","20050831","+,,0","","","20050818",",,0","20050810",",,0","8.9","2,0,24,+","0",",,0,31,+","0",",,0,31,+","44.5",",,0,18,","33.3",",0,10,","","","9.1",",0","102.5",",,,0","0",",,,0","20.77","2,0","27.24",",,,0","14.31","2,,,0"
"USC00136766","2005-09","43.08998","-91.55823","355.1","POSTVILLE, IA US","","","","","10",",0","7",",0","1",",0","0",",0","0",",0","","","","","0","1,0","24","1,0","0","1,0","","","","","20050930","+,,0","20050930","+,,0","","","20050919",",,0","20050922","+,1,0","","","0",",,0,30,+","0",",,0,30,+","38.4",",,0,19,","31.1","1,0,22,+","","","","","103.0",",,,0","0",",,,0","","","25.11","1,,,0","",""
"USC00136766","2005-10","43.08998","-91.55823","355.1","POSTVILLE, IA US","","","19.2","5,0","6",",0","2",",0","0",",0","0",",0","0",",0","0","5,0","9","5,0","0",",0","9",",0","0",",0","","","20051028",",5,0","20051031","+,,0","20051031","+,,0","","","20051006",",,0","20051004",",,0","-3.3","5,0,28,","0",",,0,31,+","0",",,0,31,+","11.4",",,0,06,","30.6",",0,04,","","","203.4",",0","19.5",",,,0","0",",,,0","11.06","5,0","17.65",",,,0","4.47","5,,,0"
"USC00136766","2005-11","43.08998","-91.55823","355.1","POSTVILLE, IA US","","","0.0","5,0","7",",0","6",",0","0",",0","7",",0","2","1,0","0","5,0","18","5,0","5",",0","1",",0","0",",0","","","20051118","+,5,0","20051130","+,,0","20051129","+,1,0","","","20051128",",,0","20051103",",,0","-16.7","5,0,18,+","25",",,0,30,+","25","1,,0,29,+","13.5",",,0,28,","21.1",",0,03,","","","419.5",",0","53.0",",,,0","50","1,,,0","2.01","5,0","7.98",",,,0","-3.96","5,,,0"
"USC00136766","2005-12","43.08998","-91.55823","355.1","POSTVILLE, IA US","","","0.0","1,0","5",",0","4",",0","0",",0","31",",0","6",",0","14","1,0","30","1,0","21",",0","0",",0","0",",0","","","20051220",",1,0","20051215",",,0","20051215",",,0","","","20051201",",,0","20051224",",,0","-24.4","1,0,20,","381",",,0,15,","102",",,0,15,","7.6",",,0,01,","6.7",",0,24,","","","807.8",",0","22.7",",,,0","330",",,,0","-8.55","1,0","-4.43",",,,0","-12.67","1,,,0"
"USC00136766","2006-01","43.08998","-91.55823","355.1","POSTVILLE, IA US","0.0","0","0.0","2,0","4",",0","3",",0","0",",0","8",",0","1",",0","0","2,0","27","2,0","8",",0","0",",0","0",",0","","","20060123",",2,0","20060102","+,,0","20060121",",,0","","","20060129",",,0","20060128",",,0","-14.4","2,0,23,","51",",,0,02,+","25",",,0,21,","5.8",",,0,29,","11.7",",0,28,","","","573.9",",0","16.7",",,,0","38",",,,0","-1.30","2,0","2.95",",,,0","-5.54","2,,,0"
"USC00136766","2006-02","43.08998","-91.55823","355.1","POSTVILLE, IA US","0.0","0","0.0","2,0","4",",0","2",",0","0",",0","12",",0","3",",0","4","2,0","26","2,0","15",",0","0",",0","0",",0","","","20060218",",2,0","20060221","+,,0","20060217",",,0","","","20060217",",,0","20060203",",,0","-28.9","2,0,18,","178",",,0,21,+","152",",,0,17,","7.4",",,0,17,","11.1",",0,03,","","","644.2",",0","12.2",",,,0","215",",,,0","-6.25","2,0","-0.10",",,,0","-12.39","2,,,0"
"USC00136766","2006-03","43.08998","-91.55823","355.1","POSTVILLE, IA US","0.0","0","0.0","4,0","9",",0","8",",0","1",",0","6",",0","3",",0","0","4,0","26","4,0","0",",0","0",",0","0",",0","","","20060317",",4,0","20060306",",,0","20060317","+,,0","","","20060331",",,0","20060312",",,0","-9.4","4,0,17,","127",",,0,06,","76",",,0,17,+","35.1",",,0,31,","17.2",",0,12,","","","475.9",",0","93.8",",,,0","203",",,,0","1.06","4,0","6.51",",,,0","-4.40","4,,,0"
"USC00136766","2006-04","43.08998","-91.55823","355.1","POSTVILLE, IA US","","","","","9",",0","7",",0","1",",0","0",",0","0",",0","","","","","0",",0","9",",0","0",",0","","","","","20060430","+,,0","20060430","+,,0","","","20060430",",,0","20060415",",,0","","","0",",,0,30,+","0",",,0,30,+","26.7",",,0,30,","27.8",",0,15,","","","","","109.5",",,,0","0",",,,0","","","17.44",",,,0","",""
"USC00136766","2006-05","43.08998","-91.55823","355.1","POSTVILLE, IA US","","","31.2","4,0","15",",0","9",",0","2",",0","0",",0","0",",0","0","4,0","1","4,0","0",",0","15",",0","2",",0","","","20060506",",4,0","20060531","+,,0","20060531","+,,0","","","20060531",",,0","20060530",",,0","0.0","4,0,06,","0",",,0,31,+","0",",,0,31,+","72.9",",,0,31,","33.3",",0,30,","","","133.6",",0","145.0",",,,0","0",",,,0","14.77","4,0","20.52",",,,0","9.01","4,,,0"
"USC00136766","2006-06","43.08998","-91.55823","355.1","POSTVILLE, IA US","","","","","12",",0","8",",0","0",",0","0",",0","0",",0","0","5,0","0","5,0","","","","","","","","","20060611","+,5,0","20060630","+,,0","20060630","+,,0","","","20060610",",,0","","","7.2","5,0,11,+","0",",,0,30,+","0",",,0,30,+","24.6",",,0,10,","","","","","","","113.0",",,,0","0",",,,0","","","","","14.10","5,,,0"
"USC00136766","2006-07","43.08998","-91.55823","355.1","POSTVILLE, IA US","","","127.9","5,0","9",",0","8",",0","3",",0","0",",0","0",",0","0","5,0","0","5,0","0",",0","31",",0","8",",0","","","20060705",",5,0","20060731","+,,0","20060731","+,,0","","","20060720",",,0","20060718",",,0","11.1","5,0,05,","0",",,0,31,+","0",",,0,31,+","64.0",",,0,20,","35.6",",0,18,","0.0","0","0.0",",0","145.3",",,,0","0",",,,0","23.42","5,0","29.71",",,,0","17.12","5,,,0"
"USC00136766","2006-08","43.08998","-91.55823","355.1","POSTVILLE, IA US","","","88.3","5,0","10",",0","7",",0","1",",0","0",",0","0",",0","0","5,0","0","5,0","0",",0","29",",0","1",",0","","","20060831",",5,0","20060831","+,,0","20060831","+,,0","","","20060806",",,0","20060801",",,0","10.0","5,0,31,","0",",,0,31,+","0",",,0,31,+","26.4",",,0,06,","34.4",",0,01,","2.0","0","2.0",",0","79.3",",,,0","0",",,,0","21.76","5,0","27.22",",,,0","16.30","5,,,0"
"USC00136766","2006-09","43.08998","-91.55823","355.1","POSTVILLE, IA US","","","","","9",",0","4",",0","1",",0","0",",0","0",",0","","","","","0",",0","16",",0","0",",0","","","","","20060930","+,,0","20060930","+,,0","","","20060911",",,0","20060909",",,0","","","0",",,0,30,+","0",",,0,30,+","116.8",",,0,11,","30.0",",0,09,","","","","","155.7",",,,0","0",",,,0","","","20.85",",,,0","",""
"USC00136766","2006-10","43.08998","-91.55823","355.1","POSTVILLE, IA US","","","","","7",",0","5",",0","0",",0","0",",0","0",",0","","","","","0",",0","6",",0","0",",0","","","","","20061012",",,0","20061012",",,0","","","20061011",",,0","20061004",",,0","","","0",",T,0,12,","0",",T,0,12,","11.4",",,0,11,","29.4",",0,04,","","","","","33.2",",,,0","0",",T,,0","","","13.93",",,,0","",""
"USC00136766","2006-11","43.08998","-91.55823","355.1","POSTVILLE, IA US","","","0.0","1,0","6",",0","6",",0","1",",0","2",",0","1",",0","0","1,0","20","1,0","0",",0","1",",0","0",",0","","","20061130",",1,0","20061111",",,0","20061111",",,0","","","20061128",",,0","20061109",",,0","-11.7","1,0,30,","51",",,0,11,","51",",,0,11,","30.0",",,0,28,","22.8",",0,09,","","","426.9",",0","64.3",",,,0","51",",,,0","3.50","1,0","8.67",",,,0","-1.67","1,,,0"
"USC00136766","2006-12","43.08998","-91.55823","355.1","POSTVILLE, IA US","","","","","4",",0","3",",0","0",",0","0",",0","0",",0","","","","","9","1,0","0","1,0","0","1,0","","","","","20061231","+,,0","20061207",",,0","","","20061221",",,0","20061215",",1,0","","","0",",T,0,31,+","0",",T,0,07,","19.3",",,0,21,","10.6","1,0,15,","","","","","32.8",",,,0","0",",T,,0","","","3.31","1,,,0","",""
"USC00136766","2007-01","43.08998","-91.55823","355.1","POSTVILLE, IA US","0.0","0","0.0","3,0","6",",0","4",",0","0",",0","18",",0","4",",0","7","3,0","27","3,0","19",",0","0",",0","0",",0","","","20070131","+,3,0","20070128","+,,0","20070122",",,0","","","20070101",",,0","20070104","+,,0","-21.7","3,0,31,+","203",",,0,28,+","127",",,0,22,","16.0",",,0,01,","9.4",",0,04,+","","","691.8",",0","32.3",",,,0","231",",,,0","-6.27","3,0","-1.15",",,,0","-11.38","3,,,0"
"USC00136766","2007-02","43.08998","-91.55823","355.1","POSTVILLE, IA US","0.0","0","0.0","3,0","7",",0","5",",0","0",",0","28",",0","6",",0","14","3,0","25","3,0","21",",0","0",",0","0",",0","","","20070205",",3,0","20070225",",,0","20070225",",,0","","","20070225",",,0","20070222",",,0","-29.4","3,0,05,","432",",,0,25,","254",",,0,25,","23.6",",,0,25,","7.2",",0,22,","","","755.7",",0","52.9",",,,0","681",",,,0","-11.83","3,0","-6.89",",,,0","-16.77","3,,,0"
"USC00136766","2007-03","43.08998","-91.55823","355.1","POSTVILLE, IA US","0.6","0","0.6","3,0","5",",0","5",",0","1",",0","13",",0","1",",0","2","3,0","18","3,0","7",",0","2",",0","0",",0","","","20070304",",3,0","20070303",",,0","20070302",",,0","","","20070322",",,0","20070327",",,0","-18.3","3,0,04,","406",",,0,03,","102",",,0,02,","34.8",",,0,22,","26.7",",0,27,","","","461.9",",0","58.7",",,,0","110",",,,0","2.36","3,0","8.06",",,,0","-3.35","3,,,0"
"USC00136766","2007-04","43.08998","-91.55823","355.1","POSTVILLE, IA US","4.8","0","4.2","4,0","10",",0","8",",0","1",",0","3",",0","2",",0","0","4,0","10","4,0","1",",0","7",",0","0",",0","","","20070407",",4,0","20070412",",,0","20070412","+,,0","","","20070425",",,0","20070430",",,0","-9.4","4,0,07,","102",",,0,12,","51",",,0,12,+","27.7",",,0,25,","31.1",",0,30,","","","294.3",",0","115.3",",,,0","102",",,,0","7.08","4,0","13.21",",,,0","0.94","4,,,0"
"USC00136766","2007-05","43.08998","-91.55823","355.1","POSTVILLE, IA US","29.8","0","25.0","4,0","10",",0","5",",0","0",",0","0",",0","0",",0","0","4,0","0","4,0","0",",0","25",",0","1",",0","","","20070525","+,4,0","20070531","+,,0","20070531","+,,0","","","20070524",",,0","20070515",",,0","4.4","4,0,25,+","0",",,0,31,+","0",",,0,31,+","24.6",",,0,24,","32.2",",0,15,","","","63.4",",0","67.5",",,,0","0",",,,0","17.08","4,0","24.05",",,,0","10.11","4,,,0"
"USC00136766","2007-06","43.08998","-91.55823","355.1","POSTVILLE, IA US","111.9","0","82.1","1,0","10",",0","9",",0","2",",0","0",",0","0",",0","0","1,0","0","1,0","0",",0","29",",0","2",",0","1","","20070606",",1,0","20070630","+,,0","20070630","+,,0","","","20070602",",,0","20070616",",,0","8.9","1,0,06,","0",",,0,30,+","0",",,0,30,+","38.9",",,0,02,","32.8",",0,16,","","","10.6",",0","159.7",",,,0","0",",,,0","20.74","1,0","26.51",",,,0","14.98","1,,,0"
"USC00136766","2007-07","43.08998","-91.55823","355.1","POSTVILLE, IA US","218.5","0","106.6","2,0","7",",0","6",",0","2",",0","0",",0","0",",0","0","2,0","0","2,0","0",",0","31",",0","2",",0","","","20070713",",2,0","20070731","+,,0","20070731","+,,0","","","20070727",",,0","20070709",",,0","9.4","2,0,13,","0",",,0,31,+","0",",,0,31,+","53.3",",,0,27,","34.4",",0,09,","1.7","0","1.7",",0","132.5",",,,0","0",",,,0","21.88","2,0","28.44",",,,0","15.32","2,,,0"
"USC00136766","2007-08","43.08998","-91.55823","355.1","POSTVILLE, IA US","324.6","0","106.1","2,0","18",",0","17",",0","6",",0","0",",0","0",",0","0","2,0","0","2,0","0",",0","30",",0","2",",0","","","20070831","+,2,0","20070831","+,,0","20070831","+,,0","","","20070819",",,0","20070829",",,0","11.1","2,0,31,+","0",",,0,31,+","0",",,0,31,+","89.7",",,0,19,","32.8",",0,29,","4.0","0","2.3",",0","396.3",",,,0","0",",,,0","21.95","2,0","27.44",",,,0","16.47","2,,,0"
"USC00136766","2007-09","43.08998","-91.55823","355.1","POSTVILLE, IA US","369.5","0","44.9",",0","5",",0","5",",0","0",",0","0",",0","0",",0","0",",0","1",",0","0",",0","23",",0","0",",0","","","20070915",",,0","20070930","+,,0","20070930","+,,0","","","20070919",",,0","20070919","+,,0","-1.7",",0,15,","0",",,0,30,+","0",",,0,30,+","24.1",",,0,19,","31.7",",0,19,+","80.0","0","76.0",",0","66.0",",,,0","0",",,,0","17.30",",0","24.62",",,,0","9.98",",,,0"
"USC00136766","2007-10","43.08998","-91.55823","355.1","POSTVILLE, IA US","390.3","0","20.8","1,0","10",",0","7",",0","0",",0","0",",0","0",",0","0",",0","4",",0","0","1,0","11","1,0","0","1,0","","","20071029","+,,0","20071031","+,,0","20071031","+,,0","","","20071003",",,0","20071007",",1,0","-1.7",",0,29,+","0",",,0,31,+","0",",,0,31,+","21.8",",,0,03,","30.6","1,0,07,","257.2","0","177.2","1,0","96.4",",,,0","0",",,,0","13.09","1,0","18.86","1,,,0","7.32",",,,0"
"USC00136766","2007-11","43.08998","-91.55823","355.1","POSTVILLE, IA US","390.3","0","0.0","1,0","1",",0","0",",0","0",",0","1",",0","1",",0","0","1,0","26","1,0","3",",0","0",",0","0",",0","","","20071129",",1,0","20071122",",,0","20071122",",,0","","","20071122",",,0","20071112",",,0","-12.2","1,0,29,","25",",,0,22,","25",",,0,22,","1.8",",,0,22,","16.1",",0,12,","750.2","0","493.0",",0","1.8",",,,0","25",",,,0","1.46","1,0","6.88",",,,0","-3.95","1,,,0"
"USC00136766","2007-12","43.08998","-91.55823","355.1","POSTVILLE, IA US","390.3","0","0.0","3,0","5",",0","4",",0","1",",0","30",",0","7",",0","5","2,0","29","2,0","24","1,0","0","1,0","0","1,0","","","20071206",",2,0","20071217","+,,0","20071223","+,,0","","","20071202",",,0","20071226",",1,0","-20.6","2,0,06,","305",",,0,17,+","127",",,0,23,+","36.6",",,0,02,","3.3","1,0,26,","1478.6","0","728.4","1,0","55.2",",,,0","533",",,,0","-7.69","3,0","-2.93","1,,,0","-12.45","2,,,0"
"USC00136766","2008-01","43.08998","-91.55823","355.1","POSTVILLE, IA US","0.0","0","0.0","2,0","6",",0","4",",0","0",",0","31",",0","3",",0","12","2,0","28","2,0","22",",0","0",",0","0",",0","","","20080125",",2,0","20080127","+,,0","20080122",",,0","","","20080108",",,0","20080129",",,0","-28.3","2,0,25,","356",",,0,27,+","140",",,0,22,","10.9",",,0,08,","7.2",",0,29,","2279.2","0","800.6",",0","27.9",",,,0","321",",,,0","-9.57","2,0","-4.91",",,,0","-14.22","2,,,0"
"USC00136766","2008-02","43.08998","-91.55823","355.1","POSTVILLE, IA US","0.0","0","0.0","2,0","9",",0","6",",0","0",",0","29",",0","6",",0","15","1,0","28","1,0","24","1,0","0","1,0","0","1,0","","","20080221","+,1,0","20080224","+,,0","20080218",",,0","","","20080218",",,0","20080225",",1,0","-23.3","1,0,21,+","584",",,0,24,+","191",",,0,18,","14.0",",,0,18,","2.8","1,0,25,","3042.8","0","763.6","1,0","48.8",",,,0","540",",,,0","-9.96","2,0","-4.23","1,,,0","-15.69","1,,,0"
"USC00136766","2008-03","43.08998","-91.55823","355.1","POSTVILLE, IA US","0.0","0","0.0","1,0","2",",0","1",",0","0",",0","18",",0","2",",0","2","1,0","28","1,0","9",",0","0",",0","0",",0","","","20080308",",1,0","20080301",",,0","20080303",",,0","","","20080303",",,0","20080331","+,,0","-20.6","1,0,08,","381",",,0,01,","30",",,0,03,","4.1",",,0,03,","9.4",",0,31,+","3662.8","0","620.0",",0","6.4",",,,0","71",",,,0","-2.23","1,0","2.94",",,,0","-7.41","1,,,0"
"USC00136766","2008-04","43.08998","-91.55823","355.1","POSTVILLE, IA US","0.0","0","0.0","2,0","11",",0","9",",0","4",",0","0",",0","0",",0","0","2,0","15","2,0","0","1,0","5","1,0","0","1,0","","","20080403","+,2,0","20080412","+,,0","20080427","+,,0","","","20080424",",,0","20080422",",1,0","-6.1","2,0,03,+","0",",T,0,12,+","0",",T,0,27,+","79.2",",,0,24,","23.9","1,0,22,","3995.2","0","332.4","1,0","248.8",",,,0","0",",T,,0","6.65","2,0","12.20","1,,,0","1.10","2,,,0"
"USC00136766","2008-05","43.08998","-91.55823","355.1","POSTVILLE, IA US","2.2","0","2.2","5,0","9",",0","5",",0","1",",0","0",",0","0",",0","0","5,0","0","5,0","0",",0","9",",0","0",",0","","","20080512",",5,0","20080531","+,,0","20080531","+,,0","","","20080530",",,0","20080527",",,0","0.6","5,0,12,","0",",,0,31,+","0",",,0,31,+","41.4",",,0,30,","28.3",",0,27,","4134.9","0","139.7",",0","96.0",",,,0","0",",,,0","13.13","5,0","19.85",",,,0","6.41","5,,,0"
"USC00136766","2008-06","43.08998","-91.55823","355.1","POSTVILLE, IA US","62.0","0","59.8","2,0","13",",0","12",",0","3",",0","0",",0","0",",0","0","2,0","0","2,0","0",",0","29",",0","0",",0","","","20080617",",2,0","20080630","+,,0","20080630","+,,0","","","20080608",",,0","20080608",",,0","10.0","2,0,17,","0",",,0,30,+","0",",,0,30,+","88.9",",,0,08,","31.1",",0,08,","4143.0","0","8.1",",0","232.8",",,,0","0",",,,0","20.20","2,0","25.95",",,,0","14.44","2,,,0"
"USC00136766","2008-07","43.08998","-91.55823","355.1","POSTVILLE, IA US","181.6","0","119.6","1,0","10",",0","8",",0","2",",0","0",",0","0",",0","0","1,0","0","1,0","0",",0","31",",0","0",",0","","","20080703",",1,0","20080731","+,,0","20080731","+,,0","","","20080708",",,0","20080730","+,,0","11.7","1,0,03,","0",",,0,31,+","0",",,0,31,+","66.8",",,0,08,","31.1",",0,30,+","0.0","0","0.0",",0","140.2",",,,0","0",",,,0","22.34","1,0","28.37",",,,0","16.30","1,,,0"
"USC00136766","2008-08","43.08998","-91.55823","355.1","POSTVILLE, IA US","","","","","7",",0","7",",0","0",",0","0",",0","0",",0","","","","","0",",0","31",",0","0",",0","","","","","20080831","+,,0","20080831","+,,0","","","20080805",",,0","20080831","+,,0","","","0",",,0,31,+","0",",,0,31,+","15.5",",,0,05,","30.0",",0,31,+","","","","","62.8",",,,0","0",",,,0","","","27.04",",,,0","",""
"USC00136766","2008-09","43.08998","-91.55823","355.1","POSTVILLE, IA US","","","19.8","5,0","11",",0","10",",0","0",",0","0",",0","0",",0","0","5,0","0","5,0","0",",0","22",",0","0",",0","","","20080909",",5,0","20080930","+,,0","20080930","+,,0","","","20080929",",,0","20080903",",,0","2.8","5,0,09,","0",",,0,30,+","0",",,0,30,+","10.9",",,0,29,","31.7",",0,03,","","","46.0",",0","61.3",",,,0","0",",,,0","17.22","5,0","23.72",",,,0","10.71","5,,,0"
"USC00136766","2008-10","43.08998","-91.55823","355.1","POSTVILLE, IA US","","","","","8",",0","6",",0","0",",0","0",",0","0",",0","","","","","0",",0","5",",0","0",",0","","","","","20081031","+,,0","20081027",",,0","","","20081008",",,0","20081013",",,0","","","0",",,0,31,+","0",",T,0,27,","10.7",",,0,08,","26.7",",0,13,","","","","","39.7",",,,0","0",",T,,0","","","15.67",",,,0","",""
"USC00136766","2008-11","43.08998","-91.55823","355.1","POSTVILLE, IA US","","","0.0","1,0","6",",0","4",",0","0",",0","1",",0","0",",0","0","1,0","19","1,0","3","1,0","3","1,0","0","1,0","","","20081121",",1,0","20081130",",,0","20081130",",,0","","","20081112",",,0","20081104",",1,0","-14.4","1,0,21,","25",",,0,30,","18",",,0,30,","9.7",",,0,12,","23.9","1,0,04,","","","470.9","1,0","32.3",",,,0","18",",,,0","2.10","1,0","7.39","1,,,0","-3.20","1,,,0"
"USC00136766","2008-12","43.08998","-91.55823","355.1","POSTVILLE, IA US","","","0.0","1,0","11",",0","7",",0","0",",0","29","2,0","9","1,0","15","1,0","30","1,0","23","1,0","0","1,0","0","1,0","","","20081223",",1,0","20081225",",2,0","20081219",",1,0","","","20081219",",,0","20081227",",1,0","-26.1","1,0,23,","559","2,,0,25,","241","1,,0,19,","20.6",",,0,19,","8.9","1,0,27,","","","835.1","1,0","62.3",",,,0","853","1,,,0","-9.51","1,0","-3.38","1,,,0","-15.63","1,,,0"
"USC00136766","2009-01","43.08998","-91.55823","355.1","POSTVILLE, IA US","0.0","0","0.0","1,0","5",",0","3",",0","0",",0","31",",0","4",",0","19",",0","31",",0","30","1,0","0","1,0","0","1,0","1","","20090116",",,0","20090125","+,,0","20090109",",,0","","","20090109",",,0","20090104",",1,0","-32.2",",0,16,","406",",,0,25,+","89",",,0,09,","6.4",",,0,09,","-0.6","1,0,04,","","","961.7","1,0","15.0",",,,0","264",",,,0","-13.91","1,0","-8.33","1,,,0","-19.48",",,,0"
"USC00136766","2009-02","43.08998","-91.55823","355.1","POSTVILLE, IA US","0.0","0","0.0",",0","2",",0","2",",0","0",",0","13",",0","1",",0","5",",0","28",",0","13",",0","0",",0","0",",0","","","20090204",",,0","20090201",",,0","20090221",",,0","","","20090227",",,0","20090211",",,0","-25.0",",0,04,","305",",,0,01,","94",",,0,21,","8.9",",,0,27,","11.1",",0,11,","","","668.6",",0","13.0",",,,0","107",",,,0","-5.54",",0","0.34",",,,0","-11.43",",,,0"
"USC00136766","2009-03","43.08998","-91.55823","355.1","POSTVILLE, IA US","0.0","0","0.0",",0","7",",0","6",",0","0",",0","2",",0","2",",0","2",",0","27",",0","6",",0","0",",0","0",",0","","","20090313","+,,0","20090309",",,0","20090309",",,0","","","20090309",",,0","20090322","+,,0","-17.8",",0,13,+","51",",,0,09,","48",",,0,09,","15.7",",,0,09,","18.3",",0,22,+","","","540.0",",0","45.7",",,,0","73",",,,0","0.91",",0","7.04",",,,0","-5.21",",,,0"
"USC00136766","2009-04","43.08998","-91.55823","355.1","POSTVILLE, IA US","0.0","0","0.0",",0","10",",0","5",",0","2",",0","0",",0","1",",0","0",",0","16",",0","0",",0","4",",0","0",",0","","","20090402",",,0","20090406",",,0","20090406",",,0","","","20090426",",,0","20090425",",,0","-5.0",",0,02,","0",",T,0,06,","38",",,0,06,","77.7",",,0,26,","27.8",",0,25,","","","326.0",",0","144.5",",,,0","38",",,,0","7.47",",0","14.22",",,,0","0.71",",,,0"
"USC00136766","2009-05","43.08998","-91.55823","355.1","POSTVILLE, IA US","9.7","0","9.7",",0","12",",0","8",",0","0",",0","0",",0","0",",0","0",",0","0",",0","0",",0","17",",0","0",",0","","","20090517",",,0","20090531","+,,0","20090531","+,,0","","","20090509",",,0","20090521","+,,0","0.6",",0,17,","0",",,0,31,+","0",",,0,31,+","18.3",",,0,09,","30.0",",0,21,+","","","130.6",",0","101.7",",,,0","0",",,,0","14.43",",0","20.66",",,,0","8.20",",,,0"
"USC00136766","2009-06","43.08998","-91.55823","355.1","POSTVILLE, IA US","79.8","0","70.1",",0","10",",0","8",",0","0",",0","0",",0","0",",0","0",",0","0",",0","0",",0","28",",0","3",",0","1","","20090604",",,0","20090630","+,,0","20090630","+,,0","2","","20090608",",,0","20090624",",,0","6.7",",0,04,","0",",,0,30,+","0",",,0,30,+","20.1",",,0,08,","34.4",",0,24,","","","29.6",",0","70.1",",,,0","0",",,,0","19.68",",0","25.87",",,,0","13.49",",,,0"
"USC00136766","2009-07","43.08998","-91.55823","355.1","POSTVILLE, IA US","121.1","0","41.3",",0","9",",0","7",",0","1",",0","0",",0","0",",0","0",",0","0",",0","0",",0","26",",0","0",",0","","","20090720",",,0","20090731","+,,0","20090731","+,,0","","","20090725",",,0","20090707",",,0","8.9",",0,20,","0",",,0,31,+","0",",,0,31,+","32.5",",,0,25,","30.0",",0,07,","20.5","0","20.5",",0","79.5",",,,0","0",",,,0","19.00",",0","24.92",",,,0","13.09",",,,0"
"USC00136766","2009-08","43.08998","-91.55823","355.1","POSTVILLE, IA US","169.2","0","48.1","1,0","12",",0","9",",0","1",",0","0",",0","0",",0","0",",0","0",",0","0","1,0","27","1,0","0","1,0","","","20090831",",,0","20090831","+,,0","20090831","+,,0","","","20090808",",,0","20090809",",1,0","4.4",",0,31,","0",",,0,31,+","0",",,0,31,+","59.7",",,0,08,","31.1","1,0,09,","42.2","0","21.7","1,0","130.2",",,,0","0",",,,0","19.23","1,0","25.41","1,,,0","13.06",",,,0"
"USC00136766","2009-09","43.08998","-91.55823","355.1","POSTVILLE, IA US","175.7","0","6.5",",0","4",",0","3",",0","0",",0","0",",0","0",",0","0",",0","0",",0","0",",0","26",",0","0",",0","7","","20090902",",,0","20090930","+,,0","20090930","+,,0","","","20090926",",,0","20090919","+,,0","4.4",",0,02,","0",",,0,30,+","0",",,0,30,+","24.1",",,0,26,","27.8",",0,19,+","109.4","0","67.2",",0","31.9",",,,0","0",",,,0","16.31",",0","23.82",",,,0","8.80",",,,0"
"USC00136766","2009-10","43.08998","-91.55823","355.1","POSTVILLE, IA US","175.7","0","0.0","1,0","16",",0","13",",0","2",",0","0",",0","0",",0","0","1,0","11","1,0","0",",0","0",",0","0",",0","","","20091012","+,1,0","20091031","+,,0","20091013",",,0","","","20091023",",,0","20091022",",,0","-5.6","1,0,12,+","0",",,0,31,+","0",",T,0,13,","32.3",",,0,23,","20.0",",0,22,","473.5","0","364.1",",0","158.7",",,,0","0",",T,,0","6.29","1,0","11.45",",,,0","1.13","1,,,0"
"USC00136766","2009-11","43.08998","-91.55823","355.1","POSTVILLE, IA US","175.7","0","0.0",",0","2",",0","2",",0","0",",0","0",",0","0",",0","0",",0","18",",0","0",",0","2",",0","0",",0","2","","20091127",",,0","20091130","+,,0","20091126",",,0","","","20091125",",,0","20091109",",,0","-6.7",",0,27,","0",",,0,30,+","0",",T,0,26,","15.0",",,0,25,","21.7",",0,09,","868.5","0","395.0",",0","18.6",",,,0","0",",T,,0","5.17",",0","11.07",",,,0","-0.74",",,,0"
"USC00136766","2009-12","43.08998","-91.55823","355.1","POSTVILLE, IA US","175.7","0","0.0",",0","9",",0","8",",0","1",",0","26",",0","7",",0","8",",0","31",",0","22",",0","0",",0","0",",0","","","20091216",",,0","20091223","+,,0","20091209",",,0","","","20091225",",,0","20091202",",,0","-23.3",",0,16,","356",",,0,23,+","254",",,0,09,","25.9",",,0,25,","11.1",",0,02,","1659.7","0","791.2",",0","85.6",",,,0","632",",,,0","-7.19",",0","-2.34",",,,0","-12.04",",,,0"
"USC00136766","2010-01","43.08998","-91.55823","355.1","POSTVILLE, IA US","0.0","0","0.0",",0","2",",0","2",",0","0",",0","31",",0","2",",0","14",",0","31",",0","26",",0","0",",0","0",",0","3","","20100104","+,,0","20100112","+,,0","20100107",",,0","","","20100124",",,0","20100124",",,0","-27.8",",0,04,+","330",",,0,12,+","53",",,0,07,","19.3",",,0,24,","2.2",",0,24,","2571.9","0","912.2",",0","23.6",",,,0","109",",,,0","-11.09",",0","-6.81",",,,0","-15.38",",,,0"
"USC00136766","2010-02","43.08998","-91.55823","355.1","POSTVILLE, IA US","0.0","0","0.0","1,0","5",",0","3",",0","0",",0","28",",0","5",",0","7","1,0","27","1,0","22","1,0","0","1,0","0","1,0","","","20100213",",1,0","20100211","+,,0","20100209",",,0","","","20100209",",,0","20100221",",1,0","-22.2","1,0,13,","356",",,0,11,+","140",",,0,09,","6.4",",,0,09,","3.3","1,0,21,","3293.6","0","721.7","1,0","17.0",",,,0","311",",,,0","-8.40","1,0","-2.33","1,,,0","-14.47","1,,,0"
"USC00136766","2010-03","43.08998","-91.55823","355.1","POSTVILLE, IA US","0.0","0","0.0","1,0","4",",0","3",",0","0",",0","10",",0","0",",0","0","1,0","22","1,0","0","1,0","1","1,0","0","1,0","4","","20100303","+,1,0","20100301",",,0","20100320",",,0","","","20100312",",,0","20100331",",1,0","-12.2","1,0,03,+","152",",,0,01,","0",",T,0,20,","8.4",",,0,12,","21.7","1,0,31,","3743.5","0","449.9","1,0","19.3",",,,0","0",",T,,0","3.34","1,0","10.23","1,,,0","-3.56","1,,,0"
"USC00136766","2010-04","43.08998","-91.55823","355.1","POSTVILLE, IA US","0.0","0","0.0",",0","9",",0","7",",0","0",",0","0",",0","0",",0","0",",0","5",",0","0",",0","9",",0","0",",0","","","20100409",",,0","20100430","+,,0","20100430","+,,0","","","20100406",",,0","20100402",",,0","-1.7",",0,09,","0",",,0,30,+","0",",,0,30,+","20.1",",,0,06,","27.8",",0,02,","3958.3","0","214.8",",0","72.5",",,,0","0",",,,0","11.17",",0","18.54",",,,0","3.81",",,,0"
"USC00136766","2010-05","43.08998","-91.55823","355.1","POSTVILLE, IA US","32.3","0","32.3",",0","11",",0","7",",0","1",",0","0",",0","0",",0","0",",0","1",",0","0",",0","18",",0","1",",0","","","20100509",",,0","20100531","+,,0","20100531","+,,0","","","20100513",",,0","20100525",",,0","-0.6",",0,09,","0",",,0,31,+","0",",,0,31,+","49.5",",,0,13,","32.8",",0,25,","4092.9","0","134.6",",0","95.4",",,,0","0",",,,0","15.04",",0","21.56",",,,0","8.51",",,,0"
"USC00136766","2010-06","43.08998","-91.55823","355.1","POSTVILLE, IA US","98.9","0","66.6",",0","20",",0","16",",0","3",",0","0",",0","0",",0","0",",0","0",",0","0",",0","28",",0","0",",0","","","20100630",",,0","20100630","+,,0","20100630","+,,0","","","20100627",",,0","20100627","+,,0","8.3",",0,30,","0",",,0,30,+","0",",,0,30,+","38.1",",,0,27,","31.1",",0,27,+","4099.0","0","6.1",",0","196.4",",,,0","0",",,,0","20.35",",0","26.06",",,,0","14.63",",,,0"
"USC00136766","2010-07","43.08998","-91.55823","355.1","POSTVILLE, IA US","218.1","0","119.2","3,0","13",",0","12",",0","5",",0","0",",0","0",",0","0",",0","0",",0","0","3,0","28","3,0","2","3,0","","","20100702","+,,0","20100731","+,,0","20100731","+,,0","","","20100708",",,0","20100715",",3,0","12.8",",0,02,+","0",",,0,31,+","0",",,0,31,+","45.2",",,0,08,","33.3","3,0,15,","0.0","0","0.0","3,0","245.2",",,,0","0",",,,0","22.63","3,0","28.29","3,,,0","16.96",",,,0"
"USC00136766","2010-08","43.08998","-91.55823","355.1","POSTVILLE, IA US","340.0","0","121.9","2,0","2",",0","2",",0","0",",0","0",",0","0",",0","0",",0","0",",0","0","2,0","29","2,0","5","2,0","","","20100826",",,0","20100831","+,,0","20100831","+,,0","","","20100809",",,0","20100813","+,2,0","6.7",",0,26,","0",",,0,31,+","0",",,0,31,+","23.9",",,0,09,","32.8","2,0,13,+","8.0","0","8.0","2,0","37.6",",,,0","0",",,,0","22.38","2,0","28.62","2,,,0","16.15",",,,0"
"USC00136766","2010-09","43.08998","-91.55823","355.1","POSTVILLE, IA US","352.5","0","12.5","2,0","10",",0","5",",0","1",",0","0",",0","0",",0","0","1,0","0","1,0","0","2,0","20","2,0","0","2,0","","","20100927",",1,0","20100930","+,,0","20100930","+,,0","","","20100901",",,0","20100921","+,2,0","0.6","1,0,27,","0",",,0,30,+","0",",,0,30,+","49.8",",,0,01,","29.4","2,0,21,+","92.4","0","84.4","2,0","81.1",",,,0","0",",,,0","15.73","2,0","22.94","2,,,0","8.53","1,,,0"
"USC00136766","2010-10","43.08998","-91.55823","355.1","POSTVILLE, IA US","353.6","0","1.1",",0","5",",0","4",",0","0",",0","0",",0","0",",0","0",",0","10",",0","0",",0","14",",0","0",",0","","","20101029",",,0","20101031","+,,0","20101031","+,,0","","","20101024",",,0","20101011","+,,0","-6.7",",0,29,","0",",,0,31,+","0",",,0,31,+","9.9",",,0,24,","28.9",",0,11,+","324.8","0","232.4",",0","27.2",",,,0","0",",,,0","10.87",",0","19.23",",,,0","2.52",",,,0"
"USC00136766","2010-11","43.08998","-91.55823","355.1","POSTVILLE, IA US","353.6","0","0.0","1,0","9",",0","4",",0","1",",0","0",",0","0",",0","0","1,0","23","1,0","3","1,0","0","1,0","0","1,0","1","","20101124","+,1,0","20101130","+,,0","20101115",",,0","","","20101113",",,0","20101110",",1,0","-11.1","1,0,24,+","0",",,0,30,+","0",",T,0,15,","25.4",",,0,13,","20.6","1,0,10,","789.2","0","464.4","1,0","49.0",",,,0","0",",T,,0","2.32","1,0","8.20","1,,,0","-3.56","1,,,0"
"USC00136766","2010-12","43.08998","-91.55823","355.1","POSTVILLE, IA US","353.6","0","0.0",",0","10",",0","8",",0","0",",0","26","2,0","6","1,0","9",",0","31",",0","26",",0","0",",0","0",",0","1","","20101214",",,0","20101228","+,2,0","20101204",",1,0","","","20101212",",,0","20101231",",,0","-25.6",",0,14,","508","2,,0,28,+","175","1,,0,04,","24.6",",,0,12,","7.8",",0,31,","1651.9","0","862.7",",0","71.6",",,,0","540","1,,,0","-9.50",",0","-4.57",",,,0","-14.42",",,,0"
"USC00136766","2011-01","43.08998","-91.55823","355.1","POSTVILLE, IA US","0.0","7","0.0","2,7","7",",7","2",",7","0",",7","31",",7","3",",7","11","1,7","30","1,7","27","2,7","0","2,7","0","2,7","","","20110122",",1,7","20110131","+,,7","20110111",",,7","","","20110111",",,7","20110101",",2,7","-30.6","1,7,22,","330",",,7,31,+","43",",,7,11,","5.8",",,7,11,","2.8","2,7,01,","2490.6","7","838.7","2,7","14.5",",,,7","165",",,,7","-10.55","2,7","-5.48","2,,,7","-15.61","1,,,7"
"USC00136766","2011-02","43.08998","-91.55823","355.1","POSTVILLE, IA US","0.0","7","0.0",",7","4",",7","4",",7","1",",7","28",",7","3",",7","6",",7","28",",7","18",",7","0",",7","0",",7","","","20110210",",,7","20110207","+,,7","20110202",",,7","","","20110221",",,7","20110218",",,7","-24.4",",7,10,","533",",,7,07,+","127",",,7,02,","30.0",",,7,21,","12.8",",7,18,","3208.2","7","717.6",",7","56.9",",,,7","261",",,,7","-7.29",",7","-1.97",",,,7","-12.62",",,,7"
"USC00136766","2011-03","43.08998","-91.55823","355.1","POSTVILLE, IA US","0.0","7","0.0",",7","7",",7","5",",7","0",",7","16",",7","1",",7","0",",7","29",",7","3",",7","0",",7","0",",7","","","20110302",",,7","20110301",",,7","20110309",",,7","","","20110323",",,7","20110318","+,,7","-14.4",",7,02,","152",",,7,01,","61",",,7,09,","24.1",",,7,23,","13.9",",7,18,+","3806.4","7","598.2",",7","70.7",",,,7","61",",,,7","-0.96",",7","4.76",",,,7","-6.69",",,,7"
"USC00136766","2011-04","43.08998","-91.55823","355.1","POSTVILLE, IA US","0.0","7","0.0","1,7","12",",7","6",",7","1",",7","2",",7","1",",7","0","1,7","17","1,7","0","1,7","3","1,7","0","1,7","","","20110405","+,1,7","20110420",",,7","20110420",",,7","","","20110426",",,7","20110411",",1,7","-3.9","1,7,05,+","51",",,7,20,","58",",,7,20,","30.0",",,7,26,","28.9","1,7,11,","4144.0","7","337.6","1,7","97.4",",,,7","88",",,,7","6.69","1,7","12.92","1,,,7","0.46","1,,,7"
"USC00136766","2011-05","43.08998","-91.55823","355.1","POSTVILLE, IA US","17.8","7","17.8",",7","13",",7","9",",7","3",",7","0",",7","0",",7","0",",7","4",",7","0",",7","14",",7","0",",7","","","20110504",",,7","20110531","+,,7","20110531","+,,7","","","20110523",",,7","20110531","+,,7","-2.8",",7,04,","0",",,7,31,+","0",",,7,31,+","32.8",",,7,23,","31.7",",7,31,+","4310.6","7","166.6",",7","136.8",",,,7","0",",,,7","13.53",",7","20.13",",,,7","6.94",",,,7"
"USC00136766","2011-06","43.08998","-91.55823","355.1","POSTVILLE, IA US","91.8","7","74.0",",7","8",",7","7",",7","0",",7","0",",7","0",",7","0",",7","0",",7","0",",7","26",",7","4",",7","1","","20110612",",,7","20110630","+,,7","20110630","+,,7","","","20110616",",,7","20110608","+,,7","6.7",",7,12,","0",",,7,30,+","0",",,7,30,+","16.8",",,7,16,","35.6",",7,08,+","4334.2","7","23.6",",7","84.2",",,,7","0",",,,7","20.01",",7","25.98",",,,7","14.04",",,,7"
"USC00136766","2011-07","43.08998","-91.55823","355.1","POSTVILLE, IA US","276.5","7","184.7",",7","12",",7","9",",7","1",",7","0",",7","0",",7","0",",7","0",",7","0",",7","31",",7","7",",7","1","","20110713",",,7","20110731","+,,7","20110731","+,,7","","","20110722",",,7","20110720",",,7","12.2",",7,13,","0",",,7,31,+","0",",,7,31,+","82.5",",,7,22,","36.1",",7,20,","0.0","7","0.0",",7","140.2",",,,7","0",",,,7","24.29",",7","30.56",",,,7","18.02",",,,7"
"USC00136766","2011-08","43.08998","-91.55823","355.1","POSTVILLE, IA US","364.5","7","88.0",",7","11",",7","8",",7","0",",7","0",",7","0",",7","0",",7","0",",7","0",",7","31",",7","2",",7","","","20110828","+,,7","20110831","+,,7","20110831","+,,7","","","20110823",",,7","20110801",",,7","10.0",",7,28,+","0",",,7,31,+","0",",,7,31,+","22.1",",,7,23,","32.8",",7,01,","0.8","7","0.8",",7","95.4",",,,7","0",",,,7","21.15",",7","28.15",",,,7","14.14",",,,7"
"USC00136766","2011-09","43.08998","-91.55823","355.1","POSTVILLE, IA US","386.9","7","22.4",",7","9",",7","6",",7","0",",7","0",",7","0",",7","0",",7","2",",7","0",",7","14",",7","1",",7","","","20110916","+,,7","20110930","+,,7","20110930","+,,7","","","20110927",",,7","20110902",",,7","0.0",",7,16,+","0",",,7,30,+","0",",,7,30,+","20.8",",,7,27,","33.3",",7,02,","120.0","7","119.2",",7","68.2",",,,7","0",",,,7","15.11",",7","21.36",",,,7","8.85",",,,7"
"USC00136766","2011-10","43.08998","-91.55823","355.1","POSTVILLE, IA US","392.5","7","5.6","1,7","4","1,7","2","1,7","0","1,7","0","1,7","0","1,7","0","1,7","9","1,7","0","1,7","11","1,7","0","1,7","","","20111029","+,1,7","20111031","+,1,7","20111031","+,1,7","","","20111013",",1,7","20111009","+,1,7","-2.2","1,7,29,+","0","1,,7,31,+","0","1,,7,31,+","17.5","1,,7,13,","27.8","1,7,09,+","329.5","7","209.5","1,7","22.6","1,,,7","0","1,,,7","11.54","1,7","18.86","1,,,7","4.22","1,,,7"
"USC00136766","2011-11","43.08998","-91.55823","355.1","POSTVILLE, IA US","392.5","7","0.0",",7","5",",7","4",",7","0",",7","2",",7","2",",7","0",",7","19",",7","0",",7","0",",7","0",",7","","","20111130",",,7","20111110","+,,7","20111110","+,,7","","","20111103",",,7","20111102",",,7","-8.9",",7,30,","25",",,7,10,+","25",",,7,10,+","19.6",",,7,03,","20.0",",7,02,","764.1","7","434.6",",7","51.1",",,,7","50",",,,7","3.85",",7","9.26",",,,7","-1.57",",,,7"
"USC00136766","2011-12","43.08998","-91.55823","355.1","POSTVILLE, IA US","392.5","7","0.0",",7","9",",7","6",",7","0",",7","1",",7","1",",7","0",",7","30",",7","10",",7","0",",7","0",",7","","","20111210",",,7","20111222",",,7","20111231",",,7","","","20111204",",,7","20111215",",,7","-16.7",",7,10,","25",",,7,22,","25",",,7,31,","22.6",",,7,04,","10.6",",7,15,","1400.4","7","636.3",",7","62.3",",,,7","53",",,,7","-2.19",",7","2.53",",,,7","-6.91",",,,7"
"USC00136766","2012-01","43.08998","-91.55823","355.1","POSTVILLE, IA US","0.0","7","0.0",",7","5",",7","3",",7","0",",7","20",",7","4",",7","7",",7","31",",7","16",",7","0",",7","0",",7","","","20120121",",,7","20120123","+,,7","20120121",",,7","","","20120113",",,7","20120111","+,,7","-23.9",",7,21,","203",",,7,23,+","163",",,7,21,","10.2",",,7,13,","11.7",",7,11,+","2132.7","7","732.3",",7","25.7",",,,7","327",",,,7","-5.29",",7","0.11",",,,7","-10.69",",,,7"
"USC00136766","2012-02","43.08998","-91.55823","355.1","POSTVILLE, IA US","0.0","7","0.0",",7","4",",7","3",",7","0",",7","12",",7","0",",7","2",",7","29",",7","10",",7","0",",7","0",",7","","","20120211",",,7","20120226","+,,7","20120224",",,7","","","20120229",",,7","20120227",",,7","-20.6",",7,11,","25",",,7,26,+","23",",,7,24,","17.8",",,7,29,","8.3",",7,27,","2732.9","7","600.2",",7","25.9",",,,7","54",",,,7","-2.36",",7","2.03",",,,7","-6.76",",,,7"
"USC00136766","2012-03","43.08998","-91.55823","355.1","POSTVILLE, IA US","5.2","7","5.2",",7","7",",7","4",",7","0",",7","0",",7","0",",7","0",",7","10",",7","2",",7","11",",7","0",",7","","","20120304",",,7","20120304","+,,7","20120304","+,,7","","","20120320",",,7","20120318",",,7","-10.6",",7,04,","0",",T,7,04,+","0",",T,7,04,+","19.6",",,7,20,","27.2",",7,18,","3009.5","7","276.6",",7","58.4",",,,7","0",",T,,7","9.58",",7","15.64",",,,7","3.52",",,,7"
"USC00136766","2012-04","43.08998","-91.55823","355.1","POSTVILLE, IA US","5.2","7","0.0",",7","12",",7","4",",7","2",",7","0",",7","0",",7","0",",7","7",",7","0",",7","2",",7","0",",7","","","20120411","+,,7","20120430","+,,7","20120430","+,,7","","","20120420",",,7","20120416",",,7","-5.0",",7,11,+","0",",,7,30,+","0",",,7,30,+","45.2",",,7,20,","23.3",",7,16,","3296.6","7","287.1",",7","101.8",",,,7","0",",,,7","8.76",",7","15.27",",,,7","2.26",",,,7"
"USC00136766","2012-05","43.08998","-91.55823","355.1","POSTVILLE, IA US","47.1","7","41.9",",7","8",",7","8",",7","2",",7","0",",7","0",",7","0",",7","0",",7","0",",7","24",",7","1",",7","","","20120510",",,7","20120531","+,,7","20120531","+,,7","","","20120526",",,7","20120528",",,7","4.4",",7,10,","0",",,7,31,+","0",",,7,31,+","61.0",",,7,26,","32.2",",7,28,","3357.2","7","60.6",",7","160.5",",,,7","0",",,,7","17.73",",7","24.61",",,,7","10.85",",,,7"
"USC00136766","2012-06","43.08998","-91.55823","355.1","POSTVILLE, IA US","161.3","7","114.2",",7","5",",7","4",",7","0",",7","0",",7","0",",7","0",",7","0",",7","0",",7","29",",7","4",",7","","","20120601",",,7","20120630","+,,7","20120630","+,,7","","","20120621",",,7","20120628",",,7","5.6",",7,01,","0",",,7,30,+","0",",,7,30,+","15.0",",,7,21,","35.6",",7,28,","3370.2","7","13.0",",7","36.0",",,,7","0",",,,7","21.71",",7","27.90",",,,7","15.52",",,,7"
"USC00136766","2012-07","43.08998","-91.55823","355.1","POSTVILLE, IA US","387.5","7","226.2",",7","7",",7","4",",7","0",",7","0",",7","0",",7","0",",7","0",",7","0",",7","31",",7","18",",7","","","20120720",",,7","20120731","+,,7","20120731","+,,7","","","20120719",",,7","20120707",",,7","12.8",",7,20,","0",",,7,31,+","0",",,7,31,+","18.0",",,7,19,","37.8",",7,07,","0.0","7","0.0",",7","50.5",",,,7","0",",,,7","25.63",",7","32.42",",,,7","18.84",",,,7"
"USC00136766","2012-08","43.08998","-91.55823","355.1","POSTVILLE, IA US","485.2","7","97.7",",7","9",",7","8",",7","0",",7","0",",7","0",",7","0",",7","0",",7","0",",7","31",",7","6",",7","","","20120821","+,,7","20120831","+,,7","20120831","+,,7","","","20120820",",,7","20120831","+,,7","6.7",",7,21,+","0",",,7,31,+","0",",,7,31,+","24.6",",,7,20,","33.9",",7,31,+","13.7","7","13.7",",7","56.8",",,,7","0",",,,7","21.04",",7","28.57",",,,7","13.51",",,,7"
"USC00136766","2012-09","43.08998","-91.55823","355.1","POSTVILLE, IA US","519.1","7","33.9",",7","8",",7","4",",7","1",",7","0",",7","0",",7","0",",7","1",",7","0",",7","21",",7","1",",7","","","20120923",",,7","20120930","+,,7","20120930","+,,7","","","20120905",",,7","20120905",",,7","-0.6",",7,23,","0",",,7,30,+","0",",,7,30,+","73.9",",,7,05,","33.9",",7,05,","116.1","7","102.4",",7","97.3",",,,7","0",",,,7","16.05",",7","24.08",",,,7","8.02",",,,7"
"USC00136766","2012-10","43.08998","-91.55823","355.1","POSTVILLE, IA US","519.4","7","0.3",",7","7",",7","7",",7","1",",7","0",",7","0",",7","0",",7","15",",7","0",",7","6",",7","0",",7","","","20121029","+,,7","20121031","+,,7","20121031","+,,7","","","20121014",",,7","20121025","+,,7","-5.6",",7,29,+","0",",,7,31,+","0",",,7,31,+","111.5",",,7,14,","24.4",",7,25,+","422.9","7","306.8",",7","160.1",",,,7","0",",,,7","8.44",",7","14.79",",,,7","2.10",",,,7"
"USC00136766","2012-11","43.08998","-91.55823","355.1","POSTVILLE, IA US","519.4","7","0.0",",7","5",",7","2",",7","0",",7","0",",7","0",",7","0",",7","21",",7","3",",7","1",",7","0",",7","","","20121127",",,7","20121106",",,7","20121113","+,,7","","","20121112",",,7","20121111",",,7","-11.7",",7,27,","0",",T,7,06,","0",",T,7,13,+","23.1",",,7,12,","21.7",",7,11,","877.3","7","454.4",",7","32.5",",,,7","0",",T,,7","3.19",",7","9.17",",,,7","-2.80",",,,7"
"USC00136766","2012-12","43.08998","-91.55823","355.1","POSTVILLE, IA US","519.4","7","0.0","2,7","9",",7","5",",7","0",",7","17",",7","1",",7","1","1,7","27","1,7","15","1,7","0","1,7","0","1,7","","","20121225",",1,7","20121231","+,,7","20121220",",,7","","","20121220",",,7","20121204",",1,7","-17.8","1,7,25,","152",",,7,31,+","152",",,7,20,","16.0",",,7,20,","17.8","1,7,04,","1514.0","7","636.7","1,7","44.5",",,,7","225",",,,7","-3.56","2,7","1.40","1,,,7","-8.51","1,,,7"
"USC00136766","2013-01","43.08998","-91.55823","355.1","POSTVILLE, IA US","0.0","7","0.0",",7","8",",7","5",",7","0",",7","18",",7","2",",7","8",",7","31",",7","19",",7","0",",7","0",",7","","","20130122",",,7","20130131","+,,7","20130131",",,7","","","20130128",",,7","20130129","+,,7","-22.2",",7,22,","152",",,7,31,+","81",",,7,31,","8.4",",,7,28,","9.4",",7,29,+","2300.3","7","786.3",",7","32.6",",,,7","196",",,,7","-7.03",",7","-1.10",",,,7","-12.96",",,,7"
"USC00136766","2013-02","43.08998","-91.55823","355.1","POSTVILLE, IA US","0.0","7","0.0",",7","11",",7","5",",7","0",",7","28",",7","6",",7","4",",7","28",",7","16",",7","0",",7","0",",7","","","20130202","+,,7","20130206",",,7","20130227",",,7","","","20130211",",,7","20130211",",,7","-24.4",",7,02,+","229",",,7,06,","122",",,7,27,","11.7",",,7,11,","4.4",",7,11,","3008.0","7","707.7",",7","40.9",",,,7","413",",,,7","-6.94",",7","-1.90",",,,7","-11.98",",,,7"
"USC00136766","2013-03","43.08998","-91.55823","355.1","POSTVILLE, IA US","0.0","7","0.0","1,7","8","1,7","5","1,7","0","1,7","30","1,7","4","1,7","4","1,7","29","1,7","12","1,7","0","1,7","0","1,7","","","20130322","+,1,7","20130306",",1,7","20130305",",1,7","","","20130310",",1,7","20130331",",1,7","-17.8","1,7,22,+","279","1,,7,06,","163","1,,7,05,","21.1","1,,7,10,","13.9","1,7,31,","3672.9","7","664.9","1,7","78.8","1,,,7","341","1,,,7","-3.83","1,7","1.83","1,,,7","-9.49","1,,,7"
"USC00136766","2013-04","43.08998","-91.55823","355.1","POSTVILLE, IA US","0.0","7","0.0",",7","13",",7","11",",7","3",",7","0",",7","0",",7","0",",7","20",",7","1",",7","3",",7","0",",7","","","20130404","+,,7","20130414","+,,7","20130421","+,,7","1","","20130418",",,7","20130430","+,,7","-6.7",",7,04,+","0",",T,7,14,+","0",",T,7,21,+","33.8",",,7,18,","22.8",",7,30,+","4077.9","7","405.0",",7","143.5",",,,7","0",",T,,7","4.83",",7","9.95",",,,7","-0.28",",,,7"
"USC00136766","2013-05","43.08998","-91.55823","355.1","POSTVILLE, IA US","17.6","7","17.6","1,7","17","1,7","15","1,7","3","1,7","0",",7","0","1,7","0","1,7","3","1,7","0","1,7","15","1,7","1","1,7","","","20130513","+,1,7","20130502",",,7","20130502",",1,7","","","20130520",",1,7","20130515",",1,7","-0.6","1,7,13,+","0",",T,7,02,","0","1,T,7,02,","34.3","1,,7,20,","33.9","1,7,15,","4209.0","7","131.1","1,7","241.6","1,,,7","0","1,T,,7","14.55","1,7","20.86","1,,,7","8.24","1,,,7"
"USC00136766","2013-06","43.08998","-91.55823","355.1","POSTVILLE, IA US","84.6","7","67.0",",7","15",",7","13",",7","4",",7","0",",7","0",",7","0",",7","0",",7","0",",7","25",",7","0",",7","","","20130603",",,7","20130630","+,,7","20130630","+,,7","","","20130622",",,7","20130621",",,7","5.0",",7,03,","0",",,7,30,+","0",",,7,30,+","56.6",",,7,22,","30.6",",7,21,","4239.0","7","30.0",",7","201.1",",,,7","0",",,,7","19.57",",7","24.80",",,,7","14.33",",,,7"
"USC00136766","2013-07","43.08998","-91.55823","355.1","POSTVILLE, IA US","206.9","7","122.3",",7","5",",7","3",",7","0",",7","0",",7","0",",7","0",",7","0",",7","0",",7","30",",7","5",",7","","","20130729",",,7","20130731","+,,7","20130731","+,,7","","","20130708",",,7","20130719","+,,7","8.3",",7,29,","0",",,7,31,+","0",",,7,31,+","20.1",",,7,08,","33.9",",7,19,+","10.3","7","10.3",",7","42.2",",,,7","0",",,,7","21.95",",7","27.90",",,,7","15.99",",,,7"
"USC00136766","2013-08","43.08998","-91.55823","355.1","POSTVILLE, IA US","297.4","7","90.5",",7","8",",7","5",",7","1",",7","0",",7","0",",7","0",",7","0",",7","0",",7","31",",7","3",",7","","","20130815","+,,7","20130831","+,,7","20130831","+,,7","","","20130812",",,7","20130831",",,7","8.3",",7,15,+","0",",,7,31,+","0",",,7,31,+","27.7",",,7,12,","33.9",",7,31,","16.5","7","6.2",",7","88.2",",,,7","0",",,,7","21.05",",7","27.60",",,,7","14.50",",,,7"
"USC00136766","2013-09","43.08998","-91.55823","355.1","POSTVILLE, IA US","343.7","7","46.3",",7","6",",7","6",",7","0",",7","0",",7","0",",7","0",",7","0",",7","0",",7","23",",7","2",",7","","","20130923",",,7","20130930","+,,7","20130930","+,,7","","","20130911",",,7","20130910",",,7","4.4",",7,23,","0",",,7,30,+","0",",,7,30,+","12.4",",,7,11,","35.0",",7,10,","90.9","7","74.4",",7","48.1",",,,7","0",",,,7","17.40",",7","24.74",",,,7","10.05",",,,7"
"USC00136766","2013-10","43.08998","-91.55823","355.1","POSTVILLE, IA US","345.0","7","1.3",",7","8",",7","5",",7","2",",7","0",",7","0",",7","0",",7","9",",7","0",",7","9",",7","0",",7","","","20131022",",,7","20131031","+,,7","20131031","+,,7","","","20131004",",,7","20131002",",,7","-4.4",",7,22,","0",",,7,31,+","0",",,7,31,+","36.8",",,7,04,","26.1",",7,02,","361.2","7","270.3",",7","84.8",",,,7","0",",,,7","9.66",",7","15.75",",,,7","3.56",",,,7"
"USC00136766","2013-11","43.08998","-91.55823","355.1","POSTVILLE, IA US","345.0","7","0.0",",7","7",",7","3",",7","1",",7","9",",7","0",",7","0",",7","27",",7","8",",7","0",",7","0",",7","","","20131125","+,,7","20131130","+,,7","20131122",",,7","","","20131106",",,7","20131117",",,7","-15.6",",7,25,+","25",",,7,30,+","18",",,7,22,","47.2",",,7,06,","15.6",",7,17,","916.4","7","555.2",",7","65.5",",,,7","44",",,,7","-0.17",",7","5.45",",,,7","-5.79",",,,7"
"USC00136766","2013-12","43.08998","-91.55823","355.1","POSTVILLE, IA US","345.0","7","0.0",",7","8",",7","4",",7","0",",7","23",",7","5",",7","10",",7","30",",7","23",",7","0",",7","0",",7","2","","20131223",",,7","20131231","+,,7","20131222",",,7","","","20131222",",,7","20131205",",,7","-27.8",",7,23,","152",",,7,31,+","97",",,7,22,","4.1",",,7,22,","6.7",",7,05,","1766.0","7","849.6",",7","19.1",",,,7","407",",,,7","-9.07",",7","-3.47",",,,7","-14.67",",,,7"
"USC00136766","2014-01","43.08998","-91.55823","355.1","POSTVILLE, IA US","","","","","9",",7","4",",7","0",",7","31",",7","7",",7","21","2,7","29","2,7","","","","","","","","","20140127",",2,7","20140128","+,,7","20140126",",,7","","","20140126",",,7","","","-31.7","2,7,27,","381",",,7,28,+","97",",,7,26,","6.4",",,7,26,","","","","","","","27.9",",,,7","460",",,,7","","","","","-19.80","2,,,7"
"USC00136766","2014-02","43.08998","-91.55823","355.1","POSTVILLE, IA US","","","0.0","1,7","7",",7","3",",7","1",",7","28",",7","4",",7","19",",7","28",",7","24","1,7","0","1,7","0","1,7","","","20140210",",,7","20140218",",,7","20140218",",,7","","","20140221",",,7","20140219",",1,7","-28.3",",7,10,","508",",,7,18,","160",",,7,18,","31.0",",,7,21,","6.7","1,7,19,","","","859.1","1,7","44.4",",,,7","405",",,,7","-13.51","1,7","-7.50","1,,,7","-19.51",",,,7"
"USC00136766","2014-03","43.08998","-91.55823","355.1","POSTVILLE, IA US","","","0.0","1,7","6",",7","4",",7","0",",7","26",",7","3",",7","4",",7","30",",7","11","1,7","0","1,7","0","1,7","1","","20140303",",,7","20140305",",,7","20140305",",,7","","","20140328",",,7","20140331",",1,7","-26.7",",7,03,","508",",,7,05,","173",",,7,05,","23.9",",,7,28,","15.6","1,7,31,","","","656.6","1,7","47.0",",,,7","295",",,,7","-3.84","1,7","1.86","1,,,7","-9.54",",,,7"
"USC00136766","2014-04","43.08998","-91.55823","355.1","POSTVILLE, IA US","","","0.0",",7","12",",7","10",",7","2",",7","1",",7","0",",7","0",",7","15",",7","0",",7","1",",7","0",",7","2","","20140415","+,,7","20140414",",,7","20140414",",,7","","","20140414",",,7","20140420",",,7","-5.6",",7,15,+","25",",,7,14,","23",",,7,14,","38.4",",,7,14,","22.2",",7,20,","","","365.0",",7","157.1",",,,7","23",",,,7","6.17",",7","12.20",",,,7","0.13",",,,7"
"USC00136766","2014-05","43.08998","-91.55823","355.1","POSTVILLE, IA US","","","23.6",",7","8",",7","5",",7","1",",7","0",",7","0",",7","0",",7","0",",7","0",",7","16",",7","0",",7","","","20140516",",,7","20140531","+,,7","20140520",",,7","1","","20140513",",,7","20140531",",,7","0.6",",7,16,","0",",,7,31,+","0",",T,7,20,","27.7",",,7,13,","31.1",",7,31,","","","150.0",",7","70.6",",,,7","0",",T,,7","14.26",",7","20.49",",,,7","8.03",",,,7"
"USC00136766","2014-06","43.08998","-91.55823","355.1","POSTVILLE, IA US","","","89.5","1,7","13","1,7","12","1,7","3","1,7","0",",7","0",",7","0","1,7","0","1,7","0","1,7","29","1,7","0","1,7","","","20140613",",1,7","20140630","+,,7","20140630","+,,7","2","","20140619",",1,7","20140602","+,1,7","7.8","1,7,13,","0",",,7,30,+","0",",,7,30,+","94.5","1,,7,19,","30.6","1,7,02,+","","","3.4","1,7","263.6","1,,,7","0",",,,7","21.30","1,7","26.91","1,,,7","15.69","1,,,7"
"USC00136766","2014-07","43.08998","-91.55823","355.1","POSTVILLE, IA US","","","68.1","1,7","8",",7","5",",7","0",",7","0",",7","0",",7","0",",7","0",",7","0","1,7","29","1,7","1","1,7","","","20140717","+,,7","20140731","+,,7","20140731","+,,7","","","20140701",",,7","20140723",",1,7","9.4",",7,17,+","0",",,7,31,+","0",",,7,31,+","13.0",",,7,01,","32.2","1,7,23,","11.7","7","11.7","1,7","35.3",",,,7","0",",,,7","20.19","1,7","25.98","1,,,7","14.40",",,,7"
"USC00136766","2014-08","43.08998","-91.55823","355.1","POSTVILLE, IA US","","","100.3",",7","9",",7","7",",7","2",",7","0",",7","0",",7","0",",7","0",",7","0",",7","31",",7","0",",7","","","20140814",",,7","20140831","+,,7","20140831","+,,7","","","20140830",",,7","20140825","+,,7","11.7",",7,14,","0",",,7,31,+","0",",,7,31,+","32.0",",,7,30,","31.7",",7,25,+","11.7","7","0.0",",7","109.0",",,,7","0",",,,7","21.57",",7","27.55",",,,7","15.59",",,,7"
"USC00136766","2014-09","43.08998","-91.55823","355.1","POSTVILLE, IA US","","","23.1",",7","10",",7","9",",7","0",",7","0",",7","0",",7","0",",7","1",",7","0",",7","22",",7","0",",7","","","20140913",",,7","20140930","+,,7","20140930","+,,7","1","","20140901",",,7","20140905",",,7","0.0",",7,13,","0",",,7,30,+","0",",,7,30,+","20.3",",,7,01,","30.6",",7,05,","109.6","7","97.9",",7","83.4",",,,7","0",",,,7","15.84",",7","22.48",",,,7","9.20",",,,7"
"USC00136766","2014-10","43.08998","-91.55823","355.1","POSTVILLE, IA US","","","0.0","1,7","7",",7","6",",7","1",",7","0",",7","0",",7","0","1,7","9","1,7","0",",7","1",",7","0",",7","1","","20141031",",1,7","20141031","+,,7","20141031","+,,7","","","20141014",",,7","20141028",",,7","-3.3","1,7,31,","0",",,7,31,+","0",",,7,31,+","53.8",",,7,14,","22.2",",7,28,","394.7","7","285.1",",7","92.7",",,,7","0",",,,7","8.90","1,7","15.17",",,,7","2.63","1,,,7"
"USC00136766","2014-11","43.08998","-91.55823","355.1","POSTVILLE, IA US","","","0.0",",7","4",",7","3",",7","0",",7","13",",7","2",",7","1",",7","24",",7","15",",7","0",",7","0",",7","","","20141121",",,7","20141121","+,,7","20141116",",,7","","","20141124",",,7","20141104",",,7","-17.8",",7,21,","51",",,7,21,+","43",",,7,16,","6.9",",,7,24,","15.6",",7,04,","1022.7","7","628.0",",7","14.8",",,,7","81",",,,7","-2.60",",7","2.83",",,,7","-8.03",",,,7"
"USC00136766","2014-12","43.08998","-91.55823","355.1","POSTVILLE, IA US","","","","","","","","","","","","","","","","","","","","","","","","","4","","","","","","","","","","","","","","","","","","","","","","","","","","","","","","","","","","","","",""
"USC00136766","2015-01","43.08998","-91.55823","355.1","POSTVILLE, IA US","","","","","4","2,7","1","2,7","0","2,7","15","2,7","3","2,7","8","2,7","29","2,7","","","","","","","","","20150105",",2,7","20150115","+,2,7","20150106",",2,7","","","20150106",",2,7","","","-25.6","2,7,05,","76","2,,7,15,+","71","2,,7,06,","3.8","2,,7,06,","","","","","","","8.4","2,,,7","144","2,,,7","","","","","-12.22","2,,,7"
"USC00136766","2015-02","43.08998","-91.55823","355.1","POSTVILLE, IA US","","","","","5",",7","5",",7","0",",7","28",",7","4",",7","","","","","","","","","","","","","","","20150205","+,,7","20150201",",,7","","","20150201",",,7","","","","","229",",,7,05,+","137",",,7,01,","16.5",",,7,01,","","","","","","","33.5",",,,7","350",",,,7","","","","","",""
"USC00136766","2015-03","43.08998","-91.55823","355.1","POSTVILLE, IA US","","","0.0",",7","2",",7","2",",7","1",",7","15",",7","1",",7","3",",7","27",",7","7",",7","1",",7","0",",7","","","20150305",",,7","20150323",",,7","20150323",",,7","","","20150323",",,7","20150317",",,7","-26.1",",7,05,","229",",,7,23,","224",",,7,23,","27.7",",,7,23,","24.4",",7,17,","","","580.0",",7","36.3",",,,7","234",",,,7","-0.38",",7","5.88",",,,7","-6.63",",,,7"
"USC00136766","2015-04","43.08998","-91.55823","355.1","POSTVILLE, IA US","","","0.0","1,7","9",",7","7",",7","1",",7","0",",7","0",",7","0","1,7","13","1,7","0","1,7","5","1,7","0","1,7","","","20150423","+,1,7","20150430","+,,7","20150430","+,,7","","","20150410",",,7","20150418",",1,7","-3.3","1,7,23,+","0",",,7,30,+","0",",,7,30,+","25.9",",,7,10,","25.6","1,7,18,","","","281.3","1,7","93.3",",,,7","0",",,,7","8.63","1,7","15.66","1,,,7","1.61","1,,,7"
"USC00136766","2015-05","43.08998","-91.55823","355.1","POSTVILLE, IA US","","","14.8",",7","17",",7","12",",7","0",",7","0",",7","0",",7","0",",7","0",",7","0",",7","15",",7","0",",7","","","20150513",",,7","20150531","+,,7","20150531","+,,7","","","20150525",",,7","20150504",",,7","1.7",",7,13,","0",",,7,31,+","0",",,7,31,+","16.8",",,7,25,","27.8",",7,04,","","","117.4",",7","109.0",",,,7","0",",,,7","15.02",",7","20.43",",,,7","9.62",",,,7"
"USC00136766","2015-06","43.08998","-91.55823","355.1","POSTVILLE, IA US","","","50.8","2,7","14",",7","8",",7","2",",7","0",",7","0",",7","0",",7","0",",7","0","2,7","24","2,7","1","2,7","","","20150601",",,7","20150630","+,,7","20150630","+,,7","1","","20150623",",,7","20150610",",2,7","5.0",",7,01,","0",",,7,30,+","0",",,7,30,+","40.6",",,7,23,","34.4","2,7,10,","","","18.6","2,7","145.9",",,,7","0",",,,7","19.49","2,7","24.91","2,,,7","14.06",",,,7"
"USC00136766","2015-07","43.08998","-91.55823","355.1","POSTVILLE, IA US","","","94.1",",7","6",",7","5",",7","0",",7","0",",7","0",",7","0",",7","0",",7","0",",7","29",",7","2",",7","","","20150708","+,,7","20150731","+,,7","20150731","+,,7","","","20150729",",,7","20150718","+,,7","8.9",",7,08,+","0",",,7,31,+","0",",,7,31,+","20.1",",,7,29,","32.8",",7,18,+","11.4","7","11.4",",7","44.2",",,,7","0",",,,7","21.00",",7","26.91",",,,7","15.09",",,,7"
"USC00136766","2015-08","43.08998","-91.55823","355.1","POSTVILLE, IA US","","","66.4","1,7","5",",7","5",",7","1",",7","0",",7","0",",7","0","1,7","0","1,7","0","1,7","26","1,7","2","1,7","","","20150827","+,1,7","20150831","+,,7","20150831","+,,7","","","20150829",",,7","20150815","+,1,7","7.2","1,7,27,+","0",",,7,31,+","0",",,7,31,+","53.3",",,7,29,","32.2","1,7,15,+","32.8","7","21.4","1,7","82.3",",,,7","0",",,,7","19.83","1,7","25.90","1,,,7","13.76","1,,,7"
"USC00136766","2015-09","43.08998","-91.55823","355.1","POSTVILLE, IA US","","","62.3","2,7","7",",7","6",",7","0",",7","0",",7","0",",7","0",",7","0",",7","0","2,7","25","2,7","0","2,7","","","20150930",",,7","20150930","+,,7","20150930","+,,7","","","20150907",",,7","20150907","+,2,7","2.8",",7,30,","0",",,7,30,+","0",",,7,30,+","25.1",",,7,07,","31.7","2,7,07,+","73.0","7","40.2","2,7","79.2",",,,7","0",",,,7","19.21","2,7","25.60","2,,,7","12.82",",,,7"
"USC00136766","2015-10","43.08998","-91.55823","355.1","POSTVILLE, IA US","","","2.0",",7","4",",7","3",",7","1",",7","0",",7","0",",7","0",",7","3",",7","0",",7","6",",7","0",",7","","","20151017",",,7","20151031","+,,7","20151031","+,,7","","","20151028",",,7","20151012",",,7","-4.4",",7,17,","0",",,7,31,+","0",",,7,31,+","36.6",",,7,28,","27.8",",7,12,","319.2","7","246.2",",7","54.4",",,,7","0",",,,7","10.45",",7","16.92",",,,7","3.99",",,,7"
"USC00136766","2015-11","43.08998","-91.55823","355.1","POSTVILLE, IA US","","","0.0",",7","9",",7","8",",7","1",",7","5",",7","1",",7","0",",7","17",",7","3",",7","3",",7","0",",7","","","20151122",",,7","20151122","+,,7","20151121",",,7","","","20151127",",,7","20151103",",,7","-16.7",",7,22,","254",",,7,22,+","254",",,7,21,","30.7",",,7,27,","22.8",",7,03,","732.2","7","413.0",",7","95.9",",,,7","254",",,,7","4.57",",7","9.44",",,,7","-0.30",",,,7"
"USC00136766","2015-12","43.08998","-91.55823","355.1","POSTVILLE, IA US","","","0.0","2,7","9",",7","5",",7","3",",7","4",",7","1",",7","0","2,7","27","2,7","6","2,7","0","2,7","0","2,7","","","20151219",",2,7","20151231","+,,7","20151229",",,7","","","20151214",",,7","20151214",",2,7","-13.9","2,7,19,","254",",,7,31,+","241",",,7,29,","62.5",",,7,14,","12.8","2,7,14,","1263.2","7","531.0","2,7","167.6",",,,7","284",",,,7","0.02","2,7","3.75","2,,,7","-3.70","2,,,7"
"USC00136766","2016-01","43.08998","-91.55823","355.1","POSTVILLE, IA US","","","","","3",",7","2",",7","0",",7","31",",7","1",",7","","","","","20","3,7","0","3,7","0","3,7","1","","","","20160103","+,,7","20160125",",,7","","","20160108",",,7","20160130",",3,7","","","254",",,7,03,+","33",",,7,25,","9.7",",,7,08,","6.7","3,7,30,","","","","","13.0",",,,7","61",",,,7","","","-3.14","3,,,7","",""
"USC00136766","2016-02","43.08998","-91.55823","355.1","POSTVILLE, IA US","","","0.0","1,7","2",",7","1",",7","0",",7","20","3,7","2",",7","6","1,7","27","1,7","13",",7","0",",7","0",",7","","","20160213",",1,7","20160202",",3,7","20160202",",,7","","","20160202",",,7","20160227",",,7","-24.4","1,7,13,","330","3,,7,02,","259",",,7,02,","23.4",",,7,02,","15.6",",7,27,","","","647.6",",7","25.7",",,,7","299",",,,7","-4.85","1,7","-0.22",",,,7","-9.48","1,,,7"
"USC00136766","2016-03","43.08998","-91.55823","355.1","POSTVILLE, IA US","","","0.0","1,7","6",",7","6",",7","0",",7","8",",7","2",",7","1","1,7","19","1,7","2",",7","1",",7","0",",7","","","20160302",",1,7","20160302","+,,7","20160301",",,7","","","20160324",",,7","20160309",",,7","-18.3","1,7,02,","127",",,7,02,+","117",",,7,01,","22.9",",,7,24,","21.1",",7,09,","","","453.1",",7","81.0",",,,7","142",",,,7","3.26","1,7","9.01",",,,7","-2.50","1,,,7"
"USC00136766","2016-04","43.08998","-91.55823","355.1","POSTVILLE, IA US","","","0.3",",7","7",",7","4",",7","0",",7","0",",7","0",",7","0",",7","12",",7","0",",7","8",",7","0",",7","","","20160409",",,7","20160402",",,7","20160409","+,,7","","","20160428",",,7","20160419","+,,7","-8.9",",7,09,","0",",T,7,02,","0",",T,7,09,+","10.7",",,7,28,","26.1",",7,19,+","","","312.3",",7","28.9",",,,7","0",",T,,7","7.93",",7","14.24",",,,7","1.63",",,,7"
"USC00136766","2016-05","43.08998","-91.55823","355.1","POSTVILLE, IA US","","","26.4","3,7","15","1,7","12","1,7","1","1,7","0",",7","0",",7","0","3,7","0","3,7","0","1,7","16","1,7","0","1,7","","","20160515","+,3,7","20160531","+,,7","20160531","+,,7","","","20160526",",1,7","20160507",",1,7","0.6","3,7,15,+","0",",,7,31,+","0",",,7,31,+","33.3","1,,7,26,","31.1","1,7,07,","","","124.6","1,7","145.6","1,,,7","0",",,,7","14.80","3,7","20.86","1,,,7","8.73","3,,,7"
"USC00136766","2016-06","43.08998","-91.55823","355.1","POSTVILLE, IA US","","","78.7","2,7","13",",7","9",",7","2",",7","0",",7","0",",7","0",",7","0",",7","0","2,7","27","2,7","2","2,7","","","20160602",",,7","20160630","+,,7","20160630","+,,7","","","20160615",",,7","20160611",",2,7","5.6",",7,02,","0",",,7,30,+","0",",,7,30,+","80.0",",,7,15,","33.9","2,7,11,","","","12.0","2,7","190.0",",,,7","0",",,,7","20.78","2,7","27.06","2,,,7","14.50",",,,7"
"USC00136766","2016-07","43.08998","-91.55823","355.1","POSTVILLE, IA US","","","113.2","1,7","10","1,7","8","1,7","3","1,7","0",",7","0",",7","0","1,7","0","1,7","0","1,7","30","1,7","2","1,7","","","20160703",",1,7","20160731","+,,7","20160731","+,,7","","","20160724",",1,7","20160722",",1,7","8.9","1,7,03,","0",",,7,31,+","0",",,7,31,+","74.4","1,,7,24,","33.9","1,7,22,","2.5","7","2.5","1,7","190.0","1,,,7","0",",,,7","22.02","1,7","27.59","1,,,7","16.45","1,,,7"
"USC00136766","2016-08","43.08998","-91.55823","355.1","POSTVILLE, IA US","","","101.7",",7","11",",7","8",",7","3",",7","0",",7","0",",7","0",",7","0",",7","0",",7","31",",7","0",",7","","","20160821",",,7","20160831","+,,7","20160831","+,,7","1","","20160824",",,7","20160804",",,7","12.2",",7,21,","0",",,7,31,+","0",",,7,31,+","59.9",",,7,24,","31.1",",7,04,","5.8","7","3.3",",7","214.5",",,,7","0",",,,7","21.51",",7","26.94",",,,7","16.07",",,,7"
"USC00136766","2016-09","43.08998","-91.55823","355.1","POSTVILLE, IA US","","","28.7",",7","13",",7","11",",7","3",",7","0",",7","0",",7","0",",7","0",",7","0",",7","24",",7","0",",7","","","20160927",",,7","20160930","+,,7","20160930","+,,7","","","20160922",",,7","20160907","+,,7","7.2",",7,27,","0",",,7,30,+","0",",,7,30,+","88.4",",,7,22,","30.6",",7,07,+","42.9","7","37.1",",7","273.9",",,,7","0",",,,7","18.05",",7","23.73",",,,7","12.37",",,,7"
"USC00136766","2016-10","43.08998","-91.55823","355.1","POSTVILLE, IA US","","","0.0","2,7","7",",7","3",",7","1",",7","0",",7","0",",7","0","1,7","4","1,7","0","2,7","8","2,7","0","2,7","","","20161021","+,1,7","20161031","+,,7","20161031","+,,7","","","20161026",",,7","20161012","+,2,7","-1.7","1,7,21,+","0",",,7,31,+","0",",,7,31,+","55.9",",,7,26,","23.9","2,7,12,+","244.2","7","201.3","2,7","66.8",",,,7","0",",,,7","11.36","2,7","17.45","2,,,7","5.27","1,,,7"
"USC00136766","2016-11","43.08998","-91.55823","355.1","POSTVILLE, IA US","","","0.0","3,7","4","1,7","2","1,7","1","1,7","0","1,7","0","4,7","0","2,7","14","2,7","0","2,7","3","2,7","0","2,7","","","20161121",",2,7","20161130","+,1,7","20161130","+,4,7","","","20161128",",1,7","20161102",",2,7","-7.8","2,7,21,","0","1,,7,30,+","0","4,,7,30,+","25.4","1,,7,28,","22.8","2,7,02,","561.9","7","317.7","2,7","46.0","1,,,7","0","4,,,7","6.66","3,7","12.58","2,,,7","0.73","2,,,7"
"USC00136766","2016-12","43.08998","-91.55823","355.1","POSTVILLE, IA US","","","0.0","4,7","9",",7","6",",7","0",",7","28",",7","5",",7","7","4,7","27","4,7","20",",7","0",",7","0",",7","","","20161218",",4,7","20161224","+,,7","20161211",",,7","","","20161226",",,7","20161226","+,,7","-30.0","4,7,18,","229",",,7,24,+","117",",,7,11,","21.6",",,7,26,","5.6",",7,26,+","1272.1","7","710.2",",7","56.4",",,,7","461",",,,7","-7.60","4,7","-3.05",",,,7","-12.14","4,,,7"
"USC00136766","2017-01","43.08998","-91.55823","355.1","POSTVILLE, IA US","0.0","7","0.0","2,7","6","1,7","6","1,7","0","1,7","30","1,7","2","1,7","7","2,7","28","2,7","16","1,7","0","1,7","0","1,7","","","20170107","+,2,7","20170129","+,1,7","20170125",",1,7","","","20170117",",1,7","20170122",",1,7","-25.6","2,7,07,+","229","1,,7,29,+","173","1,,7,25,","15.2","1,,7,17,","4.4","1,7,22,","2004.0","7","731.9","1,7","55.7","1,,,7","217","1,,,7","-6.84","2,7","-3.12","1,,,7","-10.56","2,,,7"
"USC00136766","2017-02","43.08998","-91.55823","355.1","POSTVILLE, IA US","0.0","7","0.0","1,7","3","1,7","3","1,7","0","1,7","16","1,7","0","1,7","0","1,7","23","1,7","9","1,7","0","1,7","0","1,7","","","20170204","+,1,7","20170201",",1,7","20170225",",1,7","","","20170224",",1,7","20170223",",1,7","-16.1","1,7,04,+","203","1,,7,01,","23","1,,7,25,","16.3","1,,7,24,","18.9","1,7,23,","2528.0","7","524.0","1,7","37.1","1,,,7","33","1,,,7","-1.07","1,7","4.16","1,,,7","-6.31","1,,,7"
"USC00136766","2017-03","43.08998","-91.55823","355.1","POSTVILLE, IA US","0.0","7","0.0","3,7","8","1,7","7","1,7","0","1,7","5",",7","1","1,7","1","2,7","20","2,7","9","1,7","0","1,7","0","1,7","","","20170314",",2,7","20170313",",,7","20170313",",1,7","1","","20170301",",1,7","20170307",",1,7","-18.3","2,7,14,","102",",,7,13,","97","1,,7,13,","22.9","1,,7,01,","17.8","1,7,07,","3032.7","7","504.7","1,7","88.2","1,,,7","97","1,,,7","0.31","3,7","5.60","1,,,7","-4.98","2,,,7"
"USC00136766","2017-04","43.08998","-91.55823","355.1","POSTVILLE, IA US","0.0","7","0.0","2,7","9",",7","8",",7","2",",7","0",",7","0",",7","0","2,7","6","2,7","0","1,7","6","1,7","0","1,7","","","20170428","+,2,7","20170430","+,,7","20170430","+,,7","","","20170420",",,7","20170410",",1,7","-2.2","2,7,28,+","0",",,7,30,+","0",",,7,30,+","33.0",",,7,20,","24.4","1,7,10,","3287.4","7","254.7","1,7","114.3",",,,7","0",",,,7","9.39","2,7","14.88","1,,,7","3.90","2,,,7"
"USC00136766","2017-05","43.08998","-91.55823","355.1","POSTVILLE, IA US","7.6","7","7.6","1,7","12",",7","10",",7","1",",7","0",",7","0",",7","0","1,7","1","1,7","0",",7","14",",7","0",",7","","","20170503",",1,7","20170531","+,,7","20170531","+,,7","1","","20170516",",,7","20170517",",,7","0.0","1,7,03,","0",",,7,31,+","0",",,7,31,+","26.2",",,7,16,","29.4",",7,17,","3441.0","7","153.6",",7","120.7",",,,7","0",",,,7","13.30","1,7","19.17",",,,7","7.43","1,,,7"
"USC00136766","2017-06","43.08998","-91.55823","355.1","POSTVILLE, IA US","96.8","7","89.2",",7","11",",7","9",",7","3",",7","0",",7","0",",7","0",",7","0",",7","0",",7","28",",7","6",",7","","","20170601",",,7","20170630","+,,7","20170630","+,,7","","","20170629",",,7","20170611",",,7","7.2",",7,01,","0",",,7,30,+","0",",,7,30,+","35.8",",,7,29,","33.9",",7,11,","3455.8","7","14.8",",7","149.8",",,,7","0",",,,7","20.81",",7","27.28",",,,7","14.34",",,,7"
"USC00136766","2017-07","43.08998","-91.55823","355.1","POSTVILLE, IA US","209.0","7","112.2",",7","6",",7","5",",7","1",",7","0",",7","0",",7","0",",7","0",",7","0",",7","31",",7","1",",7","","","20170716",",,7","20170731","+,,7","20170731","+,,7","1","","20170722",",,7","20170707",",,7","11.7",",7,16,","0",",,7,31,+","0",",,7,31,+","61.0",",,7,22,","32.2",",7,07,","0.0","7","0.0",",7","103.2",",,,7","0",",,,7","21.95",",7","27.80",",,,7","16.11",",,,7"
"USC00136766","2017-08","43.08998","-91.55823","355.1","POSTVILLE, IA US","243.9","7","34.9",",7","8",",7","5",",7","0",",7","0",",7","0",",7","0",",7","0",",7","0",",7","31",",7","0",",7","","","20170812",",,7","20170831","+,,7","20170831","+,,7","","","20170815",",,7","20170803",",,7","8.9",",7,12,","0",",,7,31,+","0",",,7,31,+","22.1",",,7,15,","29.4",",7,03,","13.2","7","13.2",",7","52.9",",,,7","0",",,,7","19.03",",7","25.05",",,,7","13.01",",,,7"
"USC00136766","2017-09","43.08998","-91.55823","355.1","POSTVILLE, IA US","302.8","7","58.9","1,7","6",",7","3",",7","0",",7","0",",7","0",",7","0",",7","0",",7","0","1,7","24","1,7","3","1,7","1","","20170930","+,,7","20170930","+,,7","20170930","+,,7","","","20170926",",,7","20170924","+,1,7","5.0",",7,30,+","0",",,7,30,+","0",",,7,30,+","13.7",",,7,26,","33.3","1,7,24,+","69.9","7","56.7","1,7","25.6",",,,7","0",",,,7","18.38","1,7","25.61","1,,,7","11.15",",,,7"
"USC00136766","2017-10","43.08998","-91.55823","355.1","POSTVILLE, IA US","305.3","7","2.5","1,7","9","1,7","7","1,7","3","1,7","0",",7","0",",7","0","1,7","5","1,7","0",",7","10",",7","0",",7","","","20171029",",1,7","20171031","+,,7","20171031","+,,7","","","20171007",",1,7","20171003",",,7","-4.4","1,7,29,","0",",,7,31,+","0",",,7,31,+","64.5","1,,7,07,","26.7",",7,03,","285.9","7","216.0",",7","166.5","1,,,7","0",",,,7","11.17","1,7","16.60",",,,7","5.74","1,,,7"
"USC00136766","2017-11","43.08998","-91.55823","355.1","POSTVILLE, IA US","305.3","7","0.0","2,7","3",",7","1",",7","0",",7","0",",7","0",",7","0","2,7","25","2,7","4",",7","0",",7","0",",7","2","","20171110",",2,7","20171130","+,,7","20171130","+,,7","","","20171118",",,7","20171125",",,7","-12.2","2,7,10,","0",",,7,30,+","0",",,7,30,+","5.1",",,7,18,","17.2",",7,25,","779.1","7","493.2",",7","7.9",",,,7","0",",,,7","0.85","2,7","6.11",",,,7","-4.42","2,,,7"
"USC00136766","2017-12","43.08998","-91.55823","355.1","POSTVILLE, IA US","305.3","7","0.0",",7","4","1,7","0","1,7","0","1,7","3",",7","1",",7","7",",7","31",",7","19",",7","0",",7","0",",7","","","20171228","+,,7","20171231","+,,7","20171229",",,7","","","20171204",",1,7","20171205",",,7","-25.6",",7,28,+","76",",,7,31,+","43",",,7,29,","1.8","1,,7,04,","16.1",",7,05,","1537.6","7","758.5",",7","5.6","1,,,7","102",",,,7","-6.13",",7","-1.23",",,,7","-11.04",",,,7"
"USC00136766","2018-01","43.08998","-91.55823","355.1","POSTVILLE, IA US","0.0","7","0.0","1,7","3","1,7","3","1,7","0","1,7","16","1,7","1","1,7","14","1,7","30","1,7","18","1,7","0","1,7","0","1,7","","","20180102","+,1,7","20180118","+,1,7","20180115",",1,7","","","20180122",",1,7","20180127","+,1,7","-28.9","1,7,02,+","102","1,,7,18,+","112","1,,7,15,","20.3","1,,7,22,","10.0","1,7,27,+","2364.5","7","826.9","1,7","35.8","1,,,7","112","1,,,7","-9.23","1,7","-3.83","1,,,7","-14.63","1,,,7"
"USC00136766","2018-02","43.08998","-91.55823","355.1","POSTVILLE, IA US","0.0","7","0.0","2,7","6","1,7","6","1,7","0","1,7","17","1,7","3","1,7","10","1,7","27","1,7","18","2,7","0","2,7","0","2,7","2","","20180207",",1,7","20180213","+,1,7","20180209",",1,7","","","20180220",",1,7","20180228",",2,7","-24.4","1,7,07,","203","1,,7,13,+","150","1,,7,09,","10.7","1,,7,20,","13.3","2,7,28,","3058.4","7","693.9","2,7","43.2","1,,,7","306","1,,,7","-8.33","2,7","-2.75","2,,,7","-13.91","1,,,7"
"USC00136766","2018-03","43.08998","-91.55823","355.1","POSTVILLE, IA US","0.0","7","0.0","2,7","3","2,7","2","2,7","0","2,7","9","2,7","1","2,7","0","2,7","29","2,7","3","2,7","0","2,7","0","2,7","","","20180308",",2,7","20180306",",2,7","20180306",",2,7","","","20180306",",2,7","20180319","+,2,7","-14.4","2,7,08,","127","2,,7,06,","119","2,,7,06,","15.2","2,,7,06,","11.7","2,7,19,+","3577.1","7","518.7","2,7","24.8","2,,,7","119","2,,,7","0.45","2,7","5.98","2,,,7","-5.09","2,,,7"
"USC00136766","2018-04","43.08998","-91.55823","355.1","POSTVILLE, IA US","0.0","7","0.0","1,7","6","1,7","4","1,7","2","1,7","11","1,7","4","1,7","0",",7","20",",7","4","1,7","1","1,7","0","1,7","","","20180407","+,,7","20180419",",1,7","20180419",",1,7","","","20180414",",1,7","20180424",",1,7","-12.2",",7,07,+","152","1,,7,19,","140","1,,7,19,","34.3","1,,7,14,","21.1","1,7,24,","4041.3","7","464.2","1,7","75.9","1,,,7","356","1,,,7","2.23","1,7","8.47","1,,,7","-4.01",",,,7"
"USC00136766","2018-05","43.08998","-91.55823","355.1","POSTVILLE, IA US","58.4","7","58.4",",7","14",",7","14",",7","2",",7","0",",7","0",",7","0",",7","0",",7","0",",7","22",",7","4",",7","","","20180512",",,7","20180531","+,,7","20180531","+,,7","","","20180504",",,7","20180529","+,,7","2.8",",7,12,","0",",,7,31,+","0",",,7,31,+","41.4",",,7,04,","33.9",",7,29,+","4102.3","7","61.0",",7","227.8",",,,7","0",",,,7","18.25",",7","24.22",",,,7","12.27",",,,7"
"USC00136766","2018-06","43.08998","-91.55823","355.1","POSTVILLE, IA US","164.6","7","106.2",",7","12",",7","10",",7","4",",7","0",",7","0",",7","0",",7","0",",7","0",",7","28",",7","5",",7","","","20180603",",,7","20180630","+,,7","20180630","+,,7","","","20180610",",,7","20180630",",,7","12.2",",7,03,","0",",,7,30,+","0",",,7,30,+","51.6",",,7,10,","33.9",",7,30,","4108.1","7","5.8",",7","188.8",",,,7","0",",,,7","21.68",",7","26.65",",,,7","16.71",",,,7"
"USC00136766","2018-07","43.08998","-91.55823","355.1","POSTVILLE, IA US","285.7","7","121.1",",7","5",",7","4",",7","1",",7","0",",7","0",",7","0",",7","0",",7","0",",7","31",",7","4",",7","","","20180728","+,,7","20180731","+,,7","20180731","+,,7","","","20180720",",,7","20180705",",,7","11.7",",7,28,+","0",",,7,31,+","0",",,7,31,+","45.5",",,7,20,","32.8",",7,05,","2.5","7","2.5",",7","95.5",",,,7","0",",,,7","22.16",",7","28.57",",,,7","15.75",",,,7"
"USC00136766","2018-08","43.08998","-91.55823","355.1","POSTVILLE, IA US","388.0","7","102.3","1,7","11",",7","8",",7","2",",7","0",",7","0",",7","0","1,7","0","1,7","0","1,7","29","1,7","0","1,7","","","20180830",",1,7","20180831","+,,7","20180831","+,,7","","","20180829",",,7","20180801",",1,7","9.4","1,7,30,","0",",,7,31,+","0",",,7,31,+","48.3",",,7,29,","31.7","1,7,01,","10.9","7","8.4","1,7","150.7",",,,7","0",",,,7","21.46","1,7","27.55","1,,,7","15.37","1,,,7"
"USC00136766","2018-09","43.08998","-91.55823","355.1","POSTVILLE, IA US","439.9","7","51.9",",7","13",",7","11",",7","5",",7","0",",7","0",",7","0",",7","2",",7","0",",7","21",",7","3",",7","","","20180930","+,,7","20180930","+,,7","20180930","+,,7","","","20180920",",,7","20180918",",,7","0.0",",7,30,+","0",",,7,30,+","0",",,7,30,+","67.8",",,7,20,","33.9",",7,18,","90.1","7","79.2",",7","311.0",",,,7","0",",,,7","17.43",",7","23.64",",,,7","11.21",",,,7"
"USC00136766","2018-10","43.08998","-91.55823","355.1","POSTVILLE, IA US","441.9","7","2.0",",7","11","1,7","8","1,7","2","1,7","0",",7","0",",7","0",",7","13",",7","0",",7","4",",7","0",",7","","","20181021",",,7","20181015",",,7","20181015",",,7","","","20181002",",1,7","20181004",",,7","-5.0",",7,21,","0",",T,7,15,","0",",T,7,15,","28.7","1,,7,02,","28.3",",7,04,","408.8","7","318.7",",7","110.6","1,,,7","0",",T,,7","8.12",",7","13.94",",,,7","2.30",",,,7"
"USC00136766","2018-11","43.08998","-91.55823","355.1","POSTVILLE, IA US","441.9","7","0.0",",7","5","1,7","5","1,7","1","1,7","","","0","3,7","0",",7","26",",7","16",",7","0",",7","0",",7","","","20181119",",,7","","","20181130","+,3,7","","","20181104",",1,7","20181101",",,7","-16.7",",7,19,","","","0","3,,7,30,+","27.4","1,,7,04,","15.0",",7,01,","1027.2","7","618.4",",7","63.5","1,,,7","0","3,,,7","-2.28",",7","1.99",",,,7","-6.56",",,,7"
"USC00136766","2018-12","43.08998","-91.55823","355.1","POSTVILLE, IA US","441.9","7","0.0",",7","3","1,7","2","1,7","0","1,7","8",",7","1",",7","0",",7","31",",7","16",",7","0",",7","0",",7","2","","20181207",",,7","20181202",",,7","20181202",",,7","","","20181228",",1,7","20181228","+,,7","-16.7",",7,07,","51",",,7,02,","38",",,7,02,","15.5","1,,7,28,","8.3",",7,28,+","1680.1","7","652.9",",7","29.0","1,,,7","38",",,,7","-2.73",",7","0.90",",,,7","-6.36",",,,7"
"USC00136766","2019-01","43.08998","-91.55823","355.1","POSTVILLE, IA US","0.0","7","0.0",",7","4","1,7","4","1,7","0","1,7","19",",7","5",",7","10",",7","31",",7","24",",7","0",",7","0",",7","","","20190131","+,,7","20190129","+,,7","20190119",",,7","","","20190128",",1,7","20190106",",,7","-33.3",",7,31,+","432",",,7,29,+","259",",,7,19,","13.7","1,,7,28,","9.4",",7,06,","2542.8","7","862.7",",7","43.1","1,,,7","605",",,,7","-9.50",",7","-4.76",",,,7","-14.23",",,,7"
"USC00136766","2019-02","43.08998","-91.55823","355.1","POSTVILLE, IA US","0.0","7","0.0","2,7","11",",7","9",",7","0",",7","25",",7","8","1,7","14","1,7","26","1,7","19","1,7","0","1,7","0","1,7","","","20190201",",1,7","20190221",",,7","20190212",",1,7","","","20190224",",,7","20190204",",1,7","-33.3","1,7,01,","457",",,7,21,","196","1,,7,12,","18.5",",,7,24,","7.2","1,7,04,","3289.5","7","746.7","1,7","74.4",",,,7","739","1,,,7","-10.12","2,7","-3.79","1,,,7","-16.46","1,,,7"
"USC00136766","2019-03","43.08998","-91.55823","355.1","POSTVILLE, IA US","0.0","7","0.0",",7","3",",7","2",",7","0",",7","23",",7","1",",7","5",",7","30",",7","11",",7","0",",7","0",",7","","","20190305",",,7","20190310",",,7","20190310",",,7","","","20190310",",,7","20190328",",,7","-25.0",",7,05,","432",",,7,10,","102",",,7,10,","22.9",",,7,10,","17.8",",7,28,","3932.5","7","643.0",",7","34.9",",,,7","102",",,,7","-2.41",",7","2.65",",,,7","-7.47",",,,7"
"USC00136766","2019-04","43.08998","-91.55823","355.1","POSTVILLE, IA US","1.9","7","1.9","3,7","10","1,7","9","1,7","0","1,7","1",",7","1",",7","0","2,7","10","2,7","0","2,7","6","2,7","0","2,7","","","20190401",",2,7","20190428",",,7","20190428",",,7","","","20190428",",1,7","20190422",",2,7","-6.7","2,7,01,","25",",,7,28,","36",",,7,28,","24.1","1,,7,28,","28.3","2,7,22,","4202.4","7","269.9","2,7","92.7","1,,,7","36",",,,7","8.39","3,7","14.79","2,,,7","1.99","2,,,7"
"USC00136766","2019-05","43.08998","-91.55823","355.1","POSTVILLE, IA US","8.3","7","6.4","2,7","11",",7","10",",7","2",",7","0",",7","0",",7","0",",7","0",",7","0","2,7","10","2,7","0","2,7","","","20190510",",,7","20190531","+,,7","20190531","+,,7","","","20190519",",,7","20190517",",2,7","1.7",",7,10,","0",",,7,31,+","0",",,7,31,+","50.8",",,7,19,","30.6","2,7,17,","4359.3","7","156.9","2,7","190.8",",,,7","0",",,,7","13.09","2,7","18.71","2,,,7","7.47",",,,7"
"USC00136766","2019-06","43.08998","-91.55823","355.1","POSTVILLE, IA US","72.0","7","63.7",",7","10",",7","10",",7","2",",7","0",",7","0",",7","0",",7","0",",7","0",",7","27",",7","1",",7","","","20190613",",,7","20190630","+,,7","20190630","+,,7","","","20190628",",,7","20190630",",,7","7.2",",7,13,","0",",,7,30,+","0",",,7,30,+","52.6",",,7,28,","32.2",",7,30,","4373.8","7","14.5",",7","167.4",",,,7","0",",,,7","19.97",",7","25.80",",,,7","14.15",",,,7"
"USC00136766","2019-07","43.08998","-91.55823","355.1","POSTVILLE, IA US","232.1","7","160.1","4,7","7",",7","7",",7","3",",7","0",",7","0",",7","0","2,7","0","2,7","0","3,7","28","3,7","2","3,7","","","20190731",",2,7","20190731","+,,7","20190731","+,,7","","","20190729",",,7","20190720",",3,7","11.1","2,7,31,","0",",,7,31,+","0",",,7,31,+","31.8",",,7,29,","33.9","3,7,20,","0.0","7","0.0","3,7","117.4",",,,7","0",",,,7","24.12","4,7","30.15","3,,,7","18.09","2,,,7"
"USC00136766","2019-08","43.08998","-91.55823","355.1","POSTVILLE, IA US","296.5","7","64.4",",7","6",",7","5",",7","0",",7","0",",7","0",",7","0",",7","0",",7","0",",7","31",",7","0",",7","","","20190830",",,7","20190831","+,,7","20190831","+,,7","","","20190806",",,7","20190804",",,7","9.4",",7,30,","0",",,7,31,+","0",",,7,31,+","24.9",",,7,06,","31.1",",7,04,","4.5","7","4.5",",7","68.6",",,,7","0",",,,7","20.27",",7","26.58",",,,7","13.95",",,,7"
"USC00136766","2019-09","43.08998","-91.55823","355.1","POSTVILLE, IA US","334.6","7","38.1","2,7","13",",7","11",",7","3",",7","0",",7","0",",7","0",",7","0",",7","0","2,7","24","2,7","0","2,7","","","20190927","+,,7","20190930","+,,7","20190930","+,,7","","","20190919",",,7","20190921",",2,7","8.9",",7,27,+","0",",,7,30,+","0",",,7,30,+","56.4",",,7,19,","29.4","2,7,21,","37.1","7","32.6","2,7","219.1",",,,7","0",",,,7","18.61","2,7","24.09","2,,,7","13.13",",,,7"
"USC00136766","2019-10","43.08998","-91.55823","355.1","POSTVILLE, IA US","341.3","7","6.7","2,7","11",",7","10",",7","1",",7","0",",7","0",",7","0","2,7","12","2,7","0","1,7","3","1,7","0","1,7","","","20191030","+,2,7","20191031","+,,7","20191029",",,7","","","20191002",",,7","20191001",",1,7","-5.0","2,7,30,+","0",",T,7,31,+","10",",,7,29,","51.3",",,7,02,","30.6","1,7,01,","350.9","7","313.8","1,7","150.8",",,,7","18",",,,7","7.84","2,7","13.19","1,,,7","2.49","2,,,7"
"USC00136766","2019-11","43.08998","-91.55823","355.1","POSTVILLE, IA US","341.3","7","0.0",",7","9",",7","7",",7","0",",7","7",",7","3",",7","1",",7","29",",7","8",",7","0",",7","0",",7","1","","20191112",",,7","20191115","+,,7","20191114",",,7","","","20191121",",,7","20191121",",,7","-17.8",",7,12,","51",",,7,15,+","46",",,7,14,","21.6",",,7,21,","11.1",",7,21,","941.4","7","590.5",",7","62.8",",,,7","117",",,,7","-1.35",",7","2.75",",,,7","-5.45",",,,7"
"USC00136766","2019-12","43.08998","-91.55823","355.1","POSTVILLE, IA US","341.3","7","0.0","2,7","4",",7","2",",7","1",",7","1",",7","0",",7","5","2,7","29","2,7","9","1,7","0","1,7","0","1,7","2","","20191219","+,2,7","20191231",",,7","20191231",",,7","","","20191229",",,7","20191226",",1,7","-17.8","2,7,19,+","25",",,7,31,","18",",,7,31,","34.0",",,7,29,","12.2","1,7,26,","1538.2","7","596.8","1,7","48.5",",,,7","23",",,,7","-2.25","2,7","2.76","1,,,7","-7.25","2,,,7"
"USC00136766","2020-01","43.08998","-91.55823","355.1","POSTVILLE, IA US","0.0","7","0.0",",7","6",",7","6",",7","0",",7","22",",7","5",",7","6",",7","31",",7","23",",7","0",",7","0",",7","","","20200117","+,,7","20200124","+,,7","20200113",",,7","","","20200118",",,7","20200110",",,7","-22.8",",7,17,+","254",",,7,24,+","86",",,7,13,","11.9",",,7,18,","8.3",",7,10,","2288.2","7","750.0",",7","35.9",",,,7","375",",,,7","-5.86",",7","-1.50",",,,7","-10.22",",,,7"
"USC00136766","2020-02","43.08998","-91.55823","355.1","POSTVILLE, IA US","0.0","7","0.0",",7","4",",7","3",",7","0",",7","29",",7","3",",7","8",",7","29",",7","15",",7","0",",7","0",",7","","","20200215","+,,7","20200218",",,7","20200218",",,7","","","20200218",",,7","20200224",",,7","-27.8",",7,15,+","229",",,7,18,","71",",,7,18,","10.4",",,7,18,","6.7",",7,24,","3019.1","7","730.9",",7","23.1",",,,7","186",",,,7","-6.87",",7","-0.99",",,,7","-12.74",",,,7"
"USC00136766","2020-03","43.08998","-91.55823","355.1","POSTVILLE, IA US","0.0","7","0.0","3,7","9","2,7","8","2,7","1","2,7","4","1,7","0","2,7","0","2,7","20","2,7","0","3,7","0","3,7","0","3,7","","","20200301",",2,7","20200301",",1,7","20200318","+,2,7","","","20200320",",2,7","20200309",",3,7","-13.9","2,7,01,","76","1,,7,01,","0","2,T,7,18,+","37.3","2,,7,20,","18.3","3,7,09,","3453.3","7","434.2","3,7","87.1","2,,,7","0","2,T,,7","2.76","3,7","7.30","3,,,7","-1.79","2,,,7"
"USC00136766","2020-04","43.08998","-91.55823","355.1","POSTVILLE, IA US","0.0","7","0.0","1,7","5","1,7","4","1,7","0","1,7","0",",7","0",",7","0","1,7","15","1,7","0","1,7","4","1,7","0","1,7","","","20200415",",1,7","20200413","+,,7","20200415","+,,7","","","20200413",",1,7","20200428",",1,7","-8.3","1,7,15,","0",",T,7,13,+","0",",T,7,15,+","24.1","1,,7,13,","24.4","1,7,28,","3781.1","7","327.8","1,7","63.3","1,,,7","0",",T,,7","7.03","1,7","13.64","1,,,7","0.42","1,,,7"
"USC00136766","2020-05","43.08998","-91.55823","355.1","POSTVILLE, IA US","17.0","7","17.0","2,7","12",",7","9",",7","1",",7","0",",7","0",",7","0",",7","2",",7","0","2,7","13","2,7","0","2,7","","","20200512","+,,7","20200531","+,,7","20200531","+,,7","","","20200528",",,7","20200528","+,2,7","-2.2",",7,12,+","0",",,7,31,+","0",",,7,31,+","59.7",",,7,28,","28.9","2,7,28,+","3925.8","7","144.7","2,7","148.1",",,,7","0",",,,7","13.84","2,7","19.81","2,,,7","7.87",",,,7"
"USC00136766","2020-06","43.08998","-91.55823","355.1","POSTVILLE, IA US","117.6","7","100.6",",7","14",",7","13",",7","3",",7","0",",7","0",",7","0",",7","0",",7","0",",7","27",",7","4",",7","","","20200614","+,,7","20200630","+,,7","20200630","+,,7","","","20200610",",,7","20200603",",,7","9.4",",7,14,+","0",",,7,30,+","0",",,7,30,+","56.1",",,7,10,","34.4",",7,03,","3936.5","7","10.7",",7","188.9",",,,7","0",",,,7","21.33",",7","27.33",",,,7","15.33",",,,7"
"USC00136766","2020-07","43.08998","-91.55823","355.1","POSTVILLE, IA US","279.3","7","161.7","1,7","5",",7","5",",7","0",",7","0",",7","0",",7","0","1,7","0","1,7","0","1,7","30","1,7","5","1,7","","","20200723",",1,7","20200731","+,,7","20200731","+,,7","","","20200710",",,7","20200709","+,1,7","11.1","1,7,23,","0",",,7,31,+","0",",,7,31,+","22.1",",,7,10,","32.8","1,7,09,+","0.6","7","0.6","1,7","85.9",",,,7","0",",,,7","23.70","1,7","29.69","1,,,7","17.72","1,,,7"
"USC00136766","2020-08","43.08998","-91.55823","355.1","POSTVILLE, IA US","382.2","7","102.9","3,7","3","1,7","2","1,7","0","1,7","0",",7","0",",7","0",",7","0",",7","0","3,7","28","3,7","5","3,7","","","20200804",",,7","20200831","+,,7","20200831","+,,7","","","20200811",",1,7","20200828","+,3,7","7.8",",7,04,","0",",,7,31,+","0",",,7,31,+","13.2","1,,7,11,","33.9","3,7,28,+","5.0","7","4.4","3,7","25.9","1,,,7","0",",,,7","21.81","3,7","28.44","3,,,7","15.18",",,,7"
"USC00136766","2020-09","43.08998","-91.55823","355.1","POSTVILLE, IA US","397.0","7","14.8",",7","9",",7","9",",7","3",",7","0",",7","0",",7","0",",7","0",",7","0",",7","18",",7","0",",7","","","20200929","+,,7","20200930","+,,7","20200930","+,,7","","","20200906",",,7","20200907",",,7","5.0",",7,29,+","0",",,7,30,+","0",",,7,30,+","50.8",",,7,06,","28.9",",7,07,","104.1","7","99.1",",7","173.2",",,,7","0",",,,7","15.52",",7","21.40",",,,7","9.64",",,,7"
"USC00136766","2020-10","43.08998","-91.55823","355.1","POSTVILLE, IA US","398.4","7","1.4","1,7","4",",7","3",",7","1",",7","0",",7","0",",7","0",",7","17",",7","0","1,7","4","1,7","0","1,7","","","20201027",",,7","20201031","+,,7","20201025","+,,7","","","20201023",",,7","20201010",",1,7","-5.6",",7,27,","0",",,7,31,+","0",",T,7,25,+","65.3",",,7,23,","28.3","1,7,10,","443.7","7","339.6","1,7","82.5",",,,7","0",",T,,7","7.16","1,7","13.17","1,,,7","1.15",",,,7"
"USC00136766","2020-11","43.08998","-91.55823","355.1","POSTVILLE, IA US","398.4","7","0.0","1,7","5","1,7","5","1,7","1","1,7","1",",7","0",",7","0","1,7","21","1,7","0","1,7","7","1,7","0","1,7","","","20201113",",1,7","20201124",",,7","20201124",",,7","","","20201110",",1,7","20201109","+,1,7","-8.3","1,7,13,","25",",,7,24,","18",",,7,24,","34.3","1,,7,10,","23.3","1,7,09,+","833.5","7","389.8","1,7","56.2","1,,,7","18",",,,7","4.89","1,7","10.78","1,,,7","-1.00","1,,,7"
"USC00136766","2020-12","43.08998","-91.55823","355.1","POSTVILLE, IA US","398.4","7","0.0","1,7","3",",7","1",",7","0",",7","4",",7","2",",7","2","1,7","30","1,7","15","1,7","0","1,7","0","1,7","","","20201226","+,1,7","20201231","+,,7","20201230",",,7","","","20201230",",,7","20201210",",1,7","-19.4","1,7,26,+","127",",,7,31,+","97",",,7,30,","11.7",",,7,30,","12.2","1,7,10,","1495.1","7","661.6","1,7","15.2",",,,7","140",",,,7","-3.72","1,7","1.40","1,,,7","-8.84","1,,,7"
"USC00136766","2021-01","43.08998","-91.55823","355.1","POSTVILLE, IA US","0.0","7","0.0","4,7","4",",7","3",",7","0",",7","30","1,7","4",",7","5","3,7","28","3,7","19","3,7","0","3,7","0","3,7","","","20210123",",3,7","20210131",",1,7","20210115",",,7","","","20210115",",,7","20210114",",3,7","-20.0","3,7,23,","229","1,,7,31,","142",",,7,15,","13.5",",,7,15,","4.4","3,7,14,","2154.8","7","659.7","3,7","26.5",",,,7","317",",,,7","-6.01","4,7","-1.39","3,,,7","-10.63","3,,,7"
"USC00136766","2021-02","43.08998","-91.55823","355.1","POSTVILLE, IA US","0.0","7","0.0","5,7","4",",7","2",",7","0",",7","28",",7","2","1,7","15","2,7","26","2,7","16","5,7","0","5,7","0","5,7","","","20210207",",2,7","20210223","+,,7","20210205",",1,7","","","20210205",",,7","20210228",",5,7","-31.7","2,7,07,","279",",,7,23,+","114","1,,7,05,","7.1",",,7,05,","7.8","5,7,28,","2839.4","7","684.6","5,7","13.5",",,,7","168","1,,,7","-11.79","5,7","-5.86","5,,,7","-17.71","2,,,7"
"USC00136766","2021-03","43.08998","-91.55823","355.1","POSTVILLE, IA US","0.0","7","0.0","2,7","7",",7","5",",7","0",",7","10",",7","1",",7","0",",7","21",",7","2","2,7","1","2,7","0","2,7","","","20210301",",,7","20210316",",,7","20210316",",,7","","","20210316",",,7","20210330",",2,7","-9.4",",7,01,","152",",,7,16,","165",",,7,16,","24.6",",,7,16,","21.1","2,7,30,","3249.7","7","410.3","2,7","60.6",",,,7","165",",,,7","4.25","2,7","9.69","2,,,7","-1.19",",,,7"
"USC00136766","2021-04","43.08998","-91.55823","355.1","POSTVILLE, IA US","2.0","7","2.0",",7","4",",7","2",",7","0",",7","0",",7","0",",7","0",",7","12",",7","0",",7","8",",7","0",",7","","","20210401",",,7","20210430","+,,7","20210430","+,,7","","","20210411",",,7","20210428","+,,7","-8.9",",7,01,","0",",,7,30,+","0",",,7,30,+","8.9",",,7,11,","26.7",",7,28,+","3539.4","7","289.7",",7","15.7",",,,7","0",",,,7","8.74",",7","15.34",",,,7","2.15",",,,7"
"USC00136766","2021-05","43.08998","-91.55823","355.1","POSTVILLE, IA US","42.8","7","40.8",",7","11",",7","7",",7","0",",7","0",",7","0",",7","0",",7","4",",7","0",",7","12",",7","2",",7","","","20210511",",,7","20210531","+,,7","20210531","+,,7","","","20210528",",,7","20210502",",,7","-2.8",",7,11,","0",",,7,31,+","0",",,7,31,+","19.1",",,7,28,","33.3",",7,02,","3682.1","7","142.7",",7","59.2",",,,7","0",",,,7","15.05",",7","21.32",",,,7","8.77",",,,7"
"USC00136766","2021-06","43.08998","-91.55823","355.1","POSTVILLE, IA US","202.7","7","159.9","1,7","5",",7","5",",7","4",",7","0",",7","0",",7","0",",7","0",",7","0","1,7","28","1,7","12","1,7","","","20210622",",,7","20210630","+,,7","20210630","+,,7","","","20210626",",,7","20210606",",1,7","8.3",",7,22,","0",",,7,30,+","0",",,7,30,+","61.2",",,7,26,","38.3","1,7,06,","3686.3","7","4.2","1,7","174.7",",,,7","0",",,,7","23.67","1,7","30.52","1,,,7","16.83",",,,7"
"USC00136766","2021-07","43.08998","-91.55823","355.1","POSTVILLE, IA US","322.1","7","119.4","4,7","7",",7","5",",7","0",",7","0",",7","0",",7","0","2,7","0","2,7","0","4,7","27","4,7","4","4,7","","","20210712",",2,7","20210731","+,,7","20210731","+,,7","","","20210707",",,7","20210705",",4,7","12.2","2,7,12,","0",",,7,31,+","0",",,7,31,+","15.7",",,7,07,","35.0","4,7,05,","0.8","7","0.8","4,7","48.3",",,,7","0",",,,7","22.60","4,7","28.42","4,,,7","16.77","2,,,7"
"USC00136766","2021-08","43.08998","-91.55823","355.1","POSTVILLE, IA US","428.7","7","106.6","1,7","9",",7","7",",7","3",",7","0",",7","0",",7","0","1,7","0","1,7","0","1,7","30","1,7","0","1,7","","","20210822","+,1,7","20210831","+,,7","20210831","+,,7","","","20210828",",,7","20210812",",1,7","10.0","1,7,22,+","0",",,7,31,+","0",",,7,31,+","95.5",",,7,28,","31.7","1,7,12,","1.3","7","0.5","1,7","228.8",",,,7","0",",,,7","21.87","1,7","28.39","1,,,7","15.35","1,,,7"
"USC00136766","2021-09","43.08998","-91.55823","355.1","POSTVILLE, IA US","451.7","7","23.0",",7","6",",7","6",",7","0",",7","0",",7","0",",7","0",",7","0",",7","0",",7","29",",7","0",",7","","","20210925","+,,7","20210930","+,,7","20210930","+,,7","","","20210921",",,7","20210920","+,,7","5.6",",7,25,+","0",",,7,30,+","0",",,7,30,+","22.4",",,7,21,","30.6",",7,20,+","33.3","7","32.0",",7","69.8",",,,7","0",",,,7","18.04",",7","25.09",",,,7","10.98",",,,7"
"USC00136766","2021-10","43.08998","-91.55823","355.1","POSTVILLE, IA US","464.8","7","13.1",",7","8",",7","8",",7","1",",7","0",",7","0",",7","0",",7","4",",7","0",",7","13",",7","0",",7","","","20211023",",,7","20211031","+,,7","20211031","+,,7","","","20211008",",,7","20211001",",,7","-3.9",",7,23,","0",",,7,31,+","0",",,7,31,+","42.7",",,7,08,","29.4",",7,01,","214.3","7","181.0",",7","106.3",",,,7","0",",,,7","12.92",",7","18.39",",,,7","7.45",",,,7"
"USC00136766","2021-11","43.08998","-91.55823","355.1","POSTVILLE, IA US","464.8","7","0.0",",7","3",",7","1",",7","1",",7","0",",7","0",",7","0",",7","24",",7","1",",7","0",",7","0",",7","","","20211126",",,7","20211115","+,,7","20211115","+,,7","","","20211111",",,7","20211108",",,7","-12.2",",7,26,","0",",T,7,15,+","0",",T,7,15,+","52.6",",,7,11,","18.9",",7,08,","687.8","7","473.5",",7","54.7",",,,7","0",",T,,7","2.55",",7","8.04",",,,7","-2.95",",,,7"
"USC00136766","2021-12","43.08998","-91.55823","355.1","POSTVILLE, IA US","464.8","7","0.0",",7","6",",7","4",",7","0",",7","6",",7","2",",7","2",",7","30",",7","13",",7","0",",7","0",",7","","","20211229",",,7","20211231","+,,7","20211229",",,7","1","","20211229",",,7","20211216",",,7","-22.2",",7,29,","76",",,7,31,+","76",",,7,29,","12.7",",,7,29,","20.0",",7,16,","1316.7","7","628.9",",7","37.6",",,,7","127",",,,7","-1.95",",7","3.42",",,,7","-7.32",",,,7"
"USC00136766","2022-01","43.08998","-91.55823","355.1","POSTVILLE, IA US","0.0","7","0.0",",7","3",",7","3",",7","0",",7","31",",7","3",",7","19",",7","31",",7","26",",7","0",",7","0",",7","","","20220126",",,7","20220131","+,,7","20220123",",,7","","","20220115",",,7","20220113",",,7","-28.9",",7,26,","152",",,7,31,+","86",",,7,23,","9.7",",,7,15,","6.1",",7,13,","2258.8","7","942.1",",7","21.2",",,,7","205",",,,7","-12.06",",7","-5.36",",,,7","-18.76",",,,7"
"USC00136766","2022-02","43.08998","-91.55823","355.1","POSTVILLE, IA US","0.0","7","0.0","3,7","2",",7","0",",7","0",",7","25",",7","1",",7","12","1,7","27","1,7","13","3,7","0","3,7","0","3,7","","","20220205",",1,7","20220206","+,,7","20220225",",,7","","","20220225",",,7","20220221",",3,7","-23.3","1,7,05,","127",",,7,06,+","30",",,7,25,","2.0",",,7,25,","8.9","3,7,21,","2930.8","7","672.0","3,7","2.3",",,,7","35",",,,7","-8.47","3,7","-2.18","3,,,7","-14.76","1,,,7"
"USC00136766","2022-03","43.08998","-91.55823","355.1","POSTVILLE, IA US","0.0","7","0.0",",7","10",",7","7",",7","1",",7","8",",7","1",",7","1",",7","27",",7","5",",7","1",",7","0",",7","","","20220312",",,7","20220307",",,7","20220307",",,7","","","20220323",",,7","20220322",",,7","-17.8",",7,12,","76",",,7,07,","74",",,7,07,","32.5",",,7,23,","22.2",",7,22,","3459.4","7","528.6",",7","115.0",",,,7","97",",,,7","1.28",",7","6.74",",,,7","-4.18",",,,7"
"USC00136766","2022-04","43.08998","-91.55823","355.1","POSTVILLE, IA US","0.0","7","0.0",",7","11","1,7","8","1,7","0","1,7","0","1,7","0",",7","0",",7","18",",7","0",",7","1",",7","0",",7","","","20220417","+,,7","20220408",",1,7","20220408","+,,7","","","20220423",",1,7","20220424",",,7","-6.1",",7,17,+","0","1,T,7,08,","0",",T,7,08,+","22.1","1,,7,23,","23.9",",7,24,","3860.6","7","401.2",",7","66.5","1,,,7","0",",T,,7","4.96",",7","10.24",",,,7","-0.32",",,,7"
"USC00136766","2022-05","43.08998","-91.55823","355.1","POSTVILLE, IA US","46.7","7","46.7",",7","10","1,7","9","1,7","1","1,7","0",",7","0",",7","0",",7","2",",7","0",",7","17",",7","2",",7","","","20220523","+,,7","20220531","+,,7","20220531","+,,7","","","20220509",",1,7","20220512",",,7","0.0",",7,23,+","0",",,7,31,+","0",",,7,31,+","40.9","1,,7,09,","33.9",",7,12,","3977.8","7","117.2",",7","141.4","1,,,7","0",",,,7","16.06",",7","22.42",",,,7","9.70",",,,7"
"USC00136766","2022-06","43.08998","-91.55823","355.1","POSTVILLE, IA US","135.4","7","88.7","1,7","12",",7","11",",7","0",",7","0",",7","0",",7","0","1,7","0","1,7","0","1,7","27","1,7","5","1,7","","","20220602",",1,7","20220630","+,,7","20220630","+,,7","","","20220629",",,7","20220615",",1,7","7.8","1,7,02,","0",",,7,30,+","0",",,7,30,+","22.4",",,7,29,","36.1","1,7,15,","3991.6","7","13.8","1,7","95.7",",,,7","0",",,,7","20.92","1,7","27.49","1,,,7","14.34","1,,,7"
"USC00136766","2022-07","43.08998","-91.55823","355.1","POSTVILLE, IA US","265.1","7","129.7","1,7","6","3,7","6","3,7","3","3,7","0",",7","0",",7","0","1,7","0","1,7","0","1,7","30","1,7","1","1,7","","","20220730","+,1,7","20220731","+,,7","20220731","+,,7","","","20220706",",3,7","20220706",",1,7","12.8","1,7,30,+","0",",,7,31,+","0",",,7,31,+","90.2","3,,7,06,","33.3","1,7,06,","0.0","7","0.0","1,7","253.3","3,,,7","0",",,,7","22.66","1,7","28.59","1,,,7","16.72","1,,,7"
"USC00136766","2022-08","43.08998","-91.55823","355.1","POSTVILLE, IA US","348.1","7","83.0",",7","8",",7","6",",7","1",",7","0",",7","0",",7","0",",7","0",",7","0",",7","30",",7","1",",7","","","20220828",",,7","20220831","+,,7","20220831","+,,7","","","20220807",",,7","20220804",",,7","9.4",",7,28,","0",",,7,31,+","0",",,7,31,+","55.6",",,7,07,","32.2",",7,04,","3.9","7","3.9",",7","124.7",",,,7","0",",,,7","20.89",",7","27.21",",,,7","14.56",",,,7"
"USC00136766","2022-09","43.08998","-91.55823","355.1","POSTVILLE, IA US","399.3","7","51.2",",7","3",",7","3",",7","0",",7","0",",7","0",",7","0",",7","1",",7","0",",7","24",",7","1",",7","","","20220928",",,7","20220930","+,,7","20220930","+,,7","","","20220911",",,7","20220921",",,7","-1.1",",7,28,","0",",,7,30,+","0",",,7,30,+","15.7",",,7,11,","32.8",",7,21,","72.2","7","68.3",",7","21.5",",,,7","0",",,,7","17.76",",7","24.41",",,,7","11.11",",,,7"
"USC00136766","2022-10","43.08998","-91.55823","355.1","POSTVILLE, IA US","401.2","7","1.9",",7","2","1,7","2","1,7","1","1,7","0",",7","0",",7","0",",7","13",",7","0",",7","11",",7","0",",7","","","20221019",",,7","20221031","+,,7","20221031","+,,7","","","20221025",",1,7","20221023",",,7","-6.1",",7,19,","0",",,7,31,+","0",",,7,31,+","29.0","1,,7,25,","27.2",",7,23,","338.1","7","265.9",",7","35.1","1,,,7","0",",,,7","9.82",",7","17.36",",,,7","2.27",",,,7"
"USC00136766","2022-11","43.08998","-91.55823","355.1","POSTVILLE, IA US","401.2","7","0.0",",7","4",",7","3",",7","1",",7","0",",7","1",",7","0",",7","21",",7","5",",7","4",",7","0",",7","","","20221120",",,7","20221130","+,,7","20221116",",,7","","","20221105",",,7","20221103",",,7","-13.3",",7,20,","0",",T,7,30,+","25",",,7,16,","41.4",",,7,05,","23.9",",7,03,","811.0","7","472.9",",7","62.7",",,,7","25",",,,7","2.57",",7","8.12",",,,7","-2.98",",,,7"
"USC00136766","2022-12","43.08998","-91.55823","355.1","POSTVILLE, IA US","401.2","7","0.0",",7","7",",7","5",",7","0",",7","23",",7","4",",7","8",",7","31",",7","18",",7","0",",7","0",",7","","","20221225",",,7","20221228","+,,7","20221209",",,7","","","20221209",",,7","20221203",",,7","-26.1",",7,25,","102",",,7,28,+","107",",,7,09,","18.8",",,7,09,","7.8",",7,03,","1609.9","7","798.9",",7","53.5",",,,7","323",",,,7","-7.44",",7","-3.15",",,,7","-11.72",",,,7"
"USC00136766","2023-01","43.08998","-91.55823","355.1","POSTVILLE, IA US","0.0","7","0.0",",7","11",",7","6",",7","0",",7","16",",7","4",",7","4",",7","31",",7","16",",7","0",",7","0",",7","","","20230129",",,7","20230130","+,,7","20230129",",,7","","","20230119",",,7","20230112",",,7","-27.2",",7,29,","254",",,7,30,+","152",",,7,29,","11.2",",,7,19,","5.6",",7,12,","2348.5","7","738.6",",7","53.6",",,,7","381",",,,7","-5.49",",7","-1.27",",,,7","-9.71",",,,7"
"USC00136766","2023-02","43.08998","-91.55823","355.1","POSTVILLE, IA US","0.0","7","0.0","1,7","4",",7","3",",7","1",",7","14",",7","1",",7","3","1,7","27","1,7","11",",7","0",",7","0",",7","","","20230201",",1,7","20230204","+,,7","20230223",",,7","","","20230227",",,7","20230214",",,7","-26.1","1,7,01,","229",",,7,04,+","30",",,7,23,","31.5",",,7,27,","7.8",",7,14,","2964.8","7","616.3",",7","62.3",",,,7","38",",,,7","-4.60","1,7","0.81",",,,7","-10.02","1,,,7"
"USC00136766","2023-03","43.08998","-91.55823","355.1","POSTVILLE, IA US","0.0","7","0.0",",7","6",",7","6",",7","0",",7","6",",7","3",",7","0",",7","31",",7","2",",7","0",",7","0",",7","","","20230318","+,,7","20230323",",,7","20230323",",,7","","","20230323",",,7","20230322",",,7","-14.4",",7,18,+","102",",,7,23,","109",",,7,23,","9.7",",,7,23,","11.7",",7,22,","3525.3","7","560.5",",7","42.2",",,,7","190",",,,7","0.25",",7","5.78",",,,7","-5.28",",,,7"
"USC00136766","2023-04","43.08998","-91.55823","355.1","POSTVILLE, IA US","6.1","7","6.1",",7","9",",7","7",",7","0",",7","1",",7","1",",7","0",",7","15",",7","0",",7","6",",7","0",",7","","","20230407","+,,7","20230417",",,7","20230417",",,7","","","20230405",",,7","20230413",",,7","-5.0",",7,07,+","102",",,7,17,","102",",,7,17,","16.8",",,7,05,","31.1",",7,13,","3817.1","7","291.8",",7","59.3",",,,7","102",",,,7","8.81",",7","15.77",",,,7","1.85",",,,7"
"USC00136766","2023-05","43.08998","-91.55823","355.1","POSTVILLE, IA US","","","","","6",",7","6",",7","1",",7","0",",7","0",",7","0","2,7","1","2,7","","","","","","","","","20230503",",2,7","20230531","+,,7","20230531","+,,7","","","20230514",",,7","","","-0.6","2,7,03,","0",",,7,31,+","0",",,7,31,+","45.2",",,7,14,","","","","","","","94.3",",,,7","0",",,,7","","","","","9.22","2,,,7"
"USC00136766","2023-06","43.08998","-91.55823","355.1","POSTVILLE, IA US","","","","","4","1,7","4","1,7","1","1,7","0",",7","0",",7","0","4,7","0","4,7","","","","","","","","","20230612",",4,7","20230630","+,,7","20230630","+,,7","","","20230619",",1,7","","","4.4","4,7,12,","0",",,7,30,+","0",",,7,30,+","27.9","1,,7,19,","","","","","","","59.4","1,,,7","0",",,,7","","","","","14.10","4,,,7"
"USC00136766","2023-07","43.08998","-91.55823","355.1","POSTVILLE, IA US","","","","","7","1,7","6","1,7","1","1,7","0",",7","0",",7","0","3,7","0","3,7","","","","","","","","","20230707",",3,7","20230731","+,,7","20230731","+,,7","","","20230713",",1,7","","","8.9","3,7,07,","0",",,7,31,+","0",",,7,31,+","34.8","1,,7,13,","","","","","","","90.0","1,,,7","0",",,,7","","","","","14.98","3,,,7"
"USC00136766","2023-08","43.08998","-91.55823","355.1","POSTVILLE, IA US","","","130.6",",7","4",",7","3",",7","0",",7","0",",7","0",",7","0",",7","0",",7","0",",7","31",",7","6",",7","","","20230831",",,7","20230831","+,,7","20230831","+,,7","","","20230811",",,7","20230824",",,7","8.9",",7,31,","0",",,7,31,+","0",",,7,31,+","16.3",",,7,11,","38.9",",7,24,","","","2.2",",7","24.6",",,,7","0",",,,7","22.47",",7","29.37",",,,7","15.58",",,,7"
"USC00136766","2023-09","43.08998","-91.55823","355.1","POSTVILLE, IA US","","","47.0","1,7","6","1,7","5","1,7","1","1,7","0",",7","0",",7","0",",7","0",",7","0","1,7","27","1,7","3","1,7","","","20230912",",,7","20230930","+,,7","20230930","+,,7","","","20230923",",1,7","20230904",",1,7","6.1",",7,12,","0",",,7,30,+","0",",,7,30,+","43.9","1,,7,23,","35.6","1,7,04,","","","23.9","1,7","92.4","1,,,7","0",",,,7","19.03","1,7","25.67","1,,,7","12.39",",,,7"
"USC00136766","2023-10","43.08998","-91.55823","355.1","POSTVILLE, IA US","","","20.2","5,7","6",",7","6",",7","1",",7","0",",7","0",",7","0","5,7","4","5,7","0","2,7","7","2,7","1","2,7","","","20231029","+,5,7","20231031","+,,7","20231029",",,7","","","20231013",",,7","20231001",",2,7","-3.3","5,7,29,+","0",",,7,31,+","0",",T,7,29,","42.2",",,7,13,","32.2","2,7,01,","","","185.1","2,7","103.4",",,,7","0",",T,,7","11.74","5,7","18.13","2,,,7","5.34","5,,,7"
"USC00136766","2023-11","43.08998","-91.55823","355.1","POSTVILLE, IA US","","","","","1","1,7","0","1,7","0","1,7","1",",7","1",",7","0","5,7","21","5,7","","","","","","","","","20231128",",5,7","20231126",",,7","20231126",",,7","","","20231126",",1,7","","","-17.2","5,7,28,","25",",,7,26,","25",",,7,26,","1.3","1,,7,26,","","","","","","","1.3","1,,,7","25",",,,7","","","","","-4.05","5,,,7"
"USC00136766","2023-12","43.08998","-91.55823","355.1","POSTVILLE, IA US","","","0.0","4,7","4",",7","4",",7","0",",7","0",",7","0","1,7","0","2,7","24","2,7","1","2,7","0","2,7","0","2,7","","","20231219",",2,7","20231231","+,,7","20231231","+,1,7","","","20231226",",,7","20231226","+,2,7","-12.2","2,7,19,","0",",T,7,31,+","0","1,T,7,31,+","15.7",",,7,26,","11.7","2,7,26,+","","","460.8","2,7","43.2",",,,7","0","1,T,,7","1.08","4,7","4.91","2,,,7","-2.74","2,,,7"
"USC00136766","2024-01","43.08998","-91.55823","355.1","POSTVILLE, IA US","0.0","","0.0","3,7","6","1,7","5","1,7","0","1,7","17","2,7","4",",7","7","2,7","28","2,7","15","2,7","0","2,7","0","2,7","","","20240115",",2,7","20240114","+,2,7","20240113",",,7","","","20240126",",1,7","20240130",",2,7","-26.7","2,7,15,","356","2,,7,14,+","163",",,7,13,","15.7","1,,7,26,","6.7","2,7,30,","","","669.6","2,7","51.4","1,,,7","410",",,,7","-5.89","3,7","-2.60","2,,,7","-9.19","2,,,7"
"USC00136766","2024-02","43.08998","-91.55823","355.1","POSTVILLE, IA US","0.0","","0.0",",7","1",",7","1",",7","0",",7","0",",7","0",",7","0",",7","25",",7","4",",7","1",",7","0",",7","","","20240217",",,7","20240228","+,,7","20240215",",,7","","","20240215",",,7","20240227",",,7","-17.2",",7,17,","0",",T,7,28,+","10",",,7,15,","14.2",",,7,15,","22.2",",7,27,","","","490.9",",7","14.2",",,,7","10",",,,7","1.41",",7","7.96",",,,7","-5.14",",,,7"
"USC00136766","2024-03","43.08998","-91.55823","355.1","POSTVILLE, IA US","0.0","","0.0",",7","7",",7","5",",7","0",",7","3",",7","2",",7","0",",7","26",",7","1",",7","4",",7","0",",7","","","20240323",",,7","20240325",",,7","20240325",",,7","","","20240325",",,7","20240304",",,7","-9.4",",7,23,","51",",,7,25,","38",",,7,25,","17.3",",,7,25,","23.9",",7,04,","","","464.6",",7","41.0",",,,7","81",",,,7","3.35",",7","10.00",",,,7","-3.31",",,,7"
"USC00136766","2024-04","43.08998","-91.55823","355.1","POSTVILLE, IA US","0.0","","0.0","5,7","11",",7","9",",7","1",",7","2",",7","2",",7","0",",7","12",",7","0","5,7","4","5,7","0","5,7","","","20240405",",,7","20240403","+,,7","20240403","+,,7","","","20240417",",,7","20240415",",5,7","-3.3",",7,05,","25",",,7,03,+","51",",,7,03,+","41.9",",,7,17,","27.2","5,7,15,","","","233.9","5,7","115.7",",,,7","102",",,,7","8.93","5,7","15.33","5,,,7","2.53",",,,7"
