"STATION","DATE","LATITUDE","LONGITUDE","ELEVATION","NAME","CDSD","CDSD_ATTRIBUTES","CLDD","CLDD_ATTRIBUTES","DP01","DP01_ATTRIBUTES","DP10","DP10_ATTRIBUTES","DP1X","DP1X_ATTRIBUTES","DT00","DT00_ATTRIBUTES","DT32","DT32_ATTRIBUTES","DX32","DX32_ATTRIBUTES","DX70","DX70_ATTRIBUTES","DX90","DX90_ATTRIBUTES","DYNT","DYNT_ATTRIBUTES","DYXP","DYXP_ATTRIBUTES","DYXT","DYXT_ATTRIBUTES","EMNT","EMNT_ATTRIBUTES","EMXP","EMXP_ATTRIBUTES","EMXT","EMXT_ATTRIBUTES","HDSD","HDSD_ATTRIBUTES","HTDD","HTDD_ATTRIBUTES","PRCP","PRCP_ATTRIBUTES","TAVG","TAVG_ATTRIBUTES","TMAX","TMAX_ATTRIBUTES","TMIN","TMIN_ATTRIBUTES"
"ZI000067789","1962-07","-17.033","30.85","1480.0","MVURWI, ZI","","","","","1",",Q","0",",Q","0",",Q","","","","","","","","","","","","","19620710",",,Q","","","","","0.5",",,Q,10,","","","","","","","0.5",",,,Q","","","","","",""
"ZI000067789","1962-08","-17.033","30.85","1480.0","MVURWI, ZI","","","","","0",",Q","0",",Q","0",",Q","","","","","","","","","","","","","19620831","+,,Q","","","","","0.0",",,Q,31,+","","","","","","","0.0",",,,Q","","","","","",""
"ZI000067789","1962-09","-17.033","30.85","1480.0","MVURWI, ZI","","","","","0",",Q","0",",Q","0",",Q","","","","","","","","","","","","","19620930","+,,Q","","","","","0.0",",,Q,30,+","","","","","","","0.0",",,,Q","","","","","",""
"ZI000067789","1962-10","-17.033","30.85","1480.0","MVURWI, ZI","","","","","0",",Q","0",",Q","0",",Q","","","","","","","","","","","","","19621031","+,,Q","","","","","0.0",",,Q,31,+","","","","","","","0.0",",,,Q","","","","","",""
"ZI000067789","1962-11","-17.033","30.85","1480.0","MVURWI, ZI","","","","","17",",Q","9",",Q","0",",Q","","","","","","","","","","","","","19621117",",,Q","","","","","15.7",",,Q,17,","","","","","","","93.7",",,,Q","","","","","",""
"ZI000067789","1962-12","-17.033","30.85","1480.0","MVURWI, ZI","","","","","25",",Q","21",",Q","3",",Q","","","","","","","","","","","","","19621216",",,Q","","","","","67.8",",,Q,16,","","","","","","","355.0",",,,Q","","","","","",""
"ZI000067789","1963-01","-17.033","30.85","1480.0","MVURWI, ZI","","","","","20",",Q","12",",Q","3",",Q","","","","","","","","","","","","","19630104","+,,Q","","","","","45.2",",,Q,04,+","","","","","","","239.3",",,,Q","","","","","",""
"ZI000067789","1963-02","-17.033","30.85","1480.0","MVURWI, ZI","","","","","23",",Q","17",",Q","7",",Q","","","","","","","","","","","","","19630214",",,Q","","","","","52.1",",,Q,14,","","","","","","","350.6",",,,Q","","","","","",""
"ZI000067789","1963-03","-17.033","30.85","1480.0","MVURWI, ZI","","","","","10",",Q","5",",Q","0",",Q","","","","","","","","","","","","","19630316","+,,Q","","","","","16.5",",,Q,16,+","","","","","","","49.6",",,,Q","","","","","",""
"ZI000067789","1963-04","-17.033","30.85","1480.0","MVURWI, ZI","","","","","4",",Q","2",",Q","0",",Q","","","","","","","","","","","","","19630410",",,Q","","","","","18.0",",,Q,10,","","","","","","","29.2",",,,Q","","","","","",""
"ZI000067789","1963-05","-17.033","30.85","1480.0","MVURWI, ZI","","","","","0",",Q","0",",Q","0",",Q","","","","","","","","","","","","","19630531","+,,Q","","","","","0.0",",,Q,31,+","","","","","","","0.0",",,,Q","","","","","",""
"ZI000067789","1963-06","-17.033","30.85","1480.0","MVURWI, ZI","","","","","1",",Q","0",",Q","0",",Q","","","","","","","","","","","","","19630625",",,Q","","","","","0.3",",,Q,25,","","","","","","","0.3",",,,Q","","","","","",""
"ZI000067789","1963-07","-17.033","30.85","1480.0","MVURWI, ZI","","","","","0",",Q","0",",Q","0",",Q","","","","","","","","","","","","","19630731","+,,Q","","","","","0.0",",,Q,31,+","","","","","","","0.0",",,,Q","","","","","",""
"ZI000067789","1963-08","-17.033","30.85","1480.0","MVURWI, ZI","","","","","0",",Q","0",",Q","0",",Q","","","","","","","","","","","","","19630831","+,,Q","","","","","0.0",",,Q,31,+","","","","","","","0.0",",,,Q","","","","","",""
"ZI000067789","1963-09","-17.033","30.85","1480.0","MVURWI, ZI","","","","","0",",Q","0",",Q","0",",Q","","","","","","","","","","","","","19630930","+,,Q","","","","","0.0",",,Q,30,+","","","","","","","0.0",",,,Q","","","","","",""
"ZI000067789","1963-10","-17.033","30.85","1480.0","MVURWI, ZI","","","","","5",",Q","3",",Q","0",",Q","","","","","","","","","","","","","19631022",",,Q","","","","","9.1",",,Q,22,","","","","","","","21.3",",,,Q","","","","","",""
"ZI000067789","1963-11","-17.033","30.85","1480.0","MVURWI, ZI","","","","","10",",Q","7",",Q","0",",Q","","","","","","","","","","","","","19631129",",,Q","","","","","17.3",",,Q,29,","","","","","","","59.0",",,,Q","","","","","",""
"ZI000067789","1963-12","-17.033","30.85","1480.0","MVURWI, ZI","","","","","13",",Q","7",",Q","2",",Q","","","","","","","","","","","","","19631212",",,Q","","","","","36.6",",,Q,12,","","","","","","","110.2",",,,Q","","","","","",""
"ZI000067789","1964-01","-17.033","30.85","1480.0","MVURWI, ZI","","","","","22",",Q","19",",Q","5",",Q","","","","","","","","","","","","","19640111",",,Q","","","","","74.4",",,Q,11,","","","","","","","372.2",",,,Q","","","","","",""
"ZI000067789","1964-02","-17.033","30.85","1480.0","MVURWI, ZI","","","","","13",",Q","8",",Q","0",",Q","","","","","","","","","","","","","19640213",",,Q","","","","","18.0",",,Q,13,","","","","","","","90.7",",,,Q","","","","","",""
"ZI000067789","1964-03","-17.033","30.85","1480.0","MVURWI, ZI","","","","","5",",Q","3",",Q","0",",Q","","","","","","","","","","","","","19640309",",,Q","","","","","14.5",",,Q,09,","","","","","","","25.7",",,,Q","","","","","",""
"ZI000067789","1964-04","-17.033","30.85","1480.0","MVURWI, ZI","","","","","0",",Q","0",",Q","0",",Q","","","","","","","","","","","","","19640430","+,,Q","","","","","0.0",",,Q,30,+","","","","","","","0.0",",,,Q","","","","","",""
"ZI000067789","1964-05","-17.033","30.85","1480.0","MVURWI, ZI","","","","","2",",Q","1",",Q","0",",Q","","","","","","","","","","","","","19640501",",,Q","","","","","11.7",",,Q,01,","","","","","","","12.2",",,,Q","","","","","",""
"ZI000067789","1964-06","-17.033","30.85","1480.0","MVURWI, ZI","","","","","2",",Q","1",",Q","0",",Q","","","","","","","","","","","","","19640601",",,Q","","","","","2.5",",,Q,01,","","","","","","","3.0",",,,Q","","","","","",""
"ZI000067789","1964-07","-17.033","30.85","1480.0","MVURWI, ZI","","","","","0",",Q","0",",Q","0",",Q","","","","","","","","","","","","","19640731","+,,Q","","","","","0.0",",,Q,31,+","","","","","","","0.0",",,,Q","","","","","",""
"ZI000067789","1964-08","-17.033","30.85","1480.0","MVURWI, ZI","","","","","0",",Q","0",",Q","0",",Q","","","","","","","","","","","","","19640831","+,,Q","","","","","0.0",",,Q,31,+","","","","","","","0.0",",,,Q","","","","","",""
"ZI000067789","1964-09","-17.033","30.85","1480.0","MVURWI, ZI","","","","","0",",Q","0",",Q","0",",Q","","","","","","","","","","","","","19640930","+,,Q","","","","","0.0",",,Q,30,+","","","","","","","0.0",",,,Q","","","","","",""
"ZI000067789","1964-10","-17.033","30.85","1480.0","MVURWI, ZI","","","","","3",",Q","2",",Q","0",",Q","","","","","","","","","","","","","19641029",",,Q","","","","","13.5",",,Q,29,","","","","","","","22.4",",,,Q","","","","","",""
"ZI000067789","1964-11","-17.033","30.85","1480.0","MVURWI, ZI","","","","","12",",Q","7",",Q","1",",Q","","","","","","","","","","","","","19641118",",,Q","","","","","34.0",",,Q,18,","","","","","","","88.4",",,,Q","","","","","",""
"ZI000067789","1964-12","-17.033","30.85","1480.0","MVURWI, ZI","","","","","21",",Q","17",",Q","2",",Q","","","","","","","","","","","","","19641223",",,Q","","","","","58.4",",,Q,23,","","","","","","","227.2",",,,Q","","","","","",""
"ZI000067789","1965-01","-17.033","30.85","1480.0","MVURWI, ZI","","","","","23",",Q","18",",Q","1",",Q","","","","","","","","","","","","","19650113",",,Q","","","","","31.5",",,Q,13,","","","","","","","236.3",",,,Q","","","","","",""
"ZI000067789","1965-02","-17.033","30.85","1480.0","MVURWI, ZI","","","","","18",",Q","13",",Q","2",",Q","","","","","","","","","","","","","19650212",",,Q","","","","","28.4",",,Q,12,","","","","","","","152.4",",,,Q","","","","","",""
"ZI000067789","1965-03","-17.033","30.85","1480.0","MVURWI, ZI","","","","","9",",Q","6",",Q","1",",Q","","","","","","","","","","","","","19650308",",,Q","","","","","28.4",",,Q,08,","","","","","","","68.5",",,,Q","","","","","",""
"ZI000067789","1965-04","-17.033","30.85","1480.0","MVURWI, ZI","","","","","2",",Q","1",",Q","0",",Q","","","","","","","","","","","","","19650402",",,Q","","","","","2.5",",,Q,02,","","","","","","","3.0",",,,Q","","","","","",""
"ZI000067789","1965-05","-17.033","30.85","1480.0","MVURWI, ZI","","","","","0",",Q","0",",Q","0",",Q","","","","","","","","","","","","","19650531","+,,Q","","","","","0.0",",,Q,31,+","","","","","","","0.0",",,,Q","","","","","",""
"ZI000067789","1965-06","-17.033","30.85","1480.0","MVURWI, ZI","","","","","0",",Q","0",",Q","0",",Q","","","","","","","","","","","","","19650630","+,,Q","","","","","0.0",",,Q,30,+","","","","","","","0.0",",,,Q","","","","","",""
"ZI000067789","1965-07","-17.033","30.85","1480.0","MVURWI, ZI","","","","","0",",Q","0",",Q","0",",Q","","","","","","","","","","","","","19650731","+,,Q","","","","","0.0",",,Q,31,+","","","","","","","0.0",",,,Q","","","","","",""
"ZI000067789","1965-08","-17.033","30.85","1480.0","MVURWI, ZI","","","","","0",",Q","0",",Q","0",",Q","","","","","","","","","","","","","19650831","+,,Q","","","","","0.0",",,Q,31,+","","","","","","","0.0",",,,Q","","","","","",""
"ZI000067789","1965-09","-17.033","30.85","1480.0","MVURWI, ZI","","","","","3",",Q","2",",Q","0",",Q","","","","","","","","","","","","","19650906",",,Q","","","","","6.4",",,Q,06,","","","","","","","11.8",",,,Q","","","","","",""
"ZI000067789","1965-10","-17.033","30.85","1480.0","MVURWI, ZI","","","","","5",",Q","1",",Q","0",",Q","","","","","","","","","","","","","19651002",",,Q","","","","","11.9",",,Q,02,","","","","","","","15.3",",,,Q","","","","","",""
"ZI000067789","1965-11","-17.033","30.85","1480.0","MVURWI, ZI","","","","","9",",Q","8",",Q","2",",Q","","","","","","","","","","","","","19651114",",,Q","","","","","37.6",",,Q,14,","","","","","","","126.2",",,,Q","","","","","",""
"ZI000067789","1965-12","-17.033","30.85","1480.0","MVURWI, ZI","","","","","10",",Q","5",",Q","1",",Q","","","","","","","","","","","","","19651202",",,Q","","","","","35.8",",,Q,02,","","","","","","","70.4",",,,Q","","","","","",""
"ZI000067789","1966-01","-17.033","30.85","1480.0","MVURWI, ZI","","","","","17",",Q","8",",Q","2",",Q","","","","","","","","","","","","","19660106",",,Q","","","","","43.2",",,Q,06,","","","","","","","151.9",",,,Q","","","","","",""
"ZI000067789","1966-02","-17.033","30.85","1480.0","MVURWI, ZI","","","","","20",",Q","17",",Q","2",",Q","","","","","","","","","","","","","19660219",",,Q","","","","","33.5",",,Q,19,","","","","","","","228.3",",,,Q","","","","","",""
"ZI000067789","1966-03","-17.033","30.85","1480.0","MVURWI, ZI","","","","","4",",Q","4",",Q","0",",Q","","","","","","","","","","","","","19660313",",,Q","","","","","13.2",",,Q,13,","","","","","","","28.1",",,,Q","","","","","",""
"ZI000067789","1966-04","-17.033","30.85","1480.0","MVURWI, ZI","","","","","5",",Q","3",",Q","0",",Q","","","","","","","","","","","","","19660413",",,Q","","","","","5.1",",,Q,13,","","","","","","","15.0",",,,Q","","","","","",""
"ZI000067789","1966-05","-17.033","30.85","1480.0","MVURWI, ZI","","","","","5",",Q","2",",Q","0",",Q","","","","","","","","","","","","","19660515",",,Q","","","","","15.5",",,Q,15,","","","","","","","21.1",",,,Q","","","","","",""
"ZI000067789","1966-06","-17.033","30.85","1480.0","MVURWI, ZI","","","","","1",",Q","1",",Q","0",",Q","","","","","","","","","","","","","19660609",",,Q","","","","","3.6",",,Q,09,","","","","","","","3.6",",,,Q","","","","","",""
"ZI000067789","1966-07","-17.033","30.85","1480.0","MVURWI, ZI","","","","","0",",Q","0",",Q","0",",Q","","","","","","","","","","","","","19660731","+,,Q","","","","","0.0",",,Q,31,+","","","","","","","0.0",",,,Q","","","","","",""
"ZI000067789","1966-08","-17.033","30.85","1480.0","MVURWI, ZI","","","","","1",",Q","0",",Q","0",",Q","","","","","","","","","","","","","19660829",",,Q","","","","","0.3",",,Q,29,","","","","","","","0.3",",,,Q","","","","","",""
"ZI000067789","1966-09","-17.033","30.85","1480.0","MVURWI, ZI","","","","","0",",Q","0",",Q","0",",Q","","","","","","","","","","","","","19660930","+,,Q","","","","","0.0",",,Q,30,+","","","","","","","0.0",",,,Q","","","","","",""
"ZI000067789","1966-10","-17.033","30.85","1480.0","MVURWI, ZI","","","","","1",",Q","1",",Q","0",",Q","","","","","","","","","","","","","19661022",",,Q","","","","","3.0",",,Q,22,","","","","","","","3.0",",,,Q","","","","","",""
"ZI000067789","1966-11","-17.033","30.85","1480.0","MVURWI, ZI","","","","","7",",Q","6",",Q","0",",Q","","","","","","","","","","","","","19661109",",,Q","","","","","20.1",",,Q,09,","","","","","","","75.9",",,,Q","","","","","",""
"ZI000067789","1966-12","-17.033","30.85","1480.0","MVURWI, ZI","","","","","15",",Q","12",",Q","1",",Q","","","","","","","","","","","","","19661220",",,Q","","","","","31.8",",,Q,20,","","","","","","","147.9",",,,Q","","","","","",""
"ZI000067789","1967-01","-17.033","30.85","1480.0","MVURWI, ZI","","","","","24",",Q","14",",Q","2",",Q","","","","","","","","","","","","","19670124",",,Q","","","","","31.0",",,Q,24,","","","","","","","193.5",",,,Q","","","","","",""
"ZI000067789","1967-02","-17.033","30.85","1480.0","MVURWI, ZI","","","","","14",",Q","8",",Q","0",",Q","","","","","","","","","","","","","19670211",",,Q","","","","","18.0",",,Q,11,","","","","","","","82.4",",,,Q","","","","","",""
"ZI000067789","1967-03","-17.033","30.85","1480.0","MVURWI, ZI","","","","","22",",Q","12",",Q","3",",Q","","","","","","","","","","","","","19670321",",,Q","","","","","36.3",",,Q,21,","","","","","","","211.3",",,,Q","","","","","",""
"ZI000067789","1967-04","-17.033","30.85","1480.0","MVURWI, ZI","","","","","4",",Q","2",",Q","0",",Q","","","","","","","","","","","","","19670415",",,Q","","","","","19.1",",,Q,15,","","","","","","","26.0",",,,Q","","","","","",""
"ZI000067789","1967-05","-17.033","30.85","1480.0","MVURWI, ZI","","","","","2","4,Q","0","4,Q","0","4,Q","","","","","","","","","","","","","19670516",",4,Q","","","","","1.5","4,,Q,16,","","","","","","","2.3","4,,,Q","","","","","",""
"ZI000067789","1969-03","-17.033","30.85","1480.0","MVURWI, ZI","","","","","16",",Q","12",",Q","2",",Q","","","","","","","","","","","","","19690315",",,Q","","","","","61.0",",,Q,15,","","","","","","","194.1",",,,Q","","","","","",""
"ZI000067789","1969-04","-17.033","30.85","1480.0","MVURWI, ZI","","","","","4",",Q","4",",Q","3",",Q","","","","","","","","","","","","","19690403",",,Q","","","","","47.5",",,Q,03,","","","","","","","111.0",",,,Q","","","","","",""
"ZI000067789","1969-05","-17.033","30.85","1480.0","MVURWI, ZI","","","","","2",",Q","0",",Q","0",",Q","","","","","","","","","","","","","19690513",",,Q","","","","","1.5",",,Q,13,","","","","","","","1.8",",,,Q","","","","","",""
"ZI000067789","1969-06","-17.033","30.85","1480.0","MVURWI, ZI","","","","","0",",Q","0",",Q","0",",Q","","","","","","","","","","","","","19690630","+,,Q","","","","","0.0",",,Q,30,+","","","","","","","0.0",",,,Q","","","","","",""
"ZI000067789","1969-07","-17.033","30.85","1480.0","MVURWI, ZI","","","","","0",",Q","0",",Q","0",",Q","","","","","","","","","","","","","19690731","+,,Q","","","","","0.0",",,Q,31,+","","","","","","","0.0",",,,Q","","","","","",""
"ZI000067789","1969-08","-17.033","30.85","1480.0","MVURWI, ZI","","","","","1",",Q","0",",Q","0",",Q","","","","","","","","","","","","","19690819",",,Q","","","","","0.3",",,Q,19,","","","","","","","0.3",",,,Q","","","","","",""
"ZI000067789","1969-09","-17.033","30.85","1480.0","MVURWI, ZI","","","","","1",",Q","1",",Q","0",",Q","","","","","","","","","","","","","19690902",",,Q","","","","","2.8",",,Q,02,","","","","","","","2.8",",,,Q","","","","","",""
"ZI000067789","1969-10","-17.033","30.85","1480.0","MVURWI, ZI","","","","","8",",Q","3",",Q","0",",Q","","","","","","","","","","","","","19691030",",,Q","","","","","19.8",",,Q,30,","","","","","","","40.9",",,,Q","","","","","",""
"ZI000067789","1969-11","-17.033","30.85","1480.0","MVURWI, ZI","","","","","5",",Q","3",",Q","0",",Q","","","","","","","","","","","","","19691110",",,Q","","","","","16.8",",,Q,10,","","","","","","","25.2",",,,Q","","","","","",""
"ZI000067789","1969-12","-17.033","30.85","1480.0","MVURWI, ZI","","","","","25",",Q","18",",Q","6",",Q","","","","","","","","","","","","","19691203",",,Q","","","","","84.8",",,Q,03,","","","","","","","461.9",",,,Q","","","","","",""
"ZI000067789","1970-01","-17.033","30.85","1480.0","MVURWI, ZI","","","","","16",",Q","8",",Q","2",",Q","","","","","","","","","","","","","19700119",",,Q","","","","","42.7",",,Q,19,","","","","","","","131.5",",,,Q","","","","","",""
"ZI000067789","1970-02","-17.033","30.85","1480.0","MVURWI, ZI","","","","","14",",Q","7",",Q","0",",Q","","","","","","","","","","","","","19700201",",,Q","","","","","16.0",",,Q,01,","","","","","","","84.2",",,,Q","","","","","",""
"ZI000067789","1970-03","-17.033","30.85","1480.0","MVURWI, ZI","","","","","7",",Q","5",",Q","0",",Q","","","","","","","","","","","","","19700306",",,Q","","","","","17.5",",,Q,06,","","","","","","","46.5",",,,Q","","","","","",""
"ZI000067789","1970-04","-17.033","30.85","1480.0","MVURWI, ZI","","","","","4",",Q","2",",Q","0",",Q","","","","","","","","","","","","","19700411",",,Q","","","","","24.6",",,Q,11,","","","","","","","35.1",",,,Q","","","","","",""
"ZI000067789","1970-05","-17.033","30.85","1480.0","MVURWI, ZI","","","","","0",",Q","0",",Q","0",",Q","","","","","","","","","","","","","19700531","+,,Q","","","","","0.0",",,Q,31,+","","","","","","","0.0",",,,Q","","","","","",""
"ZI000067789","1970-06","-17.033","30.85","1480.0","MVURWI, ZI","","","","","1",",Q","1",",Q","0",",Q","","","","","","","","","","","","","19700627",",,Q","","","","","4.1",",,Q,27,","","","","","","","4.1",",,,Q","","","","","",""
"ZI000067789","1970-07","-17.033","30.85","1480.0","MVURWI, ZI","","","","","0",",Q","0",",Q","0",",Q","","","","","","","","","","","","","19700731","+,,Q","","","","","0.0",",,Q,31,+","","","","","","","0.0",",,,Q","","","","","",""
"ZI000067789","1970-08","-17.033","30.85","1480.0","MVURWI, ZI","","","","","0",",Q","0",",Q","0",",Q","","","","","","","","","","","","","19700831","+,,Q","","","","","0.0",",,Q,31,+","","","","","","","0.0",",,,Q","","","","","",""
"ZI000067789","1970-09","-17.033","30.85","1480.0","MVURWI, ZI","","","","","0",",Q","0",",Q","0",",Q","","","","","","","","","","","","","19700930","+,,Q","","","","","0.0",",,Q,30,+","","","","","","","0.0",",,,Q","","","","","",""
"ZI000067789","1970-10","-17.033","30.85","1480.0","MVURWI, ZI","","","","","3",",Q","2",",Q","0",",Q","","","","","","","","","","","","","19701014",",,Q","","","","","8.4",",,Q,14,","","","","","","","14.7",",,,Q","","","","","",""
"ZI000067789","1970-11","-17.033","30.85","1480.0","MVURWI, ZI","","","","","18",",Q","12",",Q","2",",Q","","","","","","","","","","","","","19701124",",,Q","","","","","48.5",",,Q,24,","","","","","","","176.9",",,,Q","","","","","",""
"ZI000067789","1970-12","-17.033","30.85","1480.0","MVURWI, ZI","","","","","14",",Q","13",",Q","5",",Q","","","","","","","","","","","","","19701201",",,Q","","","","","37.8",",,Q,01,","","","","","","","213.4",",,,Q","","","","","",""
"ZI000067789","1971-01","-17.033","30.85","1480.0","MVURWI, ZI","","","","","22",",Q","14",",Q","3",",Q","","","","","","","","","","","","","19710130",",,Q","","","","","45.0",",,Q,30,","","","","","","","228.9",",,,Q","","","","","",""
"ZI000067789","1971-02","-17.033","30.85","1480.0","MVURWI, ZI","","","","","17",",Q","16",",Q","1",",Q","","","","","","","","","","","","","19710205",",,Q","","","","","44.0",",,Q,05,","","","","","","","182.0",",,,Q","","","","","",""
"ZI000067789","1971-03","-17.033","30.85","1480.0","MVURWI, ZI","","","","","7",",Q","4",",Q","0",",Q","","","","","","","","","","","","","19710318",",,Q","","","","","23.5",",,Q,18,","","","","","","","51.2",",,,Q","","","","","",""
"ZI000067789","1971-04","-17.033","30.85","1480.0","MVURWI, ZI","","","","","4",",Q","2",",Q","0",",Q","","","","","","","","","","","","","19710410",",,Q","","","","","9.0",",,Q,10,","","","","","","","17.9",",,,Q","","","","","",""
"ZI000067789","1971-05","-17.033","30.85","1480.0","MVURWI, ZI","","","","","1",",Q","1",",Q","0",",Q","","","","","","","","","","","","","19710514",",,Q","","","","","15.0",",,Q,14,","","","","","","","15.0",",,,Q","","","","","",""
"ZI000067789","1971-06","-17.033","30.85","1480.0","MVURWI, ZI","","","","","0",",Q","0",",Q","0",",Q","","","","","","","","","","","","","19710630","+,,Q","","","","","0.0",",,Q,30,+","","","","","","","0.0",",,,Q","","","","","",""
"ZI000067789","1971-07","-17.033","30.85","1480.0","MVURWI, ZI","","","","","0",",Q","0",",Q","0",",Q","","","","","","","","","","","","","19710731","+,,Q","","","","","0.0",",,Q,31,+","","","","","","","0.0",",,,Q","","","","","",""
"ZI000067789","1971-08","-17.033","30.85","1480.0","MVURWI, ZI","","","","","0",",Q","0",",Q","0",",Q","","","","","","","","","","","","","19710831","+,,Q","","","","","0.0",",,Q,31,+","","","","","","","0.0",",,,Q","","","","","",""
"ZI000067789","1971-09","-17.033","30.85","1480.0","MVURWI, ZI","","","","","0",",Q","0",",Q","0",",Q","","","","","","","","","","","","","19710930","+,,Q","","","","","0.0",",,Q,30,+","","","","","","","0.0",",,,Q","","","","","",""
"ZI000067789","1971-10","-17.033","30.85","1480.0","MVURWI, ZI","","","","","2",",Q","0",",Q","0",",Q","","","","","","","","","","","","","19711010",",,Q","","","","","0.7",",,Q,10,","","","","","","","1.1",",,,Q","","","","","",""
"ZI000067789","1971-11","-17.033","30.85","1480.0","MVURWI, ZI","","","","","12",",Q","8",",Q","1",",Q","","","","","","","","","","","","","19711116",",,Q","","","","","28.0",",,Q,16,","","","","","","","114.2",",,,Q","","","","","",""
"ZI000067789","1971-12","-17.033","30.85","1480.0","MVURWI, ZI","","","","","16",",Q","10",",Q","0",",Q","","","","","","","","","","","","","19711222",",,Q","","","","","18.7",",,Q,22,","","","","","","","105.0",",,,Q","","","","","",""
"ZI000067789","1972-01","-17.033","30.85","1480.0","MVURWI, ZI","","","","","26",",Q","20",",Q","2",",Q","","","","","","","","","","","","","19720109",",,Q","","","","","34.7",",,Q,09,","","","","","","","260.1",",,,Q","","","","","",""
"ZI000067789","1972-02","-17.033","30.85","1480.0","MVURWI, ZI","","","","","17",",Q","10",",Q","1",",Q","","","","","","","","","","","","","19720202",",,Q","","","","","65.7",",,Q,02,","","","","","","","154.3",",,,Q","","","","","",""
"ZI000067789","1972-03","-17.033","30.85","1480.0","MVURWI, ZI","","","","","19",",Q","13",",Q","2",",Q","","","","","","","","","","","","","19720308",",,Q","","","","","28.5",",,Q,08,","","","","","","","204.2",",,,Q","","","","","",""
"ZI000067789","1972-04","-17.033","30.85","1480.0","MVURWI, ZI","","","","","9",",Q","5",",Q","0",",Q","","","","","","","","","","","","","19720401",",,Q","","","","","18.8",",,Q,01,","","","","","","","65.3",",,,Q","","","","","",""
"ZI000067789","1972-05","-17.033","30.85","1480.0","MVURWI, ZI","","","","","3",",Q","0",",Q","0",",Q","","","","","","","","","","","","","19720508",",,Q","","","","","0.8",",,Q,08,","","","","","","","2.0",",,,Q","","","","","",""
"ZI000067789","1972-06","-17.033","30.85","1480.0","MVURWI, ZI","","","","","0",",Q","0",",Q","0",",Q","","","","","","","","","","","","","19720630","+,,Q","","","","","0.0",",,Q,30,+","","","","","","","0.0",",,,Q","","","","","",""
"ZI000067789","1972-07","-17.033","30.85","1480.0","MVURWI, ZI","","","","","0",",Q","0",",Q","0",",Q","","","","","","","","","","","","","19720731","+,,Q","","","","","0.0",",,Q,31,+","","","","","","","0.0",",,,Q","","","","","",""
"ZI000067789","1972-08","-17.033","30.85","1480.0","MVURWI, ZI","","","","","0",",Q","0",",Q","0",",Q","","","","","","","","","","","","","19720831","+,,Q","","","","","0.0",",,Q,31,+","","","","","","","0.0",",,,Q","","","","","",""
"ZI000067789","1972-09","-17.033","30.85","1480.0","MVURWI, ZI","","","","","2",",Q","2",",Q","0",",Q","","","","","","","","","","","","","19720929",",,Q","","","","","24.4",",,Q,29,","","","","","","","27.0",",,,Q","","","","","",""
"ZI000067789","1972-10","-17.033","30.85","1480.0","MVURWI, ZI","","","","","2",",Q","2",",Q","1",",Q","","","","","","","","","","","","","19721005",",,Q","","","","","107.6",",,Q,05,","","","","","","","126.1",",,,Q","","","","","",""
"ZI000067789","1972-11","-17.033","30.85","1480.0","MVURWI, ZI","","","","","6",",Q","5",",Q","3",",Q","","","","","","","","","","","","","19721124",",,Q","","","","","51.7",",,Q,24,","","","","","","","156.5",",,,Q","","","","","",""
"ZI000067789","1972-12","-17.033","30.85","1480.0","MVURWI, ZI","","","","","11",",Q","6",",Q","1",",Q","","","","","","","","","","","","","19721214",",,Q","","","","","29.5",",,Q,14,","","","","","","","78.7",",,,Q","","","","","",""
"ZI000067789","1973-01","-17.033","30.85","1480.0","MVURWI, ZI","","","","","12",",Q","10",",Q","1",",Q","","","","","","","","","","","","","19730131",",,Q","","","","","40.8",",,Q,31,","","","","","","","146.3",",,,Q","","","","","",""
"ZI000067789","1973-02","-17.033","30.85","1480.0","MVURWI, ZI","","","","","11",",Q","6",",Q","0",",Q","","","","","","","","","","","","","19730211",",,Q","","","","","23.1",",,Q,11,","","","","","","","74.4",",,,Q","","","","","",""
"ZI000067789","1973-03","-17.033","30.85","1480.0","MVURWI, ZI","","","","","7",",Q","5",",Q","1",",Q","","","","","","","","","","","","","19730307",",,Q","","","","","25.6",",,Q,07,","","","","","","","41.7",",,,Q","","","","","",""
"ZI000067789","1973-04","-17.033","30.85","1480.0","MVURWI, ZI","","","","","3",",Q","3",",Q","0",",Q","","","","","","","","","","","","","19730410",",,Q","","","","","12.8",",,Q,10,","","","","","","","19.6",",,,Q","","","","","",""
"ZI000067789","1973-05","-17.033","30.85","1480.0","MVURWI, ZI","","","","","0",",Q","0",",Q","0",",Q","","","","","","","","","","","","","19730531","+,,Q","","","","","0.0",",,Q,31,+","","","","","","","0.0",",,,Q","","","","","",""
"ZI000067789","1973-06","-17.033","30.85","1480.0","MVURWI, ZI","","","","","0",",Q","0",",Q","0",",Q","","","","","","","","","","","","","19730630","+,,Q","","","","","0.0",",,Q,30,+","","","","","","","0.0",",,,Q","","","","","",""
"ZI000067789","1973-07","-17.033","30.85","1480.0","MVURWI, ZI","","","","","0",",Q","0",",Q","0",",Q","","","","","","","","","","","","","19730724",",,Q","","","","","0.2",",,Q,24,","","","","","","","0.2",",,,Q","","","","","",""
"ZI000067789","1973-08","-17.033","30.85","1480.0","MVURWI, ZI","","","","","0",",Q","0",",Q","0",",Q","","","","","","","","","","","","","19730831","+,,Q","","","","","0.0",",,Q,31,+","","","","","","","0.0",",,,Q","","","","","",""
"ZI000067789","1973-09","-17.033","30.85","1480.0","MVURWI, ZI","","","","","2",",Q","0",",Q","0",",Q","","","","","","","","","","","","","19730930",",,Q","","","","","0.4",",,Q,30,","","","","","","","0.7",",,,Q","","","","","",""
"ZI000067789","1973-10","-17.033","30.85","1480.0","MVURWI, ZI","","","","","5",",Q","5",",Q","0",",Q","","","","","","","","","","","","","19731002",",,Q","","","","","9.3",",,Q,02,","","","","","","","30.5",",,,Q","","","","","",""
"ZI000067789","1973-11","-17.033","30.85","1480.0","MVURWI, ZI","","","","","11",",Q","10",",Q","3",",Q","","","","","","","","","","","","","19731124",",,Q","","","","","34.6",",,Q,24,","","","","","","","202.1",",,,Q","","","","","",""
"ZI000067789","1973-12","-17.033","30.85","1480.0","MVURWI, ZI","","","","","21",",Q","18",",Q","5",",Q","","","","","","","","","","","","","19731208",",,Q","","","","","40.8",",,Q,08,","","","","","","","332.9",",,,Q","","","","","",""
"ZI000067789","1974-01","-17.033","30.85","1480.0","MVURWI, ZI","","","","","22",",Q","13",",Q","1",",Q","","","","","","","","","","","","","19740117",",,Q","","","","","26.2",",,Q,17,","","","","","","","172.0",",,,Q","","","","","",""
"ZI000067789","1974-02","-17.033","30.85","1480.0","MVURWI, ZI","","","","","25",",Q","17",",Q","5",",Q","","","","","","","","","","","","","19740204",",,Q","","","","","44.4",",,Q,04,","","","","","","","303.7",",,,Q","","","","","",""
"ZI000067789","1974-03","-17.033","30.85","1480.0","MVURWI, ZI","","","","","20",",Q","11",",Q","1",",Q","","","","","","","","","","","","","19740329",",,Q","","","","","28.0",",,Q,29,","","","","","","","158.5",",,,Q","","","","","",""
"ZI000067789","1974-04","-17.033","30.85","1480.0","MVURWI, ZI","","","","","5",",Q","2",",Q","0",",Q","","","","","","","","","","","","","19740430",",,Q","","","","","5.8",",,Q,30,","","","","","","","13.7",",,,Q","","","","","",""
"ZI000067789","1974-05","-17.033","30.85","1480.0","MVURWI, ZI","","","","","10",",Q","6",",Q","0",",Q","","","","","","","","","","","","","19740501",",,Q","","","","","12.2",",,Q,01,","","","","","","","46.4",",,,Q","","","","","",""
"ZI000067789","1974-06","-17.033","30.85","1480.0","MVURWI, ZI","","","","","1",",Q","1",",Q","0",",Q","","","","","","","","","","","","","19740629",",,Q","","","","","3.2",",,Q,29,","","","","","","","3.2",",,,Q","","","","","",""
"ZI000067789","1974-07","-17.033","30.85","1480.0","MVURWI, ZI","","","","","1",",Q","1",",Q","0",",Q","","","","","","","","","","","","","19740703",",,Q","","","","","14.5",",,Q,03,","","","","","","","14.5",",,,Q","","","","","",""
"ZI000067789","1974-08","-17.033","30.85","1480.0","MVURWI, ZI","","","","","0",",Q","0",",Q","0",",Q","","","","","","","","","","","","","19740831","+,,Q","","","","","0.0",",,Q,31,+","","","","","","","0.0",",,,Q","","","","","",""
"ZI000067789","1974-09","-17.033","30.85","1480.0","MVURWI, ZI","","","","","0",",Q","0",",Q","0",",Q","","","","","","","","","","","","","19740930","+,,Q","","","","","0.0",",,Q,30,+","","","","","","","0.0",",,,Q","","","","","",""
"ZI000067789","1974-10","-17.033","30.85","1480.0","MVURWI, ZI","","","","","0",",Q","0",",Q","0",",Q","","","","","","","","","","","","","19741031","+,,Q","","","","","0.0",",,Q,31,+","","","","","","","0.0",",,,Q","","","","","",""
"ZI000067789","1974-11","-17.033","30.85","1480.0","MVURWI, ZI","","","","","10",",Q","6",",Q","2",",Q","","","","","","","","","","","","","19741128",",,Q","","","","","29.9",",,Q,28,","","","","","","","90.2",",,,Q","","","","","",""
"ZI000067789","1974-12","-17.033","30.85","1480.0","MVURWI, ZI","","","","","18",",Q","13",",Q","4",",Q","","","","","","","","","","","","","19741217",",,Q","","","","","34.0",",,Q,17,","","","","","","","196.5",",,,Q","","","","","",""
"ZI000067789","1975-01","-17.033","30.85","1480.0","MVURWI, ZI","","","","","16",",Q","13",",Q","2",",Q","","","","","","","","","","","","","19750112",",,Q","","","","","37.0",",,Q,12,","","","","","","","198.0",",,,Q","","","","","",""
"ZI000067789","1975-02","-17.033","30.85","1480.0","MVURWI, ZI","","","","","22",",Q","18",",Q","3",",Q","","","","","","","","","","","","","19750202",",,Q","","","","","33.0",",,Q,02,","","","","","","","258.1",",,,Q","","","","","",""
"ZI000067789","1975-03","-17.033","30.85","1480.0","MVURWI, ZI","","","","","9",",Q","8",",Q","2",",Q","","","","","","","","","","","","","19750309",",,Q","","","","","57.0",",,Q,09,","","","","","","","135.4",",,,Q","","","","","",""
"ZI000067789","1975-04","-17.033","30.85","1480.0","MVURWI, ZI","","","","","7",",Q","3",",Q","0",",Q","","","","","","","","","","","","","19750418",",,Q","","","","","11.7",",,Q,18,","","","","","","","23.4",",,,Q","","","","","",""
"ZI000067789","1975-05","-17.033","30.85","1480.0","MVURWI, ZI","","","","","0",",Q","0",",Q","0",",Q","","","","","","","","","","","","","19750531","+,,Q","","","","","0.0",",,Q,31,+","","","","","","","0.0",",,,Q","","","","","",""
"ZI000067789","1975-06","-17.033","30.85","1480.0","MVURWI, ZI","","","","","0",",Q","0",",Q","0",",Q","","","","","","","","","","","","","19750630","+,,Q","","","","","0.0",",,Q,30,+","","","","","","","0.0",",,,Q","","","","","",""
"ZI000067789","1975-07","-17.033","30.85","1480.0","MVURWI, ZI","","","","","0",",Q","0",",Q","0",",Q","","","","","","","","","","","","","19750731","+,,Q","","","","","0.0",",,Q,31,+","","","","","","","0.0",",,,Q","","","","","",""
"ZI000067789","1975-08","-17.033","30.85","1480.0","MVURWI, ZI","","","","","0",",Q","0",",Q","0",",Q","","","","","","","","","","","","","19750831","+,,Q","","","","","0.0",",,Q,31,+","","","","","","","0.0",",,,Q","","","","","",""
"ZI000067789","1975-09","-17.033","30.85","1480.0","MVURWI, ZI","","","","","0",",Q","0",",Q","0",",Q","","","","","","","","","","","","","19750930","+,,Q","","","","","0.0",",,Q,30,+","","","","","","","0.0",",,,Q","","","","","",""
"ZI000067789","1975-10","-17.033","30.85","1480.0","MVURWI, ZI","","","","","1",",Q","1",",Q","1",",Q","","","","","","","","","","","","","19751027",",,Q","","","","","25.5",",,Q,27,","","","","","","","25.5",",,,Q","","","","","",""
"ZI000067789","1975-11","-17.033","30.85","1480.0","MVURWI, ZI","","","","","2",",Q","2",",Q","0",",Q","","","","","","","","","","","","","19751128","+,,Q","","","","","16.4",",,Q,28,+","","","","","","","33.1",",,,Q","","","","","",""
"ZI000067789","1975-12","-17.033","30.85","1480.0","MVURWI, ZI","","","","","17",",Q","13",",Q","0",",Q","","","","","","","","","","","","","19751226",",,Q","","","","","21.2",",,Q,26,","","","","","","","121.3",",,,Q","","","","","",""
"ZI000067789","1976-01","-17.033","30.85","1480.0","MVURWI, ZI","","","","","20",",Q","17",",Q","4",",Q","","","","","","","","","","","","","19760117",",,Q","","","","","57.8",",,Q,17,","","","","","","","312.8",",,,Q","","","","","",""
"ZI000067789","1976-02","-17.033","30.85","1480.0","MVURWI, ZI","","","","","12",",Q","9",",Q","2",",Q","","","","","","","","","","","","","19760214",",,Q","","","","","37.9",",,Q,14,","","","","","","","141.1",",,,Q","","","","","",""
"ZI000067789","1976-03","-17.033","30.85","1480.0","MVURWI, ZI","","","","","20",",Q","15",",Q","3",",Q","","","","","","","","","","","","","19760313",",,Q","","","","","75.7",",,Q,13,","","","","","","","280.8",",,,Q","","","","","",""
"ZI000067789","1976-04","-17.033","30.85","1480.0","MVURWI, ZI","","","","","8",",Q","5",",Q","1",",Q","","","","","","","","","","","","","19760403",",,Q","","","","","45.4",",,Q,03,","","","","","","","68.1",",,,Q","","","","","",""
"ZI000067789","1976-05","-17.033","30.85","1480.0","MVURWI, ZI","","","","","5",",Q","2",",Q","0",",Q","","","","","","","","","","","","","19760522",",,Q","","","","","3.5",",,Q,22,","","","","","","","8.9",",,,Q","","","","","",""
"ZI000067789","1976-06","-17.033","30.85","1480.0","MVURWI, ZI","","","","","0",",Q","0",",Q","0",",Q","","","","","","","","","","","","","19760630","+,,Q","","","","","0.0",",,Q,30,+","","","","","","","0.0",",,,Q","","","","","",""
"ZI000067789","1976-07","-17.033","30.85","1480.0","MVURWI, ZI","","","","","0",",Q","0",",Q","0",",Q","","","","","","","","","","","","","19760731","+,,Q","","","","","0.0",",,Q,31,+","","","","","","","0.0",",,,Q","","","","","",""
"ZI000067789","1976-08","-17.033","30.85","1480.0","MVURWI, ZI","","","","","0",",Q","0",",Q","0",",Q","","","","","","","","","","","","","19760831","+,,Q","","","","","0.0",",,Q,31,+","","","","","","","0.0",",,,Q","","","","","",""
"ZI000067789","1976-09","-17.033","30.85","1480.0","MVURWI, ZI","","","","","0",",Q","0",",Q","0",",Q","","","","","","","","","","","","","19760930","+,,Q","","","","","0.0",",,Q,30,+","","","","","","","0.0",",,,Q","","","","","",""
"ZI000067789","1976-10","-17.033","30.85","1480.0","MVURWI, ZI","","","","","4",",Q","4",",Q","0",",Q","","","","","","","","","","","","","19761017",",,Q","","","","","8.7",",,Q,17,","","","","","","","25.7",",,,Q","","","","","",""
"ZI000067789","1976-11","-17.033","30.85","1480.0","MVURWI, ZI","","","","","5",",Q","3",",Q","0",",Q","","","","","","","","","","","","","19761114",",,Q","","","","","7.8",",,Q,14,","","","","","","","17.7",",,,Q","","","","","",""
"ZI000067789","1976-12","-17.033","30.85","1480.0","MVURWI, ZI","","","","","17",",Q","14",",Q","3",",Q","","","","","","","","","","","","","19761215",",,Q","","","","","50.5",",,Q,15,","","","","","","","212.0",",,,Q","","","","","",""
"ZI000067789","1977-01","-17.033","30.85","1480.0","MVURWI, ZI","","","","","17",",Q","14",",Q","4",",Q","","","","","","","","","","","","","19770115",",,Q","","","","","54.3",",,Q,15,","","","","","","","240.3",",,,Q","","","","","",""
"ZI000067789","1977-02","-17.033","30.85","1480.0","MVURWI, ZI","","","","","22",",Q","17",",Q","4",",Q","","","","","","","","","","","","","19770217",",,Q","","","","","49.4",",,Q,17,","","","","","","","293.4",",,,Q","","","","","",""
"ZI000067789","1977-03","-17.033","30.85","1480.0","MVURWI, ZI","","","","","13",",Q","8",",Q","3",",Q","","","","","","","","","","","","","19770316",",,Q","","","","","38.6",",,Q,16,","","","","","","","127.8",",,,Q","","","","","",""
"ZI000067789","1977-04","-17.033","30.85","1480.0","MVURWI, ZI","","","","","3",",Q","3",",Q","0",",Q","","","","","","","","","","","","","19770401",",,Q","","","","","21.4",",,Q,01,","","","","","","","32.2",",,,Q","","","","","",""
"ZI000067789","1977-05","-17.033","30.85","1480.0","MVURWI, ZI","","","","","1",",Q","0",",Q","0",",Q","","","","","","","","","","","","","19770523",",,Q","","","","","0.3",",,Q,23,","","","","","","","0.3",",,,Q","","","","","",""
"ZI000067789","1977-06","-17.033","30.85","1480.0","MVURWI, ZI","","","","","0",",Q","0",",Q","0",",Q","","","","","","","","","","","","","19770630","+,,Q","","","","","0.0",",,Q,30,+","","","","","","","0.0",",,,Q","","","","","",""
"ZI000067789","1977-07","-17.033","30.85","1480.0","MVURWI, ZI","","","","","1",",Q","0",",Q","0",",Q","","","","","","","","","","","","","19770731",",,Q","","","","","0.3",",,Q,31,","","","","","","","0.3",",,,Q","","","","","",""
"ZI000067789","1977-08","-17.033","30.85","1480.0","MVURWI, ZI","","","","","2",",Q","1",",Q","0",",Q","","","","","","","","","","","","","19770811",",,Q","","","","","4.5",",,Q,11,","","","","","","","5.6",",,,Q","","","","","",""
"ZI000067789","1977-09","-17.033","30.85","1480.0","MVURWI, ZI","","","","","3",",Q","3",",Q","0",",Q","","","","","","","","","","","","","19770925",",,Q","","","","","11.4",",,Q,25,","","","","","","","28.1",",,,Q","","","","","",""
"ZI000067789","1977-10","-17.033","30.85","1480.0","MVURWI, ZI","","","","","1",",Q","0",",Q","0",",Q","","","","","","","","","","","","","19771022",",,Q","","","","","1.1",",,Q,22,","","","","","","","1.1",",,,Q","","","","","",""
"ZI000067789","1977-11","-17.033","30.85","1480.0","MVURWI, ZI","","","","","13",",Q","10",",Q","1",",Q","","","","","","","","","","","","","19771125",",,Q","","","","","50.6",",,Q,25,","","","","","","","114.9",",,,Q","","","","","",""
"ZI000067789","1977-12","-17.033","30.85","1480.0","MVURWI, ZI","","","","","22",",Q","16",",Q","1",",Q","","","","","","","","","","","","","19771203",",,Q","","","","","35.3",",,Q,03,","","","","","","","195.4",",,,Q","","","","","",""
"ZI000067789","1978-01","-17.033","30.85","1480.0","MVURWI, ZI","","","","","21",",Q","20",",Q","3",",Q","","","","","","","","","","","","","19780121",",,Q","","","","","30.5",",,Q,21,","","","","","","","246.7",",,,Q","","","","","",""
"ZI000067789","1978-02","-17.033","30.85","1480.0","MVURWI, ZI","","","","","19",",Q","10",",Q","4",",Q","","","","","","","","","","","","","19780218",",,Q","","","","","52.6",",,Q,18,","","","","","","","224.6",",,,Q","","","","","",""
"ZI000067789","1978-03","-17.033","30.85","1480.0","MVURWI, ZI","","","","","19",",Q","15",",Q","4",",Q","","","","","","","","","","","","","19780305",",,Q","","","","","90.8",",,Q,05,","","","","","","","309.3",",,,Q","","","","","",""
"ZI000067789","1978-04","-17.033","30.85","1480.0","MVURWI, ZI","","","","","13",",Q","8",",Q","2",",Q","","","","","","","","","","","","","19780401",",,Q","","","","","28.5",",,Q,01,","","","","","","","109.1",",,,Q","","","","","",""
"ZI000067789","1978-05","-17.033","30.85","1480.0","MVURWI, ZI","","","","","2",",Q","0",",Q","0",",Q","","","","","","","","","","","","","19780524",",,Q","","","","","2.2",",,Q,24,","","","","","","","2.7",",,,Q","","","","","",""
"ZI000067789","1978-06","-17.033","30.85","1480.0","MVURWI, ZI","","","","","2",",Q","0",",Q","0",",Q","","","","","","","","","","","","","19780611",",,Q","","","","","2.0",",,Q,11,","","","","","","","2.6",",,,Q","","","","","",""
"ZI000067789","1978-07","-17.033","30.85","1480.0","MVURWI, ZI","","","","","0",",Q","0",",Q","0",",Q","","","","","","","","","","","","","19780731","+,,Q","","","","","0.0",",,Q,31,+","","","","","","","0.0",",,,Q","","","","","",""
"ZI000067789","1978-08","-17.033","30.85","1480.0","MVURWI, ZI","","","","","0",",Q","0",",Q","0",",Q","","","","","","","","","","","","","19780831","+,,Q","","","","","0.0",",,Q,31,+","","","","","","","0.0",",,,Q","","","","","",""
"ZI000067789","1978-09","-17.033","30.85","1480.0","MVURWI, ZI","","","","","0",",Q","0",",Q","0",",Q","","","","","","","","","","","","","19780930","+,,Q","","","","","0.0",",,Q,30,+","","","","","","","0.0",",,,Q","","","","","",""
"ZI000067789","1978-10","-17.033","30.85","1480.0","MVURWI, ZI","","","","","6",",Q","4",",Q","1",",Q","","","","","","","","","","","","","19781025",",,Q","","","","","37.9",",,Q,25,","","","","","","","60.8",",,,Q","","","","","",""
"ZI000067789","1978-11","-17.033","30.85","1480.0","MVURWI, ZI","","","","","7",",Q","5",",Q","0",",Q","","","","","","","","","","","","","19781130",",,Q","","","","","13.0",",,Q,30,","","","","","","","40.4",",,,Q","","","","","",""
"ZI000067789","1978-12","-17.033","30.85","1480.0","MVURWI, ZI","","","","","17",",Q","10",",Q","1",",Q","","","","","","","","","","","","","19781222",",,Q","","","","","37.1",",,Q,22,","","","","","","","159.0",",,,Q","","","","","",""
"ZI000067789","1979-01","-17.033","30.85","1480.0","MVURWI, ZI","","","","","9",",Q","7",",Q","2",",Q","","","","","","","","","","","","","19790121",",,Q","","","","","26.1",",,Q,21,","","","","","","","84.5",",,,Q","","","","","",""
"ZI000067789","1979-02","-17.033","30.85","1480.0","MVURWI, ZI","","","","","14",",Q","11",",Q","2",",Q","","","","","","","","","","","","","19790226",",,Q","","","","","42.0",",,Q,26,","","","","","","","194.8",",,,Q","","","","","",""
"ZI000067789","1979-03","-17.033","30.85","1480.0","MVURWI, ZI","","","","","13",",Q","7",",Q","0",",Q","","","","","","","","","","","","","19790304",",,Q","","","","","22.0",",,Q,04,","","","","","","","80.5",",,,Q","","","","","",""
"ZI000067789","1979-04","-17.033","30.85","1480.0","MVURWI, ZI","","","","","3",",Q","0",",Q","0",",Q","","","","","","","","","","","","","19790413",",,Q","","","","","2.3",",,Q,13,","","","","","","","4.6",",,,Q","","","","","",""
"ZI000067789","1979-05","-17.033","30.85","1480.0","MVURWI, ZI","","","","","1",",Q","0",",Q","0",",Q","","","","","","","","","","","","","19790517",",,Q","","","","","0.9",",,Q,17,","","","","","","","0.9",",,,Q","","","","","",""
"ZI000067789","1979-06","-17.033","30.85","1480.0","MVURWI, ZI","","","","","0",",Q","0",",Q","0",",Q","","","","","","","","","","","","","19790630","+,,Q","","","","","0.0",",,Q,30,+","","","","","","","0.0",",,,Q","","","","","",""
"ZI000067789","1979-07","-17.033","30.85","1480.0","MVURWI, ZI","","","","","1",",Q","0",",Q","0",",Q","","","","","","","","","","","","","19790704",",,Q","","","","","0.6",",,Q,04,","","","","","","","0.6",",,,Q","","","","","",""
"ZI000067789","1979-08","-17.033","30.85","1480.0","MVURWI, ZI","","","","","0",",Q","0",",Q","0",",Q","","","","","","","","","","","","","19790831","+,,Q","","","","","0.0",",,Q,31,+","","","","","","","0.0",",,,Q","","","","","",""
"ZI000067789","1979-09","-17.033","30.85","1480.0","MVURWI, ZI","","","","","0",",Q","0",",Q","0",",Q","","","","","","","","","","","","","19790930","+,,Q","","","","","0.0",",,Q,30,+","","","","","","","0.0",",,,Q","","","","","",""
"ZI000067789","1979-10","-17.033","30.85","1480.0","MVURWI, ZI","","","","","5",",Q","1",",Q","0",",Q","","","","","","","","","","","","","19791022",",,Q","","","","","2.5",",,Q,22,","","","","","","","5.1",",,,Q","","","","","",""
"ZI000067789","1979-11","-17.033","30.85","1480.0","MVURWI, ZI","","","","","10",",Q","8",",Q","1",",Q","","","","","","","","","","","","","19791121",",,Q","","","","","29.4",",,Q,21,","","","","","","","95.8",",,,Q","","","","","",""
"ZI000067789","1979-12","-17.033","30.85","1480.0","MVURWI, ZI","","","","","12",",Q","9",",Q","1",",Q","","","","","","","","","","","","","19791204",",,Q","","","","","47.2",",,Q,04,","","","","","","","110.4",",,,Q","","","","","",""
"ZI000067789","1980-01","-17.033","30.85","1480.0","MVURWI, ZI","","","","","14",",Q","11",",Q","2",",Q","","","","","","","","","","","","","19800126",",,Q","","","","","42.6",",,Q,26,","","","","","","","137.7",",,,Q","","","","","",""
"ZI000067789","1980-03","-17.033","30.85","1480.0","MVURWI, ZI","","","","","18",",Q","11",",Q","2",",Q","","","","","","","","","","","","","19800308",",,Q","","","","","42.0",",,Q,08,","","","","","","","178.1",",,,Q","","","","","",""
"ZI000067789","1981-07","-17.033","30.85","1480.0","MVURWI, ZI","0.0","Q","0.0",",Q","0",",Q","0",",Q","0",",Q","0",",Q","0",",Q","0",",Q","6",",Q","0",",Q","19810722",",,Q","19810731","+,,Q","19810701",",,Q","3.1",",Q,22,","0.0",",,Q,31,+","24.0",",Q,01,","","","176.1",",Q","0.0",",,,Q","12.65",",Q","19.82",",,,Q","5.49",",,,Q"
"ZI000067789","1981-08","-17.033","30.85","1480.0","MVURWI, ZI","7.9","Q","7.9",",Q","0",",Q","0",",Q","0",",Q","0",",Q","0",",Q","0",",Q","22",",Q","0",",Q","19810810",",,Q","19810831","+,,Q","19810828",",,Q","3.3",",Q,10,","0.0",",,Q,31,+","29.8",",Q,28,","","","96.1",",Q","0.0",",,,Q","15.49",",Q","23.04",",,,Q","7.93",",,,Q"
"ZI000067789","1981-09","-17.033","30.85","1480.0","MVURWI, ZI","46.3","Q","38.4",",Q","0",",Q","0",",Q","0",",Q","0",",Q","0",",Q","0",",Q","25",",Q","0",",Q","19810907","+,,Q","19810930","+,,Q","19810929","+,,Q","5.0",",Q,07,+","0.0",",,Q,30,+","30.1",",Q,29,+","","","44.7",",Q","0.0",",,,Q","18.12",",Q","25.68",",,,Q","10.56",",,,Q"
"ZI000067789","1981-10","-17.033","30.85","1480.0","MVURWI, ZI","88.1","Q","41.8",",Q","7",",Q","1",",Q","0",",Q","0",",Q","0",",Q","0",",Q","31",",Q","0",",Q","19811022",",,Q","19811024",",,Q","19811017","+,,Q","8.3",",Q,22,","10.5",",,Q,24,","30.7",",Q,17,+","","","12.0",",Q","15.9",",,,Q","19.30",",Q","26.19",",,,Q","12.40",",,,Q"
"ZI000067789","1981-11","-17.033","30.85","1480.0","MVURWI, ZI","186.2","Q","98.1",",Q","8",",Q","6",",Q","1",",Q","0",",Q","0",",Q","0",",Q","30",",Q","1",",Q","19811104",",,Q","19811127",",,Q","19811108",",,Q","11.6",",Q,04,","26.5",",,Q,27,","32.4",",Q,08,","","","0.0",",Q","64.7",",,,Q","21.60",",Q","27.79",",,,Q","15.42",",,,Q"
"ZI000067789","1981-12","-17.033","30.85","1480.0","MVURWI, ZI","272.3","Q","86.1",",Q","10",",Q","9",",Q","3",",Q","0",",Q","0",",Q","0",",Q","31",",Q","0",",Q","19811204",",,Q","19811227",",,Q","19811224",",,Q","11.0",",Q,04,","91.5",",,Q,27,","31.1",",Q,24,","","","0.2",",Q","238.0",",,,Q","21.10",",Q","26.91",",,,Q","15.30",",,,Q"
"ZI000067789","1982-01","-17.033","30.85","1480.0","MVURWI, ZI","342.6","Q","70.3",",Q","21",",Q","15",",Q","1",",Q","0",",Q","0",",Q","0",",Q","30",",Q","0",",Q","19820131",",,Q","19820106",",,Q","19820113",",,Q","14.0",",Q,31,","52.0",",,Q,06,","28.3",",Q,13,","0.0","Q","0.0",",Q","149.8",",,,Q","20.60",",Q","25.11",",,,Q","16.09",",,,Q"
"ZI000067789","1982-02","-17.033","30.85","1480.0","MVURWI, ZI","394.1","Q","51.5",",Q","15",",Q","13",",Q","4",",Q","0",",Q","0",",Q","0",",Q","24",",Q","0",",Q","19820227",",,Q","19820222",",,Q","19820205",",,Q","12.8",",Q,27,","45.8",",,Q,22,","29.0",",Q,05,","2.0","Q","2.0",",Q","238.1",",,,Q","20.10",",Q","24.67",",,,Q","15.53",",,,Q"
"ZI000067789","1982-03","-17.033","30.85","1480.0","MVURWI, ZI","461.8","Q","67.7",",Q","10",",Q","5",",Q","2",",Q","0",",Q","0",",Q","0",",Q","30",",Q","0",",Q","19820311",",,Q","19820327",",,Q","19820324",",,Q","12.5",",Q,11,","47.5",",,Q,27,","29.2",",Q,24,","4.4","Q","2.4",",Q","92.6",",,,Q","20.44",",Q","26.22",",,,Q","14.65",",,,Q"
"ZI000067789","1982-04","-17.033","30.85","1480.0","MVURWI, ZI","485.9","Q","24.1",",Q","2",",Q","2",",Q","0",",Q","0",",Q","0",",Q","0",",Q","26",",Q","0",",Q","19820428","+,,Q","19820419",",,Q","19820419",",,Q","10.0",",Q,28,+","7.8",",,Q,19,","29.0",",Q,19,","19.4","Q","15.0",",Q","11.6",",,,Q","18.64",",Q","24.50",",,,Q","12.78",",,,Q"
"ZI000067789","1982-05","-17.033","30.85","1480.0","MVURWI, ZI","486.8","Q","0.9",",Q","2",",Q","1",",Q","0",",Q","0",",Q","0",",Q","0",",Q","24",",Q","0",",Q","19820531",",,Q","19820501",",,Q","19820501",",,Q","5.7",",Q,31,","16.4",",,Q,01,","27.0",",Q,01,","111.7","Q","92.3",",Q","17.9",",,,Q","15.38",",Q","22.00",",,,Q","8.77",",,,Q"
"ZI000067789","1982-06","-17.033","30.85","1480.0","MVURWI, ZI","486.8","Q","0.0",",Q","0",",Q","0",",Q","0",",Q","0",",Q","0",",Q","0",",Q","18",",Q","0",",Q","19820610",",,Q","19820630","+,,Q","19820615",",,Q","4.0",",Q,10,","0.0",",,Q,30,+","25.4",",Q,15,","227.3","Q","115.6",",Q","0.0",",,,Q","14.48",",Q","21.57",",,,Q","7.39",",,,Q"
"ZI000067789","1982-07","-17.033","30.85","1480.0","MVURWI, ZI","0.0","Q","0.0",",Q","1",",Q","1",",Q","0",",Q","0",",Q","0",",Q","0",",Q","13",",Q","0",",Q","19820716",",,Q","19820705",",,Q","19820729",",,Q","2.6",",Q,16,","4.1",",,Q,05,","25.8",",Q,29,","373.5","Q","146.2",",Q","4.1",",,,Q","13.62",",Q","20.54",",,,Q","6.69",",,,Q"
"ZI000067789","1982-08","-17.033","30.85","1480.0","MVURWI, ZI","0.0","Q","0.0",",Q","0",",Q","0",",Q","0",",Q","0",",Q","0",",Q","0",",Q","25",",Q","0",",Q","19820826","+,,Q","19820831","+,,Q","19820821",",,Q","5.0",",Q,26,+","0.0",",,Q,31,+","25.7",",Q,21,","474.5","Q","101.0",",Q","0.0",",,,Q","15.07",",Q","22.58",",,,Q","7.56",",,,Q"
"ZI000067789","1982-09","-17.033","30.85","1480.0","MVURWI, ZI","6.9","Q","6.9",",Q","0",",Q","0",",Q","0",",Q","0",",Q","0",",Q","0",",Q","28",",Q","0",",Q","19820911",",,Q","19820930","+,,Q","19820903",",,Q","8.2",",Q,11,","0.0",",,Q,30,+","29.4",",Q,03,","505.7","Q","31.2",",Q","0.0",",,,Q","17.52",",Q","25.04",",,,Q","10.01",",,,Q"
"ZI000067789","1982-10","-17.033","30.85","1480.0","MVURWI, ZI","56.9","Q","50.0",",Q","5",",Q","3",",Q","1",",Q","0",",Q","0",",Q","0",",Q","29",",Q","0",",Q","19821002",",,Q","19821021",",,Q","19821016","+,,Q","9.6",",Q,02,","61.7",",,Q,21,","30.8",",Q,16,+","521.1","Q","15.4",",Q","86.6",",,,Q","19.45",",Q","25.83",",,,Q","13.07",",,,Q"
"ZI000067789","1982-11","-17.033","30.85","1480.0","MVURWI, ZI","154.2","Q","97.3",",Q","7",",Q","1",",Q","0",",Q","0",",Q","0",",Q","0",",Q","30",",Q","0",",Q","19821117","+,,Q","19821113",",,Q","19821120",",,Q","12.0",",Q,17,+","9.6",",,Q,13,","31.2",",Q,20,","521.1","Q","0.0",",Q","15.3",",,,Q","21.58",",Q","27.52",",,,Q","15.63",",,,Q"
"ZI000067789","1982-12","-17.033","30.85","1480.0","MVURWI, ZI","255.5","Q","101.3",",Q","11",",Q","8",",Q","1",",Q","0",",Q","0",",Q","0",",Q","30",",Q","0",",Q","19821203",",,Q","19821214",",,Q","19821207",",,Q","14.0",",Q,03,","104.8",",,Q,14,","31.5",",Q,07,","521.6","Q","0.5",",Q","194.8",",,,Q","21.58",",Q","27.35",",,,Q","15.82",",,,Q"
"ZI000067789","1983-01","-17.033","30.85","1480.0","MVURWI, ZI","365.2","","109.7",",Q","14",",Q","10",",Q","5",",Q","0",",Q","0",",Q","0",",Q","31",",Q","0",",Q","19830111","+,,Q","19830120",",,Q","19830111",",,Q","15.4",",Q,11,+","71.7",",,Q,20,","30.6",",Q,11,","0.0","","0.0",",Q","312.2",",,,Q","21.87",",Q","26.90",",,,Q","16.85",",,,Q"
"ZI000067789","1983-02","-17.033","30.85","1480.0","MVURWI, ZI","439.4","","74.2",",Q","11",",Q","8",",Q","3",",Q","0",",Q","0",",Q","0",",Q","28",",Q","0",",Q","19830219","+,,Q","19830201",",,Q","19830223",",,Q","13.0",",Q,19,+","43.9",",,Q,01,","29.5",",Q,23,","0.0","","0.0",",Q","150.2",",,,Q","20.98",",Q","26.34",",,,Q","15.63",",,,Q"
"ZI000067789","1983-03","-17.033","30.85","1480.0","MVURWI, ZI","527.5","","88.1",",Q","10",",Q","5",",Q","0",",Q","0",",Q","0",",Q","0",",Q","31",",Q","0",",Q","19830329",",,Q","19830308",",,Q","19830306",",,Q","12.5",",Q,29,","21.6",",,Q,08,","29.8",",Q,06,","0.0","","0.0",",Q","61.5",",,,Q","21.18",",Q","26.80",",,,Q","15.55",",,,Q"
"ZI000067789","1983-04","-17.033","30.85","1480.0","MVURWI, ZI","578.9","","51.4",",Q","2",",Q","1",",Q","0",",Q","0",",Q","0",",Q","0",",Q","29",",Q","0",",Q","19830428",",,Q","19830427",",,Q","19830419",",,Q","9.5",",Q,28,","13.3",",,Q,27,","29.9",",Q,19,","8.0","","8.0",",Q","14.6",",,,Q","19.78",",Q","26.20",",,,Q","13.36",",,,Q"
"ZI000067789","1983-05","-17.033","30.85","1480.0","MVURWI, ZI","594.6","","15.7",",Q","1",",Q","1",",Q","0",",Q","0",",Q","0",",Q","0",",Q","30",",Q","0",",Q","19830525",",,Q","19830506",",,Q","19830516",",,Q","7.0",",Q,25,","7.4",",,Q,06,","28.7",",Q,16,","28.4","","20.4",",Q","7.4",",,,Q","18.18",",Q","25.07",",,,Q","11.29",",,,Q"
"ZI000067789","1983-06","-17.033","30.85","1480.0","MVURWI, ZI","594.6","","0.0",",Q","2",",Q","1",",Q","0",",Q","0",",Q","0",",Q","0",",Q","26",",Q","0",",Q","19830630",",,Q","19830617",",,Q","19830625",",,Q","6.6",",Q,30,","15.8",",,Q,17,","24.0",",Q,25,","117.1","","88.7",",Q","17.8",",,,Q","15.38",",Q","22.38",",,,Q","8.37",",,,Q"
"ZI000067789","1983-07","-17.033","30.85","1480.0","MVURWI, ZI","0.0","","0.0",",Q","1",",Q","1",",Q","0",",Q","0",",Q","0",",Q","0",",Q","14",",Q","0",",Q","19830725",",,Q","19830703",",,Q","19830722",",,Q","4.3",",Q,25,","14.2",",,Q,03,","24.8",",Q,22,","245.2","","128.1",",Q","14.2",",,,Q","14.20",",Q","21.28",",,,Q","7.13",",,,Q"
"ZI000067789","1983-08","-17.033","30.85","1480.0","MVURWI, ZI","2.1","","2.1",",Q","2",",Q","1",",Q","0",",Q","0",",Q","0",",Q","0",",Q","21",",Q","0",",Q","19830811",",,Q","19830808",",,Q","19830807",",,Q","3.4",",Q,11,","7.1",",,Q,08,","27.7",",Q,07,","361.7","","116.5",",Q","8.1",",,,Q","14.64",",Q","22.26",",,,Q","7.02",",,,Q"
"ZI000067789","1983-09","-17.033","30.85","1480.0","MVURWI, ZI","56.8","","54.7",",Q","0",",Q","0",",Q","0",",Q","0",",Q","0",",Q","0",",Q","30",",Q","0",",Q","19830907",",,Q","19830930","+,,Q","19830914",",,Q","6.4",",Q,07,","0.0",",,Q,30,+","31.5",",Q,14,","383.7","","22.0",",Q","0.0",",,,Q","19.42",",Q","27.26",",,,Q","11.58",",,,Q"
"ZI000067789","1983-10","-17.033","30.85","1480.0","MVURWI, ZI","120.3","","63.5",",Q","4",",Q","2",",Q","0",",Q","0",",Q","0",",Q","0",",Q","29",",Q","1",",Q","19831009",",,Q","19831014",",,Q","19831031",",,Q","10.1",",Q,09,","6.4",",,Q,14,","32.2",",Q,31,","390.1","","6.4",",Q","11.9",",,,Q","20.17",",Q","26.98",",,,Q","13.36",",,,Q"
"ZI000067789","1984-07","-17.033","30.85","1480.0","MVURWI, ZI","0.0","Q","0.0",",Q","0",",Q","0",",Q","0",",Q","0",",Q","0",",Q","0",",Q","15",",Q","0",",Q","19840703",",,Q","19840731","+,,Q","19840723",",,Q","5.6",",Q,03,","0.0",",,Q,31,+","23.8",",Q,23,","","","121.7",",Q","0.0",",,,Q","14.41",",Q","21.18",",,,Q","7.64",",,,Q"
"ZI000067789","1984-08","-17.033","30.85","1480.0","MVURWI, ZI","0.0","Q","0.0",",Q","0",",Q","0",",Q","0",",Q","0",",Q","0",",Q","0",",Q","24",",Q","0",",Q","19840819",",,Q","19840831","+,,Q","19840827",",,Q","5.4",",Q,19,","0.0",",,Q,31,+","26.2",",Q,27,","","","100.8",",Q","0.0",",,,Q","15.08",",Q","22.48",",,,Q","7.68",",,,Q"
"ZI000067789","1984-09","-17.033","30.85","1480.0","MVURWI, ZI","40.8","Q","40.8",",Q","0",",Q","0",",Q","0",",Q","0",",Q","0",",Q","0",",Q","30",",Q","1",",Q","19840901",",,Q","19840919",",,Q","19840905",",,Q","7.1",",Q,01,","0.1",",,Q,19,","32.3",",Q,05,","","","4.3",",Q","0.1",",,,Q","19.55",",Q","27.32",",,,Q","11.78",",,,Q"
"ZI000067789","1984-10","-17.033","30.85","1480.0","MVURWI, ZI","149.1","Q","108.3",",Q","0",",Q","0",",Q","0",",Q","0",",Q","0",",Q","0",",Q","31",",Q","0",",Q","19841019",",,Q","19841031","+,,Q","19841015",",,Q","9.8",",Q,19,","0.0",",,Q,31,+","32.0",",Q,15,","","","0.0",",Q","0.0",",,,Q","21.83",",Q","28.76",",,,Q","14.89",",,,Q"
"ZI000067789","1984-11","-17.033","30.85","1480.0","MVURWI, ZI","222.0","Q","72.9",",Q","10",",Q","8",",Q","0",",Q","0",",Q","0",",Q","0",",Q","28",",Q","0",",Q","19841116",",,Q","19841130",",,Q","19841117",",,Q","12.2",",Q,16,","14.0",",,Q,30,","31.4",",Q,17,","","","8.8",",Q","60.8",",,,Q","20.47",",Q","25.62",",,,Q","15.32",",,,Q"
"ZI000067789","1984-12","-17.033","30.85","1480.0","MVURWI, ZI","286.1","Q","64.1",",Q","18",",Q","14",",Q","1",",Q","0",",Q","0",",Q","0",",Q","29",",Q","0",",Q","19841212",",,Q","19841220",",,Q","19841205",",,Q","12.9",",Q,12,","29.9",",,Q,20,","29.4",",Q,05,","","","0.6",",Q","173.6",",,,Q","20.38",",Q","24.93",",,,Q","15.83",",,,Q"
"ZI000067789","1985-01","-17.033","30.85","1480.0","MVURWI, ZI","350.8","Q","64.7",",Q","24",",Q","17",",Q","2",",Q","0",",Q","0",",Q","0",",Q","28",",Q","0",",Q","19850102",",,Q","19850122",",,Q","19850104",",,Q","14.4",",Q,02,","41.6",",,Q,22,","27.5",",Q,04,","0.0","Q","0.0",",Q","214.3",",,,Q","20.42",",Q","24.61",",,,Q","16.23",",,,Q"
"ZI000067789","1985-02","-17.033","30.85","1480.0","MVURWI, ZI","391.6","Q","40.8",",Q","22",",Q","20",",Q","5",",Q","0",",Q","0",",Q","0",",Q","26",",Q","0",",Q","19850220",",,Q","19850212",",,Q","19850227","+,,Q","12.0",",Q,20,","52.1",",,Q,12,","26.2",",Q,27,+","0.0","Q","0.0",",Q","341.5",",,,Q","19.79",",Q","24.21",",,,Q","15.37",",,,Q"
"ZI000067789","1985-03","-17.033","30.85","1480.0","MVURWI, ZI","450.8","Q","59.2",",Q","17",",Q","14",",Q","4",",Q","0",",Q","0",",Q","0",",Q","31",",Q","0",",Q","19850329",",,Q","19850303",",,Q","19850303",",,Q","10.8",",Q,29,","40.7",",,Q,03,","30.0",",Q,03,","2.1","Q","2.1",",Q","254.9",",,,Q","20.17",",Q","24.92",",,,Q","15.43",",,,Q"
"ZI000067789","1985-04","-17.033","30.85","1480.0","MVURWI, ZI","468.9","Q","18.1",",Q","2",",Q","1",",Q","0",",Q","0",",Q","0",",Q","0",",Q","28",",Q","0",",Q","19850429",",,Q","19850408",",,Q","19850406",",,Q","7.9",",Q,29,","11.0",",,Q,08,","27.9",",Q,06,","27.1","Q","25.0",",Q","12.1",",,,Q","18.11",",Q","24.26",",,,Q","11.95",",,,Q"
"ZI000067789","1985-05","-17.033","30.85","1480.0","MVURWI, ZI","469.6","Q","0.7",",Q","2",",Q","1",",Q","0",",Q","0",",Q","0",",Q","0",",Q","22",",Q","0",",Q","19850522",",,Q","19850531",",,Q","19850512",",,Q","6.6",",Q,22,","3.2",",,Q,31,","27.9",",Q,12,","96.8","Q","69.7",",Q","3.5",",,,Q","16.11",",Q","22.72",",,,Q","9.50",",,,Q"
"ZI000067789","1985-06","-17.033","30.85","1480.0","MVURWI, ZI","469.6","Q","0.0",",Q","1",",Q","0",",Q","0",",Q","0",",Q","0",",Q","0",",Q","9",",Q","0",",Q","19850622",",,Q","19850630",",,Q","19850613",",,Q","3.4",",Q,22,","1.0",",,Q,30,","25.6",",Q,13,","237.6","Q","140.8",",Q","1.1",",,,Q","13.64",",Q","20.75",",,,Q","6.52",",,,Q"
"ZI000067789","1985-07","-17.033","30.85","1480.0","MVURWI, ZI","0.0","Q","0.0",",Q","2",",Q","1",",Q","0",",Q","0",",Q","0",",Q","0",",Q","17",",Q","0",",Q","19850714",",,Q","19850705",",,Q","19850722",",,Q","1.2",",Q,14,","2.5",",,Q,05,","25.5",",Q,22,","379.5","Q","141.9",",Q","3.2",",,,Q","13.75",",Q","20.96",",,,Q","6.55",",,,Q"
"ZI000067789","1985-08","-17.033","30.85","1480.0","MVURWI, ZI","0.0","Q","0.0",",Q","0",",Q","0",",Q","0",",Q","0",",Q","0",",Q","0",",Q","22",",Q","0",",Q","19850827",",,Q","19850831","+,,Q","19850807",",,Q","3.9",",Q,27,","0.0",",,Q,31,+","25.1",",Q,07,","489.9","Q","110.4",",Q","0.0",",,,Q","14.77",",Q","22.07",",,,Q","7.47",",,,Q"
"ZI000067789","1985-09","-17.033","30.85","1480.0","MVURWI, ZI","26.4","Q","26.4",",Q","1",",Q","0",",Q","0",",Q","0",",Q","0",",Q","0",",Q","27",",Q","0",",Q","19850908",",,Q","19850909",",,Q","19850913",",,Q","7.6",",Q,08,","1.0",",,Q,09,","29.4",",Q,13,","512.4","Q","22.5",",Q","1.0",",,,Q","18.46",",Q","25.39",",,,Q","11.53",",,,Q"
"ZI000067789","1985-10","-17.033","30.85","1480.0","MVURWI, ZI","84.1","Q","57.7",",Q","5",",Q","0",",Q","0",",Q","0",",Q","0",",Q","0",",Q","31",",Q","0",",Q","19851012",",,Q","19851029",",,Q","19851015",",,Q","9.5",",Q,12,","1.5",",,Q,29,","30.0",",Q,15,","517.5","Q","5.1",",Q","4.1",",,,Q","20.03",",Q","26.94",",,,Q","13.11",",,,Q"
"ZI000067789","1985-11","-17.033","30.85","1480.0","MVURWI, ZI","141.3","Q","57.2",",Q","13",",Q","9",",Q","2",",Q","0",",Q","0",",Q","0",",Q","28",",Q","0",",Q","19851120",",,Q","19851102",",,Q","19851107","+,,Q","11.9",",Q,20,","41.9",",,Q,02,","29.2",",Q,07,+","523.0","Q","5.5",",Q","123.8",",,,Q","20.06",",Q","25.89",",,,Q","14.22",",,,Q"
"ZI000067789","1985-12","-17.033","30.85","1480.0","MVURWI, ZI","189.3","Q","48.0",",Q","20",",Q","16",",Q","2",",Q","0",",Q","0",",Q","0",",Q","28",",Q","0",",Q","19851210",",,Q","19851204",",,Q","19851210",",,Q","13.0",",Q,10,","61.5",",,Q,04,","28.1",",Q,10,","525.5","Q","2.5",",Q","261.5",",,,Q","19.80",",Q","23.89",",,,Q","15.70",",,,Q"
"ZI000067789","1986-01","-17.033","30.85","1480.0","MVURWI, ZI","239.0","Q","49.7",",Q","16",",Q","13",",Q","3",",Q","0",",Q","0",",Q","0",",Q","30",",Q","0",",Q","19860111","+,,Q","19860126",",,Q","19860115",",,Q","13.9",",Q,11,+","95.7",",,Q,26,","27.4",",Q,15,","0.0","Q","0.0",",Q","322.8",",,,Q","19.94",",Q","24.34",",,,Q","15.54",",,,Q"
"ZI000067789","1986-02","-17.033","30.85","1480.0","MVURWI, ZI","289.0","Q","50.0",",Q","16",",Q","14",",Q","3",",Q","0",",Q","0",",Q","0",",Q","26",",Q","0",",Q","19860215",",,Q","19860209",",,Q","19860223",",,Q","12.3",",Q,15,","37.5",",,Q,09,","28.3",",Q,23,","2.2","Q","2.2",",Q","223.8",",,,Q","20.04",",Q","24.64",",,,Q","15.45",",,,Q"
"ZI000067789","1986-03","-17.033","30.85","1480.0","MVURWI, ZI","345.2","Q","56.2",",Q","11",",Q","7",",Q","2",",Q","0",",Q","0",",Q","0",",Q","30",",Q","0",",Q","19860330",",,Q","19860325",",,Q","19860317",",,Q","11.8",",Q,30,","34.8",",,Q,25,","28.4",",Q,17,","5.0","Q","2.8",",Q","119.6",",,,Q","20.06",",Q","25.19",",,,Q","14.93",",,,Q"
"ZI000067789","1986-04","-17.033","30.85","1480.0","MVURWI, ZI","368.4","Q","23.2",",Q","12",",Q","9",",Q","0",",Q","0",",Q","0",",Q","0",",Q","23",",Q","0",",Q","19860415",",,Q","19860418",",,Q","19860415",",,Q","10.5",",Q,15,","18.2",",,Q,18,","27.8",",Q,15,","23.6","Q","18.6",",Q","76.3",",,,Q","18.49",",Q","23.40",",,,Q","13.57",",,,Q"
"ZI000067789","1986-05","-17.033","30.85","1480.0","MVURWI, ZI","368.4","Q","0.0",",Q","1",",Q","0",",Q","0",",Q","0",",Q","0",",Q","0",",Q","26",",Q","0",",Q","19860512",",,Q","19860505",",,Q","19860516",",,Q","5.8",",Q,12,","0.4",",,Q,05,","24.4",",Q,16,","103.1","Q","79.5",",Q","0.4",",,,Q","15.77",",Q","22.55",",,,Q","8.99",",,,Q"
"ZI000067789","1986-06","-17.033","30.85","1480.0","MVURWI, ZI","368.4","Q","0.0",",Q","0",",Q","0",",Q","0",",Q","0",",Q","0",",Q","0",",Q","9",",Q","0",",Q","19860615",",,Q","19860630","+,,Q","19860605",",,Q","3.1",",Q,15,","0.0",",,Q,30,+","24.8",",Q,05,","264.2","Q","161.1",",Q","0.0",",,,Q","12.96",",Q","20.03",",,,Q","5.89",",,,Q"
"ZI000067789","1986-07","-17.033","30.85","1480.0","MVURWI, ZI","0.0","Q","0.0",",Q","0",",Q","0",",Q","0",",Q","0",",Q","0",",Q","0",",Q","10",",Q","0",",Q","19860702",",,Q","19860731","+,,Q","19860716",",,Q","2.5",",Q,02,","0.0",",,Q,31,+","25.5",",Q,16,","432.2","Q","168.0",",Q","0.0",",,,Q","12.91",",Q","20.12",",,,Q","5.71",",,,Q"
"ZI000067789","1986-08","-17.033","30.85","1480.0","MVURWI, ZI","4.4","Q","4.4",",Q","0",",Q","0",",Q","0",",Q","0",",Q","0",",Q","0",",Q","27",",Q","0",",Q","19860802",",,Q","19860831","+,,Q","19860831",",,Q","3.5",",Q,02,","0.0",",,Q,31,+","27.6",",Q,31,","525.9","Q","93.7",",Q","0.0",",,,Q","15.45",",Q","23.39",",,,Q","7.52",",,,Q"
"ZI000067789","1986-09","-17.033","30.85","1480.0","MVURWI, ZI","26.1","Q","21.7",",Q","0",",Q","0",",Q","0",",Q","0",",Q","0",",Q","0",",Q","29",",Q","0",",Q","19860904",",,Q","19860930","+,,Q","19860925",",,Q","6.0",",Q,04,","0.0",",,Q,30,+","30.8",",Q,25,","552.3","Q","26.4",",Q","0.0",",,,Q","18.18",",Q","25.78",",,,Q","10.58",",,,Q"
"ZI000067789","1986-10","-17.033","30.85","1480.0","MVURWI, ZI","92.2","Q","66.1",",Q","10",",Q","7",",Q","0",",Q","0",",Q","0",",Q","0",",Q","31",",Q","0",",Q","19861001",",,Q","19861023",",,Q","19861007","+,,Q","9.7",",Q,01,","19.5",",,Q,23,","31.0",",Q,07,+","555.4","Q","3.1",",Q","75.9",",,,Q","20.36",",Q","26.90",",,,Q","13.82",",,,Q"
"ZI000067789","1986-11","-17.033","30.85","1480.0","MVURWI, ZI","165.7","Q","73.5",",Q","7",",Q","5",",Q","0",",Q","0",",Q","0",",Q","0",",Q","28",",Q","0",",Q","19861114",",,Q","19861130",",,Q","19861109",",,Q","10.2",",Q,14,","9.5",",,Q,30,","31.9",",Q,09,","557.4","Q","2.0",",Q","34.5",",,,Q","20.71",",Q","26.96",",,,Q","14.46",",,,Q"
"ZI000067789","1986-12","-17.033","30.85","1480.0","MVURWI, ZI","238.4","Q","72.7",",Q","18",",Q","16",",Q","3",",Q","0",",Q","0",",Q","0",",Q","28",",Q","0",",Q","19861213",",,Q","19861209",",,Q","19861227",",,Q","11.4",",Q,13,","50.0",",,Q,09,","30.3",",Q,27,","563.9","Q","6.5",",Q","243.1",",,,Q","20.47",",Q","25.76",",,,Q","15.17",",,,Q"
"ZI000067789","1987-01","-17.033","30.85","1480.0","MVURWI, ZI","314.4","Q","76.0",",Q","18",",Q","11",",Q","1",",Q","0",",Q","0",",Q","0",",Q","30",",Q","0",",Q","19870110",",,Q","19870103",",,Q","19870112",",,Q","12.9",",Q,10,","35.9",",,Q,03,","29.0",",Q,12,","0.0","Q","0.0",",Q","172.3",",,,Q","20.78",",Q","25.73",",,,Q","15.84",",,,Q"
"ZI000067789","1987-02","-17.033","30.85","1480.0","MVURWI, ZI","400.0","Q","85.6",",Q","10",",Q","6",",Q","0",",Q","0",",Q","0",",Q","0",",Q","28",",Q","0",",Q","19870208",",,Q","19870210",",,Q","19870204","+,,Q","13.1",",Q,08,","23.0",",,Q,10,","29.0",",Q,04,+","0.0","Q","0.0",",Q","82.4",",,,Q","21.39",",Q","26.94",",,,Q","15.84",",,,Q"
"ZI000067789","1987-03","-17.033","30.85","1480.0","MVURWI, ZI","476.7","Q","76.7",",Q","10",",Q","8",",Q","2",",Q","0",",Q","0",",Q","0",",Q","30",",Q","0",",Q","19870319","+,,Q","19870325",",,Q","19870308",",,Q","13.1",",Q,19,+","38.5",",,Q,25,","29.8",",Q,08,","0.6","Q","0.6",",Q","116.2",",,,Q","20.79",",Q","26.82",",,,Q","14.75",",,,Q"
"ZI000067789","1987-04","-17.033","30.85","1480.0","MVURWI, ZI","516.0","Q","39.3",",Q","1",",Q","1",",Q","0",",Q","0",",Q","0",",Q","0",",Q","30",",Q","0",",Q","19870421",",,Q","19870417",",,Q","19870416",",,Q","9.1",",Q,21,","5.5",",,Q,17,","29.5",",Q,16,","9.0","Q","8.4",",Q","5.5",",,,Q","19.36",",Q","26.23",",,,Q","12.49",",,,Q"
"ZI000067789","1987-05","-17.033","30.85","1480.0","MVURWI, ZI","528.0","Q","12.0",",Q","0",",Q","0",",Q","0",",Q","0",",Q","0",",Q","0",",Q","27",",Q","0",",Q","19870524",",,Q","19870531","+,,Q","19870514",",,Q","6.7",",Q,24,","0.0",",,Q,31,+","29.0",",Q,14,","58.1","Q","49.1",",Q","0.0",",,,Q","17.14",",Q","24.30",",,,Q","9.97",",,,Q"
"ZI000067789","1987-06","-17.033","30.85","1480.0","MVURWI, ZI","528.0","Q","0.0",",Q","0",",Q","0",",Q","0",",Q","0",",Q","0",",Q","0",",Q","14",",Q","0",",Q","19870628",",,Q","19870630","+,,Q","19870605",",,Q","2.0",",Q,28,","0.0",",,Q,30,+","26.6",",Q,05,","201.3","Q","143.2",",Q","0.0",",,,Q","13.56",",Q","21.07",",,,Q","6.05",",,,Q"
"ZI000067789","1987-07","-17.033","30.85","1480.0","MVURWI, ZI","0.0","Q","0.0",",Q","0",",Q","0",",Q","0",",Q","0",",Q","0",",Q","0",",Q","15",",Q","0",",Q","19870723",",,Q","19870731","+,,Q","19870728",",,Q","2.0",",Q,23,","0.0",",,Q,31,+","26.0",",Q,28,","361.0","Q","159.7",",Q","0.0",",,,Q","13.18",",Q","21.27",",,,Q","5.09",",,,Q"
"ZI000067789","1987-08","-17.033","30.85","1480.0","MVURWI, ZI","0.3","Q","0.3",",Q","1",",Q","1",",Q","0",",Q","0",",Q","0",",Q","0",",Q","22",",Q","0",",Q","19870808",",,Q","19870802",",,Q","19870831",",,Q","3.9",",Q,08,","8.0",",,Q,02,","26.6",",Q,31,","452.5","Q","91.5",",Q","8.0",",,,Q","15.39",",Q","22.53",",,,Q","8.26",",,,Q"
"ZI000067789","1987-09","-17.033","30.85","1480.0","MVURWI, ZI","39.7","Q","39.4",",Q","2",",Q","2",",Q","0",",Q","0",",Q","0",",Q","0",",Q","30",",Q","0",",Q","19870920",",,Q","19870928",",,Q","19870926",",,Q","7.6",",Q,20,","4.2",",,Q,28,","30.4",",Q,26,","464.0","Q","11.5",",Q","7.5",",,,Q","19.26",",Q","26.72",",,,Q","11.80",",,,Q"
"ZI000067789","1987-10","-17.033","30.85","1480.0","MVURWI, ZI","104.1","Q","64.4",",Q","0",",Q","0",",Q","0",",Q","0",",Q","0",",Q","0",",Q","29",",Q","0",",Q","19871005",",,Q","19871015",",,Q","19871002",",,Q","6.4",",Q,05,","0.1",",,Q,15,","31.3",",Q,02,","475.0","Q","11.0",",Q","0.1",",,,Q","20.05",",Q","27.77",",,,Q","12.34",",,,Q"
"ZI000067789","1987-11","-17.033","30.85","1480.0","MVURWI, ZI","227.9","Q","123.8",",Q","6",",Q","5",",Q","0",",Q","0",",Q","0",",Q","0",",Q","30",",Q","3",",Q","19871114",",,Q","19871130",",,Q","19871120",",,Q","10.5",",Q,14,","9.1",",,Q,30,","33.8",",Q,20,","475.0","Q","0.0",",Q","29.2",",,,Q","22.46",",Q","29.36",",,,Q","15.55",",,,Q"
"ZI000067789","1987-12","-17.033","30.85","1480.0","MVURWI, ZI","321.9","Q","94.0",",Q","16",",Q","12",",Q","5",",Q","0",",Q","0",",Q","0",",Q","30",",Q","0",",Q","19871223",",,Q","19871210",",,Q","19871224",",,Q","15.0",",Q,23,","37.5",",,Q,10,","29.3",",Q,24,","475.2","Q","0.2",",Q","221.4",",,,Q","21.36",",Q","26.27",",,,Q","16.44",",,,Q"
"ZI000067789","1988-01","-17.033","30.85","1480.0","MVURWI, ZI","399.7","Q","77.8",",Q","17",",Q","15",",Q","3",",Q","0",",Q","0",",Q","0",",Q","30",",Q","0",",Q","19880129",",,Q","19880119",",,Q","19880131",",,Q","12.5",",Q,29,","58.9",",,Q,19,","28.9",",Q,31,","0.0","Q","0.0",",Q","246.8",",,,Q","20.84",",Q","26.17",",,,Q","15.52",",,,Q"
"ZI000067789","1988-02","-17.033","30.85","1480.0","MVURWI, ZI","450.0","Q","50.3",",Q","16",",Q","12",",Q","3",",Q","0",",Q","0",",Q","0",",Q","28",",Q","0",",Q","19880205",",,Q","19880221",",,Q","19880207",",,Q","12.5",",Q,05,","59.0",",,Q,21,","27.9",",Q,07,","0.1","Q","0.1",",Q","220.3",",,,Q","20.06",",Q","24.60",",,,Q","15.53",",,,Q"
"ZI000067789","1988-03","-17.033","30.85","1480.0","MVURWI, ZI","502.4","Q","52.4",",Q","16",",Q","11",",Q","5",",Q","0",",Q","0",",Q","0",",Q","31",",Q","0",",Q","19880328",",,Q","19880308",",,Q","19880301",",,Q","11.4",",Q,28,","43.8",",,Q,08,","27.6",",Q,01,","1.0","Q","0.9",",Q","230.9",",,,Q","19.99",",Q","24.95",",,,Q","15.04",",,,Q"
"ZI000067789","1988-04","-17.033","30.85","1480.0","MVURWI, ZI","545.8","Q","43.4",",Q","4",",Q","3",",Q","0",",Q","0",",Q","0",",Q","0",",Q","29",",Q","0",",Q","19880430",",,Q","19880421",",,Q","19880408",",,Q","10.4",",Q,30,","21.3",",,Q,21,","28.6",",Q,08,","8.1","Q","7.1",",Q","33.2",",,,Q","19.54",",Q","25.22",",,,Q","13.86",",,,Q"
"ZI000067789","1988-05","-17.033","30.85","1480.0","MVURWI, ZI","545.9","Q","0.1",",Q","1",",Q","0",",Q","0",",Q","0",",Q","0",",Q","0",",Q","22",",Q","0",",Q","19880524",",,Q","19880505",",,Q","19880529",",,Q","6.1",",Q,24,","0.8",",,Q,05,","26.5",",Q,29,","101.6","Q","93.5",",Q","0.9",",,,Q","15.32",",Q","22.11",",,,Q","8.53",",,,Q"
"ZI000067789","1988-06","-17.033","30.85","1480.0","MVURWI, ZI","545.9","Q","0.0",",Q","2",",Q","2",",Q","0",",Q","0",",Q","0",",Q","0",",Q","18",",Q","0",",Q","19880614",",,Q","19880629",",,Q","19880605",",,Q","3.1",",Q,14,","16.0",",,Q,29,","25.8",",Q,05,","224.3","Q","122.7",",Q","27.9",",,,Q","14.24",",Q","21.56",",,,Q","6.92",",,,Q"
"ZI000067789","1988-07","-17.033","30.85","1480.0","MVURWI, ZI","0.0","Q","0.0",",Q","1",",Q","0",",Q","0",",Q","0",",Q","0",",Q","0",",Q","13",",Q","0",",Q","19880718",",,Q","19880701",",,Q","19880720",",,Q","2.7",",Q,18,","0.3",",,Q,01,","25.0",",Q,20,","374.6","Q","150.3",",Q","0.3",",,,Q","13.49",",Q","20.76",",,,Q","6.21",",,,Q"
"ZI000067789","1988-08","-17.033","30.85","1480.0","MVURWI, ZI","6.7","Q","6.7",",Q","1",",Q","1",",Q","0",",Q","0",",Q","0",",Q","0",",Q","25",",Q","0",",Q","19880806",",,Q","19880811",",,Q","19880831",",,Q","4.1",",Q,06,","3.9",",,Q,11,","29.0",",Q,31,","481.9","Q","107.3",",Q","3.9",",,,Q","15.09",",Q","22.95",",,,Q","7.22",",,,Q"
"ZI000067789","1988-09","-17.033","30.85","1480.0","MVURWI, ZI","28.8","Q","22.1",",Q","0",",Q","0",",Q","0",",Q","0",",Q","0",",Q","0",",Q","30",",Q","0",",Q","19880908",",,Q","19880930","+,,Q","19880916",",,Q","7.1",",Q,08,","0.0",",,Q,30,+","30.0",",Q,16,","503.6","Q","21.7",",Q","0.0",",,,Q","18.35",",Q","26.07",",,,Q","10.62",",,,Q"
"ZI000067789","1988-10","-17.033","30.85","1480.0","MVURWI, ZI","99.3","Q","70.5",",Q","5",",Q","5",",Q","0",",Q","0",",Q","0",",Q","0",",Q","27",",Q","2",",Q","19881005",",,Q","19881012",",,Q","19881011",",,Q","10.5",",Q,05,","9.4",",,Q,12,","33.5",",Q,11,","510.8","Q","7.2",",Q","30.4",",,,Q","20.38",",Q","26.72",",,,Q","14.03",",,,Q"
"ZI000067789","1988-11","-17.033","30.85","1480.0","MVURWI, ZI","156.3","Q","57.0",",Q","7",",Q","5",",Q","1",",Q","0",",Q","0",",Q","0",",Q","29",",Q","0",",Q","19881113",",,Q","19881109",",,Q","19881128",",,Q","9.9",",Q,13,","32.5",",,Q,09,","30.2",",Q,28,","519.3","Q","8.5",",Q","86.0",",,,Q","19.95",",Q","26.32",",,,Q","13.58",",,,Q"
"ZI000067789","1988-12","-17.033","30.85","1480.0","MVURWI, ZI","217.8","Q","61.5",",Q","12",",Q","8",",Q","1",",Q","0",",Q","0",",Q","0",",Q","25",",Q","0",",Q","19881208",",,Q","19881205",",,Q","19881225",",,Q","12.0",",Q,08,","29.0",",,Q,05,","30.5",",Q,25,","533.1","Q","13.8",",Q","94.8",",,,Q","19.87",",Q","24.67",",,,Q","15.08",",,,Q"
"ZI000067789","1989-01","-17.033","30.85","1480.0","MVURWI, ZI","270.7","Q","52.9",",Q","20",",Q","17",",Q","3",",Q","0",",Q","0",",Q","0",",Q","27",",Q","0",",Q","19890117",",,Q","19890104",",,Q","19890108",",,Q","13.4",",Q,17,","37.5",",,Q,04,","28.6",",Q,08,","3.2","Q","3.2",",Q","263.9",",,,Q","19.94",",Q","24.09",",,,Q","15.78",",,,Q"
"ZI000067789","1989-02","-17.033","30.85","1480.0","MVURWI, ZI","301.1","Q","30.4",",Q","25",",Q","20",",Q","5",",Q","0",",Q","0",",Q","0",",Q","19",",Q","0",",Q","19890228","+,,Q","19890222",",,Q","19890214","+,,Q","14.1",",Q,28,+","43.7",",,Q,22,","26.4",",Q,14,+","12.8","Q","9.6",",Q","390.8",",,,Q","19.07",",Q","22.50",",,,Q","15.64",",,,Q"
"ZI000067789","1989-03","-17.033","30.85","1480.0","MVURWI, ZI","346.9","Q","45.8",",Q","10",",Q","6",",Q","0",",Q","0",",Q","0",",Q","0",",Q","30",",Q","0",",Q","19890323",",,Q","19890301",",,Q","19890331",",,Q","12.4",",Q,23,","13.0",",,Q,01,","27.7",",Q,31,","14.3","Q","1.5",",Q","34.5",",,,Q","19.76",",Q","24.80",",,,Q","14.73",",,,Q"
"ZI000067789","1989-04","-17.033","30.85","1480.0","MVURWI, ZI","359.9","Q","13.0",",Q","3",",Q","0",",Q","0",",Q","0",",Q","0",",Q","0",",Q","30",",Q","0",",Q","19890412",",,Q","19890429",",,Q","19890422",",,Q","9.6",",Q,12,","0.9",",,Q,29,","26.9",",Q,22,","23.5","Q","9.2",",Q","1.7",",,,Q","18.46",",Q","24.39",",,,Q","12.53",",,,Q"
"ZI000067789","1989-05","-17.033","30.85","1480.0","MVURWI, ZI","359.9","Q","0.0",",Q","2",",Q","1",",Q","0",",Q","0",",Q","0",",Q","0",",Q","28",",Q","0",",Q","19890512",",,Q","19890501",",,Q","19890513",",,Q","7.1",",Q,12,","8.0",",,Q,01,","25.6",",Q,13,","94.7","Q","71.2",",Q","9.0",",,,Q","16.04",",Q","22.69",",,,Q","9.38",",,,Q"
"ZI000067789","1989-06","-17.033","30.85","1480.0","MVURWI, ZI","359.9","Q","0.0",",Q","0",",Q","0",",Q","0",",Q","0",",Q","0",",Q","0",",Q","14",",Q","0",",Q","19890616",",,Q","19890630","+,,Q","19890603",",,Q","3.6",",Q,16,","0.0",",,Q,30,+","24.8",",Q,03,","228.6","Q","133.9",",Q","0.0",",,,Q","13.87",",Q","20.65",",,,Q","7.09",",,,Q"
"ZI000067789","1989-07","-17.033","30.85","1480.0","MVURWI, ZI","0.0","Q","0.0",",Q","0",",Q","0",",Q","0",",Q","0",",Q","0",",Q","0",",Q","14",",Q","0",",Q","19890723","+,,Q","19890731","+,,Q","19890719",",,Q","3.7",",Q,23,+","0.0",",,Q,31,+","24.9",",Q,19,","378.3","Q","149.7",",Q","0.0",",,,Q","13.50",",Q","20.73",",,,Q","6.27",",,,Q"
"ZI000067789","1989-08","-17.033","30.85","1480.0","MVURWI, ZI","3.5","Q","3.5",",Q","0",",Q","0",",Q","0",",Q","0",",Q","0",",Q","0",",Q","22",",Q","0",",Q","19890806",",,Q","19890831","+,,Q","19890828",",,Q","4.6",",Q,06,","0.0",",,Q,31,+","27.9",",Q,28,","476.8","Q","98.5",",Q","0.0",",,,Q","15.27",",Q","22.59",",,,Q","7.95",",,,Q"
"ZI000067789","1989-09","-17.033","30.85","1480.0","MVURWI, ZI","40.6","Q","37.1",",Q","0",",Q","0",",Q","0",",Q","0",",Q","0",",Q","0",",Q","26",",Q","1",",Q","19890910",",,Q","19890930","+,,Q","19890919",",,Q","5.1",",Q,10,","0.0",",,Q,30,+","32.2",",Q,19,","513.0","Q","36.2",",Q","0.0",",,,Q","18.36",",Q","26.05",",,,Q","10.68",",,,Q"
"ZI000067789","1989-10","-17.033","30.85","1480.0","MVURWI, ZI","106.0","Q","65.4",",Q","2",",Q","2",",Q","0",",Q","0",",Q","0",",Q","0",",Q","28",",Q","0",",Q","19891015",",,Q","19891010",",,Q","19891004",",,Q","9.0",",Q,15,","4.5",",,Q,10,","32.0",",Q,04,","520.9","Q","7.9",",Q","7.4",",,,Q","20.19",",Q","27.10",",,,Q","13.28",",,,Q"
"ZI000067789","1989-11","-17.033","30.85","1480.0","MVURWI, ZI","201.5","Q","95.5",",Q","8",",Q","5",",Q","0",",Q","0",",Q","0",",Q","0",",Q","29",",Q","0",",Q","19891122",",,Q","19891118",",,Q","19891110",",,Q","12.2",",Q,22,","18.2",",,Q,18,","32.1",",Q,10,","523.8","Q","2.9",",Q","43.8",",,,Q","21.42",",Q","27.61",",,,Q","15.22",",,,Q"
"ZI000067789","1989-12","-17.033","30.85","1480.0","MVURWI, ZI","280.2","Q","78.7",",Q","17",",Q","11",",Q","2",",Q","0",",Q","0",",Q","0",",Q","30",",Q","0",",Q","19891212",",,Q","19891225",",,Q","19891221",",,Q","13.9",",Q,12,","55.5",",,Q,25,","31.3",",Q,21,","524.2","Q","0.4",",Q","213.6",",,,Q","20.86",",Q","25.87",",,,Q","15.85",",,,Q"
"ZI000067789","1990-01","-17.033","30.85","1480.0","MVURWI, ZI","340.8","","60.6",",Q","22",",Q","20",",Q","3",",Q","0",",Q","0",",Q","0",",Q","30",",Q","0",",Q","19900119",",,Q","19900119",",,Q","19900107",",,Q","14.0",",Q,19,","108.4",",,Q,19,","27.1",",Q,07,","1.6","","1.6",",Q","363.2",",,,Q","20.24",",Q","24.40",",,,Q","16.08",",,,Q"
"ZI000067789","1990-02","-17.033","30.85","1480.0","MVURWI, ZI","392.3","","51.5",",Q","18",",Q","10",",Q","0",",Q","0",",Q","0",",Q","0",",Q","27",",Q","0",",Q","19900228",",,Q","19900224",",,Q","19900220",",,Q","11.5",",Q,28,","19.5",",,Q,24,","28.8",",Q,20,","1.7","","0.1",",Q","112.3",",,,Q","20.17",",Q","25.02",",,,Q","15.31",",,,Q"
